# Taken from Murray et al PNAS(2003) 100 139904-9. Richardson group ("RNA backbone is rotameric")
# p gauche plus, m gauche minus
# t trans, e eclipsed
# 2 2'-endo pucker, 3 3'-endo pucker
# following keys are for sake of convenience, not used by original authors.
# x -140, y -110, z 110
# a 135, b -135, c 80
3epptp3 84 -150 60 65 180 55 84
3exptp3 84 -125 -140 65 180 55 84
3emptp3 84 -120 -100 70 180 55 84
2epptp3 147 -100 85 65 180 55 84
2etptp3 147 -120 175 65 180 55 84
2emptp3 147 -100 -100 65 180 55 84
3eppzt3 84 -150 60 65 110 180 84
2epptt3 147 -100 85 70 -170 180 84
3emttp3 84 -150 -75 165 165 55 84
2epttp3 147 -100 85 165 165 55 84
2etttp3 147 -120 175 165 165 55 84
2emttp3 147 -100 -70 165 165 55 84
3emtat3 84 -150 -75 170 135 175 84
3emttt3 84 -150 -75 155 -175 180 84
3etmtp3 84 -140 175 -65 175 55 84
3exmtp3 84 -125 -140 -65 175 55 84
3emmtp3 84 -150 -75 -65 175 55 84
2etmtp3 147 -120 175 -65 175 55 84
2emmtp3 147 -100 -70 -65 175 55 84
3emmbp3 84 -150 -75 -65 -135 55 84
3emyct3 84 -150 -75 -110 80 170 84
2emmtt3 147 -100 -70 -65 170 180 84
3epptp2 84 -150 60 65 180 55 147
3etptp2 84 -140 175 65 180 55 147
3exptp2 84 -125 -140 65 180 55 147
2epptp2 147 -100 85 65 180 55 147
2etptp2 147 -120 175 65 180 55 147
3eppzt2 84 -150 60 65 110 180 147
3exptm2 84 -125 -140 65 170 -60 147
3epttp2 84 -150 45 155 150 55 147
3emttp2 84 -150 -75 165 165 55 147
3emttt2 84 -165 -75 180 -175 180 147
3etmtp2 84 -140 175 -65 175 55 147
3exmtp2 84 -125 -140 -65 175 55 147
3emmtp2 84 -150 -100 -65 180 55 147
2epmtp2 147 -115 85 -85 175 55 147
2etmtp2 147 -120 175 -65 175 55 147
2emmtp2 147 -100 -70 -65 175 55 147
3emmbp2 84 -150 -75 -65 -135 55 147
2emmbp2 147 -100 -70 -65 -135 55 147
3emmtm2 84 -150 -75 -65 -160 -65 147
2emmtm2 147 -100 -70 -65 -160 -65 147
3xxxx13 80 -145 -64 -66 178 48 80
3xxxx23 80 -162 -76 152 -154 176 89
3xxxx33 89 -124 -69 -66 159 57 79
3xxxx43 79 -147 -59 162 95 177 85
3xxxx53 85 -131 -61 -68 168 53 77

