-180 -180 0.215902
-180 -175 0.124937
-180 -170 0.064453
-180 -165 0.030792
-180 -160 0.014983
-180 -155 0.007227
-180 -150 0.002885
-180 -145 0.000000
-180 -140 0.000000
-180 -135 0.000000
-180 -130 0.000000
-180 -125 0.000000
-180 -120 0.000730
-180 -115 0.001935
-180 -110 0.003711
-180 -105 0.005581
-180 -100 0.006587
-180 -95 0.006112
-180 -90 0.004464
-180 -85 0.002570
-180 -80 0.001168
-180 -75 0.000183
-180 -70 0.000000
-180 -65 0.000000
-180 -60 0.000000
-180 -55 0.000000
-180 -50 0.000000
-180 -45 0.000000
-180 -40 0.000000
-180 -35 0.000000
-180 -30 0.000000
-180 -25 0.000000
-180 -20 0.000000
-180 -15 0.000000
-180 -10 0.000000
-180 -5 0.000000
-180 0 0.000000
-180 5 0.000000
-180 10 0.000000
-180 15 0.000000
-180 20 0.000000
-180 25 0.000000
-180 30 0.000000
-180 35 0.000000
-180 40 0.000000
-180 45 0.000226
-180 50 0.000912
-180 55 0.001900
-180 60 0.003130
-180 65 0.004080
-180 70 0.004627
-180 75 0.006132
-180 80 0.008160
-180 85 0.011668
-180 90 0.015631
-180 95 0.017974
-180 100 0.017827
-180 105 0.017032
-180 110 0.020597
-180 115 0.028505
-180 120 0.042507
-180 125 0.064618
-180 130 0.100953
-180 135 0.163144
-180 140 0.252715
-180 145 0.373190
-180 150 0.498532
-180 155 0.587720
-180 160 0.614422
-180 165 0.570360
-180 170 0.471120
-180 175 0.340885
-175 -180 0.386937
-175 -175 0.225626
-175 -170 0.118891
-175 -165 0.058518
-175 -160 0.028355
-175 -155 0.013245
-175 -150 0.005270
-175 -145 0.000000
-175 -140 0.000000
-175 -135 0.000000
-175 -130 0.000000
-175 -125 0.000000
-175 -120 0.001643
-175 -115 0.004353
-175 -110 0.008350
-175 -105 0.012556
-175 -100 0.014821
-175 -95 0.013751
-175 -90 0.010043
-175 -85 0.005783
-175 -80 0.002629
-175 -75 0.000411
-175 -70 0.000000
-175 -65 0.000000
-175 -60 0.000000
-175 -55 0.000000
-175 -50 0.000000
-175 -45 0.000000
-175 -40 0.000000
-175 -35 0.000000
-175 -30 0.000000
-175 -25 0.000000
-175 -20 0.000000
-175 -15 0.000000
-175 -10 0.000000
-175 -5 0.000000
-175 0 0.000000
-175 5 0.000000
-175 10 0.000000
-175 15 0.000000
-175 20 0.000002
-175 25 0.000139
-175 30 0.000628
-175 35 0.001337
-175 40 0.002244
-175 45 0.003591
-175 50 0.006026
-175 55 0.008872
-175 60 0.012344
-175 65 0.015187
-175 70 0.016332
-175 75 0.017773
-175 80 0.019369
-175 85 0.024175
-175 90 0.031464
-175 95 0.037539
-175 100 0.041613
-175 105 0.044707
-175 110 0.053817
-175 115 0.070400
-175 120 0.096869
-175 125 0.142275
-175 130 0.213147
-175 135 0.331797
-175 140 0.497630
-175 145 0.711120
-175 150 0.927653
-175 155 1.078265
-175 160 1.115463
-175 165 1.026925
-175 170 0.841597
-175 175 0.608868
-170 -180 0.578763
-170 -175 0.340718
-170 -170 0.182453
-170 -165 0.091702
-170 -160 0.043611
-170 -155 0.019398
-170 -150 0.007692
-170 -145 0.000000
-170 -140 0.000000
-170 -135 0.000087
-170 -130 0.000321
-170 -125 0.000658
-170 -120 0.003979
-170 -115 0.009083
-170 -110 0.016186
-170 -105 0.023364
-170 -100 0.026968
-170 -95 0.024718
-170 -90 0.017906
-170 -85 0.010247
-170 -80 0.004658
-170 -75 0.000728
-170 -70 0.000000
-170 -65 0.000000
-170 -60 0.000000
-170 -55 0.000000
-170 -50 0.000000
-170 -45 0.000000
-170 -40 0.000000
-170 -35 0.000000
-170 -30 0.000000
-170 -25 0.000000
-170 -20 0.000000
-170 -15 0.000000
-170 -10 0.000000
-170 -5 0.000000
-170 0 0.000000
-170 5 0.000000
-170 10 0.000000
-170 15 0.000000
-170 20 0.000018
-170 25 0.001300
-170 30 0.004686
-170 35 0.009610
-170 40 0.015686
-170 45 0.021982
-170 50 0.028512
-170 55 0.034138
-170 60 0.040772
-170 65 0.046567
-170 70 0.048911
-170 75 0.050454
-170 80 0.051058
-170 85 0.057205
-170 90 0.069265
-170 95 0.080817
-170 100 0.091293
-170 105 0.099682
-170 110 0.114073
-170 115 0.138469
-170 120 0.177128
-170 125 0.250367
-170 130 0.364115
-170 135 0.550995
-170 140 0.806600
-170 145 1.122870
-170 150 1.433410
-170 155 1.642678
-170 160 1.680883
-170 165 1.534277
-170 170 1.249178
-170 175 0.904480
-165 -180 0.739853
-165 -175 0.436787
-165 -170 0.235056
-165 -165 0.119760
-165 -160 0.055630
-165 -155 0.023419
-165 -150 0.009233
-165 -145 0.000000
-165 -140 0.000037
-165 -135 0.000744
-165 -130 0.002376
-165 -125 0.004710
-165 -120 0.011466
-165 -115 0.019996
-165 -110 0.029775
-165 -105 0.038192
-165 -100 0.041063
-165 -95 0.036137
-165 -90 0.025434
-165 -85 0.014277
-165 -80 0.006490
-165 -75 0.001014
-165 -70 0.000000
-165 -65 0.000000
-165 -60 0.000000
-165 -55 0.000000
-165 -50 0.000000
-165 -45 0.000000
-165 -40 0.000000
-165 -35 0.000004
-165 -30 0.000483
-165 -25 0.001333
-165 -20 0.002577
-165 -15 0.003919
-165 -10 0.005212
-165 -5 0.005858
-165 0 0.006067
-165 5 0.006151
-165 10 0.006023
-165 15 0.005485
-165 20 0.005080
-165 25 0.008271
-165 30 0.016654
-165 35 0.028503
-165 40 0.042563
-165 45 0.055588
-165 50 0.067963
-165 55 0.078343
-165 60 0.092215
-165 65 0.106857
-165 70 0.114978
-165 75 0.118073
-165 80 0.115573
-165 85 0.118297
-165 90 0.130523
-165 95 0.144255
-165 100 0.161879
-165 105 0.177941
-165 110 0.199202
-165 115 0.232444
-165 120 0.283850
-165 125 0.387238
-165 130 0.547198
-165 135 0.801208
-165 140 1.140168
-165 145 1.542277
-165 150 1.920840
-165 155 2.165008
-165 160 2.188112
-165 165 1.977483
-165 170 1.596305
-165 175 1.152658
-160 -180 0.826680
-160 -175 0.490962
-160 -170 0.265810
-160 -165 0.137043
-160 -160 0.062183
-160 -155 0.024582
-160 -150 0.009381
-160 -145 0.000000
-160 -140 0.000220
-160 -135 0.002798
-160 -130 0.008119
-160 -125 0.015657
-160 -120 0.028431
-160 -115 0.040970
-160 -110 0.050813
-160 -105 0.055622
-160 -100 0.053261
-160 -95 0.043461
-160 -90 0.028816
-160 -85 0.015652
-160 -80 0.007175
-160 -75 0.001248
-160 -70 0.000200
-160 -65 0.000225
-160 -60 0.000198
-160 -55 0.000136
-160 -50 0.000072
-160 -45 0.000030
-160 -40 0.000000
-160 -35 0.000220
-160 -30 0.002288
-160 -25 0.005673
-160 -20 0.010439
-160 -15 0.015188
-160 -10 0.018881
-160 -5 0.020302
-160 0 0.020216
-160 5 0.020759
-160 10 0.021600
-160 15 0.021670
-160 20 0.021788
-160 25 0.028082
-160 30 0.043181
-160 35 0.064510
-160 40 0.090397
-160 45 0.115497
-160 50 0.138568
-160 55 0.158679
-160 60 0.184227
-160 65 0.211270
-160 70 0.226458
-160 75 0.229802
-160 80 0.220242
-160 85 0.212907
-160 90 0.217388
-160 95 0.226332
-160 100 0.245996
-160 105 0.266562
-160 110 0.292005
-160 115 0.330860
-160 120 0.392228
-160 125 0.521428
-160 130 0.720058
-160 135 1.020908
-160 140 1.407890
-160 145 1.843045
-160 150 2.231212
-160 155 2.466873
-160 160 2.461790
-160 165 2.205987
-160 170 1.770395
-160 175 1.278757
-155 -180 0.833615
-155 -175 0.501300
-155 -170 0.274265
-155 -165 0.142254
-155 -160 0.062866
-155 -155 0.023177
-155 -150 0.008446
-155 -145 0.000913
-155 -140 0.002353
-155 -135 0.008701
-155 -130 0.019975
-155 -125 0.034748
-155 -120 0.053852
-155 -115 0.068794
-155 -110 0.074849
-155 -105 0.071015
-155 -100 0.059553
-155 -95 0.043986
-155 -90 0.027175
-155 -85 0.015893
-155 -80 0.010859
-155 -75 0.008325
-155 -70 0.009189
-155 -65 0.009191
-155 -60 0.007344
-155 -55 0.004667
-155 -50 0.002296
-155 -45 0.000790
-155 -40 0.000000
-155 -35 0.000696
-155 -30 0.005515
-155 -25 0.013229
-155 -20 0.023897
-155 -15 0.034187
-155 -10 0.042248
-155 -5 0.046226
-155 0 0.047752
-155 5 0.051606
-155 10 0.055725
-155 15 0.056618
-155 20 0.055420
-155 25 0.062196
-155 30 0.082067
-155 35 0.113195
-155 40 0.154435
-155 45 0.200138
-155 50 0.245224
-155 55 0.289285
-155 60 0.338597
-155 65 0.385465
-155 70 0.408413
-155 75 0.405830
-155 80 0.377640
-155 85 0.345037
-155 90 0.324900
-155 95 0.314625
-155 100 0.323638
-155 105 0.341255
-155 110 0.366067
-155 115 0.406320
-155 120 0.474165
-155 125 0.618557
-155 130 0.839637
-155 135 1.160162
-155 140 1.555860
-155 145 1.973943
-155 150 2.321077
-155 155 2.511525
-155 160 2.470188
-155 165 2.194125
-155 170 1.755125
-155 175 1.273327
-150 -180 0.782295
-150 -175 0.481303
-150 -170 0.269453
-150 -165 0.140653
-150 -160 0.060993
-150 -155 0.021333
-150 -150 0.007196
-150 -145 0.002510
-150 -140 0.005979
-150 -135 0.017528
-150 -130 0.036244
-150 -125 0.059455
-150 -120 0.084757
-150 -115 0.100622
-150 -110 0.100358
-150 -105 0.085001
-150 -100 0.062742
-150 -95 0.042132
-150 -90 0.025457
-150 -85 0.019439
-150 -80 0.020850
-150 -75 0.023793
-150 -70 0.026698
-150 -65 0.025163
-150 -60 0.019442
-150 -55 0.012246
-150 -50 0.006254
-150 -45 0.002935
-150 -40 0.001342
-150 -35 0.002884
-150 -30 0.011413
-150 -25 0.024856
-150 -20 0.043634
-150 -15 0.061733
-150 -10 0.076572
-150 -5 0.085897
-150 0 0.092434
-150 5 0.104360
-150 10 0.116052
-150 15 0.120771
-150 20 0.118986
-150 25 0.123910
-150 30 0.143593
-150 35 0.179232
-150 40 0.231708
-150 45 0.299093
-150 50 0.372125
-150 55 0.450660
-150 60 0.532448
-150 65 0.603302
-150 70 0.633262
-150 75 0.619282
-150 80 0.563348
-150 85 0.492668
-150 90 0.431422
-150 95 0.386720
-150 100 0.370520
-150 105 0.376393
-150 110 0.397955
-150 115 0.440332
-150 120 0.516145
-150 125 0.668212
-150 130 0.895675
-150 135 1.210385
-150 140 1.581425
-150 145 1.948060
-150 150 2.226875
-150 155 2.354882
-150 160 2.277580
-150 165 2.003480
-150 170 1.600780
-150 175 1.172023
-145 -180 0.701632
-145 -175 0.445043
-145 -170 0.257410
-145 -165 0.135874
-145 -160 0.058721
-145 -155 0.020344
-145 -150 0.006351
-145 -145 0.004860
-145 -140 0.011234
-145 -135 0.028526
-145 -130 0.054177
-145 -125 0.084030
-145 -120 0.112564
-145 -115 0.126601
-145 -110 0.119826
-145 -105 0.095452
-145 -100 0.066735
-145 -95 0.046107
-145 -90 0.033580
-145 -85 0.035201
-145 -80 0.043591
-145 -75 0.051696
-145 -70 0.055459
-145 -65 0.050019
-145 -60 0.038562
-145 -55 0.025762
-145 -50 0.017197
-145 -45 0.014687
-145 -40 0.015647
-145 -35 0.020564
-145 -30 0.032851
-145 -25 0.050276
-145 -20 0.074615
-145 -15 0.098296
-145 -10 0.120700
-145 -5 0.138734
-145 0 0.157067
-145 5 0.185231
-145 10 0.211689
-145 15 0.225346
-145 20 0.222924
-145 25 0.219240
-145 30 0.226970
-145 35 0.253818
-145 40 0.306780
-145 45 0.391833
-145 50 0.495848
-145 55 0.618402
-145 60 0.739797
-145 65 0.837223
-145 70 0.872227
-145 75 0.838842
-145 80 0.743895
-145 85 0.622313
-145 90 0.506800
-145 95 0.418770
-145 100 0.370000
-145 105 0.362657
-145 110 0.383358
-145 115 0.431245
-145 120 0.516778
-145 125 0.670287
-145 130 0.891675
-145 135 1.184980
-145 140 1.515483
-145 145 1.821583
-145 150 2.030460
-145 155 2.098712
-145 160 1.992622
-145 165 1.734048
-145 170 1.385355
-145 175 1.026595
-140 -180 0.621740
-140 -175 0.407870
-140 -170 0.244350
-140 -165 0.131199
-140 -160 0.057956
-140 -155 0.021696
-140 -150 0.007757
-140 -145 0.009150
-140 -140 0.018825
-140 -135 0.041069
-140 -130 0.071215
-140 -125 0.103507
-140 -120 0.130019
-140 -115 0.138413
-140 -110 0.126304
-140 -105 0.098718
-140 -100 0.071451
-140 -95 0.057866
-140 -90 0.054144
-140 -85 0.064694
-140 -80 0.079177
-140 -75 0.091120
-140 -70 0.094290
-140 -65 0.082681
-140 -60 0.064273
-140 -55 0.045780
-140 -50 0.036663
-140 -45 0.038461
-140 -40 0.045747
-140 -35 0.055978
-140 -30 0.070553
-140 -25 0.088763
-140 -20 0.115793
-140 -15 0.143763
-140 -10 0.176789
-140 -5 0.209030
-140 0 0.246058
-140 5 0.294527
-140 10 0.336392
-140 15 0.357965
-140 20 0.351667
-140 25 0.333367
-140 30 0.321975
-140 35 0.331615
-140 40 0.375585
-140 45 0.467920
-140 50 0.594060
-140 55 0.752610
-140 60 0.904290
-140 65 1.019627
-140 70 1.055090
-140 75 1.000370
-140 80 0.867200
-140 85 0.698057
-140 90 0.532210
-140 95 0.405658
-140 100 0.328622
-140 105 0.312418
-140 110 0.337545
-140 115 0.395872
-140 120 0.494723
-140 125 0.649115
-140 130 0.859075
-140 135 1.122445
-140 140 1.404410
-140 145 1.649713
-140 150 1.796493
-140 155 1.817012
-140 160 1.695275
-140 165 1.463250
-140 170 1.174275
-140 175 0.884972
-135 -180 0.559773
-135 -175 0.373562
-135 -170 0.227897
-135 -165 0.124234
-135 -160 0.058396
-135 -155 0.026663
-135 -150 0.014278
-135 -145 0.017823
-135 -140 0.029290
-135 -135 0.052964
-135 -130 0.082703
-135 -125 0.112002
-135 -120 0.131508
-135 -115 0.131956
-135 -110 0.117233
-135 -105 0.093291
-135 -100 0.075709
-135 -95 0.075667
-135 -90 0.084128
-135 -85 0.101927
-135 -80 0.117934
-135 -75 0.128519
-135 -70 0.127705
-135 -65 0.109001
-135 -60 0.086459
-135 -55 0.066947
-135 -50 0.063232
-135 -45 0.074905
-135 -40 0.094015
-135 -35 0.113009
-135 -30 0.130182
-135 -25 0.146961
-135 -20 0.172782
-135 -15 0.202101
-135 -10 0.247057
-135 -5 0.297048
-135 0 0.358870
-135 5 0.429818
-135 10 0.485210
-135 15 0.510953
-135 20 0.495977
-135 25 0.457498
-135 30 0.421050
-135 35 0.405170
-135 40 0.428502
-135 45 0.507415
-135 50 0.631163
-135 55 0.798375
-135 60 0.957082
-135 65 1.077215
-135 70 1.114090
-135 75 1.050372
-135 80 0.899055
-135 85 0.706095
-135 90 0.513973
-135 95 0.367557
-135 100 0.276577
-135 105 0.257688
-135 110 0.288938
-135 115 0.356265
-135 120 0.465180
-135 125 0.617568
-135 130 0.812940
-135 135 1.045390
-135 140 1.282325
-135 145 1.479005
-135 150 1.585400
-135 155 1.581962
-135 160 1.463672
-135 165 1.263810
-135 170 1.024435
-135 175 0.783755
-130 -180 0.499830
-130 -175 0.332405
-130 -170 0.203074
-130 -165 0.112922
-130 -160 0.057902
-130 -155 0.032912
-130 -150 0.023342
-130 -145 0.027641
-130 -140 0.038795
-130 -135 0.060731
-130 -130 0.086994
-130 -125 0.111292
-130 -120 0.123548
-130 -115 0.117561
-130 -110 0.103436
-130 -105 0.087354
-130 -100 0.082951
-130 -95 0.097046
-130 -90 0.115867
-130 -85 0.135805
-130 -80 0.147231
-130 -75 0.151094
-130 -70 0.144483
-130 -65 0.121412
-130 -60 0.101052
-130 -55 0.088591
-130 -50 0.097979
-130 -45 0.124763
-130 -40 0.159552
-130 -35 0.188691
-130 -30 0.208390
-130 -25 0.222779
-130 -20 0.245916
-130 -15 0.278832
-130 -10 0.342255
-130 -5 0.419562
-130 0 0.516487
-130 5 0.611890
-130 10 0.673777
-130 15 0.690145
-130 20 0.652863
-130 25 0.583830
-130 30 0.515325
-130 35 0.467605
-130 40 0.459970
-130 45 0.502528
-130 50 0.593548
-130 55 0.733595
-130 60 0.870165
-130 65 0.980545
-130 70 1.022405
-130 75 0.970535
-130 80 0.833555
-130 85 0.653297
-130 90 0.470538
-130 95 0.330417
-130 100 0.244278
-130 105 0.229905
-130 110 0.267408
-130 115 0.341068
-130 120 0.455238
-130 125 0.602450
-130 130 0.781740
-130 135 0.984110
-130 140 1.181520
-130 145 1.339840
-130 150 1.419725
-130 155 1.405212
-130 160 1.295547
-130 165 1.120225
-130 170 0.913295
-130 175 0.700945
-125 -180 0.456035
-125 -175 0.295105
-125 -170 0.177932
-125 -165 0.102320
-125 -160 0.059439
-125 -155 0.041630
-125 -150 0.035257
-125 -145 0.039022
-125 -140 0.048178
-125 -135 0.066682
-125 -130 0.088860
-125 -125 0.109392
-125 -120 0.116977
-125 -115 0.107226
-125 -110 0.093844
-125 -105 0.083623
-125 -100 0.088557
-125 -95 0.110736
-125 -90 0.134086
-125 -85 0.150881
-125 -80 0.154171
-125 -75 0.149792
-125 -70 0.139062
-125 -65 0.117238
-125 -60 0.105540
-125 -55 0.106554
-125 -50 0.132993
-125 -45 0.176799
-125 -40 0.228869
-125 -35 0.270453
-125 -30 0.296945
-125 -25 0.313635
-125 -20 0.338253
-125 -15 0.383070
-125 -10 0.475435
-125 -5 0.593747
-125 0 0.736430
-125 5 0.856035
-125 10 0.911167
-125 15 0.894637
-125 20 0.813315
-125 25 0.698835
-125 30 0.589133
-125 35 0.504997
-125 40 0.460358
-125 45 0.453097
-125 50 0.491793
-125 55 0.579860
-125 60 0.673730
-125 65 0.761790
-125 70 0.807660
-125 75 0.781595
-125 80 0.685227
-125 85 0.550950
-125 90 0.411975
-125 95 0.305915
-125 100 0.244674
-125 105 0.242060
-125 110 0.285138
-125 115 0.362082
-125 120 0.478453
-125 125 0.622795
-125 130 0.792460
-125 135 0.976020
-125 140 1.147465
-125 145 1.279622
-125 150 1.344182
-125 155 1.325955
-125 160 1.225032
-125 165 1.061083
-125 170 0.863485
-125 175 0.654700
-120 -180 0.426695
-120 -175 0.269662
-120 -170 0.163741
-120 -165 0.100442
-120 -160 0.066081
-120 -155 0.051888
-120 -150 0.046585
-120 -145 0.048092
-120 -140 0.054128
-120 -135 0.068362
-120 -130 0.086151
-120 -125 0.103557
-120 -120 0.108724
-120 -115 0.098481
-120 -110 0.086390
-120 -105 0.079687
-120 -100 0.088413
-120 -95 0.110698
-120 -90 0.131701
-120 -85 0.142015
-120 -80 0.138416
-120 -75 0.130172
-120 -70 0.121409
-120 -65 0.109198
-120 -60 0.111524
-120 -55 0.128378
-120 -50 0.168994
-120 -45 0.223723
-120 -40 0.287738
-120 -35 0.341180
-120 -30 0.382182
-120 -25 0.414848
-120 -20 0.458687
-120 -15 0.537715
-120 -10 0.679115
-120 -5 0.857350
-120 0 1.055773
-120 5 1.196877
-120 10 1.228903
-120 15 1.151463
-120 20 0.998838
-120 25 0.817765
-120 30 0.652995
-120 35 0.527050
-120 40 0.443910
-120 45 0.388190
-120 50 0.373430
-120 55 0.404750
-120 60 0.450407
-120 65 0.508325
-120 70 0.551512
-120 75 0.552702
-120 80 0.507497
-120 85 0.437238
-120 90 0.362530
-120 95 0.308910
-120 100 0.284452
-120 105 0.297352
-120 110 0.344350
-120 115 0.420740
-120 120 0.534405
-120 125 0.674350
-120 130 0.837302
-120 135 1.011805
-120 140 1.171212
-120 145 1.289390
-120 150 1.346125
-120 155 1.323923
-120 160 1.222208
-120 165 1.052420
-120 170 0.846642
-120 175 0.629225
-115 -180 0.414388
-115 -175 0.255915
-115 -170 0.158621
-115 -165 0.103273
-115 -160 0.072552
-115 -155 0.057861
-115 -150 0.051371
-115 -145 0.049599
-115 -140 0.052694
-115 -135 0.063388
-115 -130 0.077759
-115 -125 0.092968
-115 -120 0.097751
-115 -115 0.089757
-115 -110 0.079409
-115 -105 0.074205
-115 -100 0.082051
-115 -95 0.098757
-115 -90 0.113689
-115 -85 0.118372
-115 -80 0.112917
-115 -75 0.107019
-115 -70 0.105126
-115 -65 0.106450
-115 -60 0.122548
-115 -55 0.152835
-115 -50 0.203035
-115 -45 0.265143
-115 -40 0.340575
-115 -35 0.411965
-115 -30 0.482260
-115 -25 0.554503
-115 -20 0.648590
-115 -15 0.802250
-115 -10 1.031357
-115 -5 1.301845
-115 0 1.567638
-115 5 1.717793
-115 10 1.692080
-115 15 1.507238
-115 20 1.240952
-115 25 0.963758
-115 30 0.724445
-115 35 0.549725
-115 40 0.427300
-115 45 0.330542
-115 50 0.273350
-115 55 0.260305
-115 60 0.270125
-115 65 0.303860
-115 70 0.343533
-115 75 0.368727
-115 80 0.371237
-115 85 0.363585
-115 90 0.353913
-115 95 0.356112
-115 100 0.370430
-115 105 0.398197
-115 110 0.446725
-115 115 0.519782
-115 120 0.629808
-115 125 0.769502
-115 130 0.935665
-115 135 1.119992
-115 140 1.292617
-115 145 1.422823
-115 150 1.489098
-115 155 1.463475
-115 160 1.341142
-115 165 1.131310
-115 170 0.882968
-115 175 0.633413
-110 -180 0.431230
-110 -175 0.260577
-110 -170 0.164950
-110 -165 0.111317
-110 -160 0.078356
-110 -155 0.058621
-110 -150 0.047911
-110 -145 0.041730
-110 -140 0.042432
-110 -135 0.051027
-110 -130 0.063690
-110 -125 0.078319
-110 -120 0.085069
-110 -115 0.081754
-110 -110 0.074151
-110 -105 0.070070
-110 -100 0.075524
-110 -95 0.085423
-110 -90 0.094187
-110 -85 0.095796
-110 -80 0.092506
-110 -75 0.092720
-110 -70 0.099418
-110 -65 0.114395
-110 -60 0.141887
-110 -55 0.181264
-110 -50 0.237350
-110 -45 0.307828
-110 -40 0.402028
-110 -35 0.508238
-110 -30 0.637245
-110 -25 0.790428
-110 -20 0.984677
-110 -15 1.267255
-110 -10 1.629998
-110 -5 2.015868
-110 0 2.338600
-110 5 2.461313
-110 10 2.325380
-110 15 1.977898
-110 20 1.551988
-110 25 1.148178
-110 30 0.815463
-110 35 0.583618
-110 40 0.422992
-110 45 0.297618
-110 50 0.216309
-110 55 0.180264
-110 60 0.173096
-110 65 0.194000
-110 70 0.232267
-110 75 0.275722
-110 80 0.315915
-110 85 0.358703
-110 90 0.402150
-110 95 0.452515
-110 100 0.500275
-110 105 0.539133
-110 110 0.585547
-110 115 0.649095
-110 120 0.752997
-110 125 0.898628
-110 130 1.084590
-110 135 1.306135
-110 140 1.524950
-110 145 1.700105
-110 150 1.796495
-110 155 1.768885
-110 160 1.607947
-110 165 1.325000
-110 170 0.996938
-110 175 0.685763
-105 -180 0.486138
-105 -175 0.284948
-105 -170 0.181529
-105 -165 0.124529
-105 -160 0.086053
-105 -155 0.058825
-105 -150 0.041527
-105 -145 0.030422
-105 -140 0.029030
-105 -135 0.036221
-105 -130 0.047666
-105 -125 0.061056
-105 -120 0.068770
-105 -115 0.069301
-105 -110 0.064789
-105 -105 0.062981
-105 -100 0.067891
-105 -95 0.074176
-105 -90 0.080593
-105 -85 0.083852
-105 -80 0.086993
-105 -75 0.097056
-105 -70 0.114663
-105 -65 0.143403
-105 -60 0.182280
-105 -55 0.230547
-105 -50 0.295653
-105 -45 0.382710
-105 -40 0.510748
-105 -35 0.679013
-105 -30 0.912585
-105 -25 1.217037
-105 -20 1.599763
-105 -15 2.098482
-105 -10 2.653150
-105 -5 3.155350
-105 0 3.471225
-105 5 3.462350
-105 10 3.106825
-105 15 2.510225
-105 20 1.870557
-105 25 1.318603
-105 30 0.892165
-105 35 0.614143
-105 40 0.432822
-105 45 0.304902
-105 50 0.231109
-105 55 0.205906
-105 60 0.211312
-105 65 0.237908
-105 70 0.276970
-105 75 0.323887
-105 80 0.376032
-105 85 0.439450
-105 90 0.509215
-105 95 0.588098
-105 100 0.656228
-105 105 0.699460
-105 110 0.739067
-105 115 0.788375
-105 120 0.889130
-105 125 1.056072
-105 130 1.291025
-105 135 1.592660
-105 140 1.908260
-105 145 2.175035
-105 150 2.328712
-105 155 2.301567
-105 160 2.078605
-105 165 1.679810
-105 170 1.222220
-105 175 0.806837
-100 -180 0.578430
-100 -175 0.322225
-100 -170 0.198793
-100 -165 0.135789
-100 -160 0.092888
-100 -155 0.059815
-100 -150 0.036323
-100 -145 0.021141
-100 -140 0.017271
-100 -135 0.022227
-100 -130 0.031561
-100 -125 0.042325
-100 -120 0.049421
-100 -115 0.052173
-100 -110 0.050510
-100 -105 0.051379
-100 -100 0.057360
-100 -95 0.063674
-100 -90 0.071833
-100 -85 0.080407
-100 -80 0.091359
-100 -75 0.110443
-100 -70 0.137272
-100 -65 0.176914
-100 -60 0.227291
-100 -55 0.288735
-100 -50 0.374570
-100 -45 0.499178
-100 -40 0.692593
-100 -35 0.969573
-100 -30 1.374250
-100 -25 1.916770
-100 -20 2.579675
-100 -15 3.364925
-100 -10 4.130350
-100 -5 4.693275
-100 0 4.883300
-100 5 4.601975
-100 10 3.907500
-100 15 2.988375
-100 20 2.106482
-100 25 1.413650
-100 30 0.918015
-100 35 0.622202
-100 40 0.448680
-100 45 0.346050
-100 50 0.307595
-100 55 0.319555
-100 60 0.360442
-100 65 0.408025
-100 70 0.452932
-100 75 0.497565
-100 80 0.548850
-100 85 0.612903
-100 90 0.684590
-100 95 0.764818
-100 100 0.829817
-100 105 0.860890
-100 110 0.889087
-100 115 0.932200
-100 120 1.054737
-100 125 1.285285
-100 130 1.625205
-100 135 2.070163
-100 140 2.543250
-100 145 2.948150
-100 150 3.177900
-100 155 3.137925
-100 160 2.811350
-100 165 2.237315
-100 170 1.584152
-100 175 1.007210
-95 -180 0.718910
-95 -175 0.376165
-95 -170 0.215743
-95 -165 0.142062
-95 -160 0.096077
-95 -155 0.060459
-95 -150 0.033062
-95 -145 0.015793
-95 -140 0.009312
-95 -135 0.010866
-95 -130 0.017011
-95 -125 0.024070
-95 -120 0.029308
-95 -115 0.032653
-95 -110 0.033208
-95 -105 0.036460
-95 -100 0.044176
-95 -95 0.052635
-95 -90 0.064061
-95 -85 0.077617
-95 -80 0.093627
-95 -75 0.117741
-95 -70 0.151995
-95 -65 0.203943
-95 -60 0.277247
-95 -55 0.374872
-95 -50 0.518080
-95 -45 0.727365
-95 -40 1.041643
-95 -35 1.489000
-95 -30 2.132948
-95 -25 2.982975
-95 -20 3.978250
-95 -15 5.054425
-95 -10 5.965925
-95 -5 6.456125
-95 0 6.356875
-95 5 5.659575
-95 10 4.541100
-95 15 3.278300
-95 20 2.176262
-95 25 1.383023
-95 30 0.859382
-95 35 0.579260
-95 40 0.442227
-95 45 0.389790
-95 50 0.410577
-95 55 0.483218
-95 60 0.580350
-95 65 0.665398
-95 70 0.724165
-95 75 0.763740
-95 80 0.802228
-95 85 0.846280
-95 90 0.895955
-95 95 0.950810
-95 100 0.989438
-95 105 0.994370
-95 110 1.010522
-95 115 1.065965
-95 120 1.249590
-95 125 1.602290
-95 130 2.124652
-95 135 2.800675
-95 140 3.515325
-95 145 4.123525
-95 150 4.458475
-95 155 4.388775
-95 160 3.897775
-95 165 3.063525
-95 170 2.126052
-95 175 1.310535
-90 -180 0.888240
-90 -175 0.438340
-90 -170 0.231640
-90 -165 0.144100
-90 -160 0.095421
-90 -155 0.059896
-90 -150 0.031136
-90 -145 0.013627
-90 -140 0.005350
-90 -135 0.003893
-90 -130 0.007665
-90 -125 0.011886
-90 -120 0.015260
-90 -115 0.017835
-90 -110 0.018904
-90 -105 0.022461
-90 -100 0.030074
-90 -95 0.039188
-90 -90 0.051748
-90 -85 0.067025
-90 -80 0.084127
-90 -75 0.109580
-90 -70 0.149562
-90 -65 0.216064
-90 -60 0.325392
-90 -55 0.489237
-90 -50 0.738028
-90 -45 1.099705
-90 -40 1.619225
-90 -35 2.330653
-90 -30 3.302600
-90 -25 4.519100
-90 -20 5.844900
-90 -15 7.115100
-90 -10 7.986250
-90 -5 8.176750
-90 0 7.588975
-90 5 6.358825
-90 10 4.799450
-90 15 3.251775
-90 20 2.018390
-90 25 1.204338
-90 30 0.712688
-90 35 0.485130
-90 40 0.406460
-90 45 0.418780
-90 50 0.508300
-90 55 0.647880
-90 60 0.804545
-90 65 0.927900
-90 70 0.998320
-90 75 1.028470
-90 80 1.046472
-90 85 1.059390
-90 90 1.073330
-90 95 1.087228
-90 100 1.087403
-90 105 1.065438
-90 110 1.083813
-90 115 1.186705
-90 120 1.484150
-90 125 2.028215
-90 130 2.825675
-90 135 3.840250
-90 140 4.902900
-90 145 5.791425
-90 150 6.254625
-90 155 6.111575
-90 160 5.354875
-90 165 4.140275
-90 170 2.814925
-90 175 1.685155
-85 -180 1.049928
-85 -175 0.494813
-85 -170 0.244682
-85 -165 0.143424
-85 -160 0.092002
-85 -155 0.058135
-85 -150 0.030703
-85 -145 0.014660
-85 -140 0.005613
-85 -135 0.001730
-85 -130 0.003407
-85 -125 0.005283
-85 -120 0.006826
-85 -115 0.008154
-85 -110 0.008891
-85 -105 0.011544
-85 -100 0.017422
-85 -95 0.024978
-85 -90 0.035549
-85 -85 0.049030
-85 -80 0.064894
-85 -75 0.090673
-85 -70 0.137971
-85 -65 0.225135
-85 -60 0.389385
-85 -55 0.661643
-85 -50 1.091797
-85 -45 1.721092
-85 -40 2.595525
-85 -35 3.728400
-85 -30 5.140075
-85 -25 6.730800
-85 -20 8.255325
-85 -15 9.441925
-85 -10 9.920875
-85 -5 9.496450
-85 0 8.234825
-85 5 6.444150
-85 10 4.541600
-85 15 2.867300
-85 20 1.652678
-85 25 0.920145
-85 30 0.520200
-85 35 0.369328
-85 40 0.352265
-85 45 0.421242
-85 50 0.562105
-85 55 0.747417
-85 60 0.943030
-85 65 1.089880
-85 70 1.166450
-85 75 1.188342
-85 80 1.186705
-85 85 1.167785
-85 90 1.144322
-85 95 1.118038
-85 100 1.085478
-85 105 1.053640
-85 110 1.102048
-85 115 1.302393
-85 120 1.790428
-85 125 2.636550
-85 130 3.852000
-85 135 5.350375
-85 140 6.866500
-85 145 8.057050
-85 150 8.579175
-85 155 8.228850
-85 160 7.049250
-85 165 5.325425
-85 170 3.535075
-85 175 2.057615
-80 -180 1.133495
-80 -175 0.510875
-80 -170 0.239798
-80 -165 0.132379
-80 -160 0.080222
-80 -155 0.049855
-80 -150 0.026397
-80 -145 0.013308
-80 -140 0.005022
-80 -135 0.000203
-80 -130 0.000399
-80 -125 0.000618
-80 -120 0.000875
-80 -115 0.001355
-80 -110 0.001904
-80 -105 0.003667
-80 -100 0.007420
-80 -95 0.012445
-80 -90 0.019590
-80 -85 0.029814
-80 -80 0.044025
-80 -75 0.070439
-80 -70 0.127834
-80 -65 0.246208
-80 -60 0.497308
-80 -55 0.941655
-80 -50 1.663847
-80 -45 2.722075
-80 -40 4.135375
-80 -35 5.845350
-80 -30 7.746850
-80 -25 9.589025
-80 -20 11.010100
-80 -15 11.689250
-80 -10 11.370925
-80 -5 10.071675
-80 0 8.083200
-80 5 5.856850
-80 10 3.821575
-80 15 2.230225
-80 20 1.186620
-80 25 0.614665
-80 30 0.337597
-80 35 0.263205
-80 40 0.291475
-80 45 0.389480
-80 50 0.544015
-80 55 0.732885
-80 60 0.927225
-80 65 1.070890
-80 70 1.146050
-80 75 1.166142
-80 80 1.155793
-80 85 1.117723
-80 90 1.070528
-80 95 1.021995
-80 100 0.981505
-80 105 0.973465
-80 110 1.089905
-80 115 1.440883
-80 120 2.195685
-80 125 3.445300
-80 130 5.198725
-80 135 7.278875
-80 140 9.280950
-80 145 10.703625
-80 150 11.132325
-80 155 10.394950
-80 160 8.642700
-80 165 6.334000
-80 170 4.079900
-80 175 2.298105
-75 -180 1.106345
-75 -175 0.473892
-75 -170 0.211603
-75 -165 0.108855
-75 -160 0.060255
-75 -155 0.035698
-75 -150 0.018688
-75 -145 0.009814
-75 -140 0.003860
-75 -135 0.000000
-75 -130 0.000000
-75 -125 0.000000
-75 -120 0.000000
-75 -115 0.000000
-75 -110 0.000000
-75 -105 0.000658
-75 -100 0.002619
-75 -95 0.005573
-75 -90 0.010175
-75 -85 0.018481
-75 -80 0.031734
-75 -75 0.058371
-75 -70 0.127146
-75 -65 0.285485
-75 -60 0.653312
-75 -55 1.334180
-75 -50 2.464443
-75 -45 4.105775
-75 -40 6.207500
-75 -35 8.574550
-75 -30 10.895300
-75 -25 12.736300
-75 -20 13.668100
-75 -15 13.434150
-75 -10 12.037325
-75 -5 9.786550
-75 0 7.197000
-75 5 4.772950
-75 10 2.845075
-75 15 1.514903
-75 20 0.736712
-75 25 0.354420
-75 30 0.196609
-75 35 0.180600
-75 40 0.230815
-75 45 0.326910
-75 50 0.457415
-75 55 0.608800
-75 60 0.762825
-75 65 0.877355
-75 70 0.942495
-75 75 0.965155
-75 80 0.957732
-75 85 0.918595
-75 90 0.869725
-75 95 0.824788
-75 100 0.805517
-75 105 0.853230
-75 110 1.070903
-75 115 1.619020
-75 120 2.709000
-75 125 4.444025
-75 130 6.799250
-75 135 9.455425
-75 140 11.839725
-75 145 13.294000
-75 150 13.398100
-75 155 12.098625
-75 160 9.713525
-75 165 6.874175
-75 170 4.278900
-75 175 2.324840
-70 -180 0.958718
-70 -175 0.386273
-70 -170 0.164620
-70 -165 0.079242
-70 -160 0.039505
-70 -155 0.021735
-70 -150 0.011027
-70 -145 0.005859
-70 -140 0.002379
-70 -135 0.000000
-70 -130 0.000000
-70 -125 0.000000
-70 -120 0.000000
-70 -115 0.000000
-70 -110 0.000000
-70 -105 0.000680
-70 -100 0.002613
-70 -95 0.005402
-70 -90 0.009581
-70 -85 0.017828
-70 -80 0.030452
-70 -75 0.057535
-70 -70 0.140744
-70 -65 0.353318
-70 -60 0.868885
-70 -55 1.830268
-70 -50 3.423575
-70 -45 5.686500
-70 -40 8.455400
-70 -35 11.363400
-70 -30 13.874200
-70 -25 15.402875
-70 -20 15.534775
-70 -15 14.193375
-70 -10 11.725300
-70 -5 8.713750
-70 0 5.816175
-70 5 3.481575
-70 10 1.861075
-70 15 0.887587
-70 20 0.390265
-70 25 0.176537
-70 30 0.108462
-70 35 0.123568
-70 40 0.173607
-70 45 0.246437
-70 50 0.332825
-70 55 0.427265
-70 60 0.522705
-70 65 0.595503
-70 70 0.643277
-70 75 0.665802
-70 80 0.664735
-70 85 0.635302
-70 90 0.599155
-70 95 0.573648
-70 100 0.591808
-70 105 0.709087
-70 110 1.040602
-70 115 1.797495
-70 120 3.228725
-70 125 5.436300
-70 130 8.320200
-70 135 11.393700
-70 140 13.922900
-70 145 15.140650
-70 150 14.709250
-70 155 12.776250
-70 160 9.857975
-70 165 6.705750
-70 170 4.013575
-70 175 2.095365
-65 -180 0.720810
-65 -175 0.267973
-65 -170 0.108409
-65 -165 0.048755
-65 -160 0.021856
-65 -155 0.011005
-65 -150 0.005373
-65 -145 0.002855
-65 -140 0.001159
-65 -135 0.000000
-65 -130 0.000000
-65 -125 0.000000
-65 -120 0.000000
-65 -115 0.000000
-65 -110 0.000000
-65 -105 0.001063
-65 -100 0.004018
-65 -95 0.008286
-65 -90 0.014299
-65 -85 0.024158
-65 -80 0.036171
-65 -75 0.063008
-65 -70 0.159656
-65 -65 0.427703
-65 -60 1.089297
-65 -55 2.313388
-65 -50 4.317750
-65 -45 7.075975
-65 -40 10.282225
-65 -35 13.398800
-65 -30 15.719625
-65 -25 16.620550
-65 -20 15.822575
-65 -15 13.512475
-65 -10 10.344575
-65 -5 7.040425
-65 0 4.252125
-65 5 2.273980
-65 10 1.065555
-65 15 0.440607
-65 20 0.169814
-65 25 0.074573
-65 30 0.060077
-65 35 0.086263
-65 40 0.125213
-65 45 0.169641
-65 50 0.213049
-65 55 0.255422
-65 60 0.298387
-65 65 0.332850
-65 70 0.361247
-65 75 0.379167
-65 80 0.382227
-65 85 0.365075
-65 90 0.345782
-65 95 0.341400
-65 100 0.391920
-65 105 0.563680
-65 110 0.991838
-65 115 1.921102
-65 120 3.613750
-65 125 6.140300
-65 130 9.292700
-65 135 12.437325
-65 140 14.753525
-65 145 15.480550
-65 150 14.447650
-65 155 12.022025
-65 160 8.877825
-65 165 5.777375
-65 170 3.306150
-65 175 1.648945
-60 -180 0.464752
-60 -175 0.155513
-60 -170 0.057890
-60 -165 0.023144
-60 -160 0.008543
-60 -155 0.003455
-60 -150 0.001463
-60 -145 0.000778
-60 -140 0.000316
-60 -135 0.000000
-60 -130 0.000000
-60 -125 0.000000
-60 -120 0.000000
-60 -115 0.000000
-60 -110 0.000000
-60 -105 0.001725
-60 -100 0.006519
-60 -95 0.013443
-60 -90 0.022614
-60 -85 0.034191
-60 -80 0.044475
-60 -75 0.069544
-60 -70 0.174006
-60 -65 0.483792
-60 -60 1.244835
-60 -55 2.626875
-60 -50 4.839275
-60 -45 7.759000
-60 -40 10.956125
-60 -35 13.790400
-60 -30 15.523325
-60 -25 15.640100
-60 -20 14.083100
-60 -15 11.282000
-60 -10 8.038200
-60 -5 5.020950
-60 0 2.741850
-60 5 1.301580
-60 10 0.524083
-60 15 0.182272
-60 20 0.060902
-60 25 0.029749
-60 30 0.035020
-60 35 0.056194
-60 40 0.080089
-60 45 0.100837
-60 50 0.114354
-60 55 0.123112
-60 60 0.132279
-60 65 0.141791
-60 70 0.156067
-60 75 0.169602
-60 80 0.176581
-60 85 0.171544
-60 90 0.166932
-60 95 0.176401
-60 100 0.242323
-60 105 0.436650
-60 110 0.915755
-60 115 1.923590
-60 120 3.696750
-60 125 6.246575
-60 130 9.263425
-60 135 12.047325
-60 140 13.816300
-60 145 13.954275
-60 150 12.486525
-60 155 9.926175
-60 160 6.993000
-60 165 4.336800
-60 170 2.361320
-60 175 1.118875
-55 -180 0.255400
-55 -175 0.075526
-55 -170 0.025585
-55 -165 0.008623
-55 -160 0.002256
-55 -155 0.000410
-55 -150 0.000000
-55 -145 0.000000
-55 -140 0.000000
-55 -135 0.000000
-55 -130 0.000000
-55 -125 0.000000
-55 -120 0.000000
-55 -115 0.000000
-55 -110 0.000000
-55 -105 0.002213
-55 -100 0.008366
-55 -95 0.017252
-55 -90 0.028606
-55 -85 0.040340
-55 -80 0.048102
-55 -75 0.070965
-55 -70 0.174436
-55 -65 0.495785
-55 -60 1.267622
-55 -55 2.630175
-55 -50 4.740200
-55 -45 7.382850
-55 -40 10.077875
-55 -35 12.204250
-55 -30 13.150400
-55 -25 12.617425
-55 -20 10.754875
-55 -15 8.102450
-55 -10 5.395275
-55 -5 3.104825
-55 0 1.540385
-55 5 0.650722
-55 10 0.222336
-55 15 0.063008
-55 20 0.017922
-55 25 0.011261
-55 30 0.018259
-55 35 0.030554
-55 40 0.042520
-55 45 0.049895
-55 50 0.050743
-55 55 0.047196
-55 60 0.043793
-55 65 0.043256
-55 70 0.048570
-55 75 0.055493
-55 80 0.060019
-55 85 0.059214
-55 90 0.061924
-55 95 0.076658
-55 100 0.141882
-55 105 0.326395
-55 110 0.793542
-55 115 1.748800
-55 120 3.368500
-55 125 5.601625
-55 130 8.087550
-55 135 10.175000
-55 140 11.244975
-55 145 10.910700
-55 150 9.348350
-55 155 7.084850
-55 160 4.749850
-55 165 2.798225
-55 170 1.443260
-55 175 0.646957
-50 -180 0.110899
-50 -175 0.026234
-50 -170 0.007272
-50 -165 0.001662
-50 -160 0.000275
-50 -155 0.000000
-50 -150 0.000000
-50 -145 0.000000
-50 -140 0.000000
-50 -135 0.000000
-50 -130 0.000000
-50 -125 0.000000
-50 -120 0.000000
-50 -115 0.000000
-50 -110 0.000000
-50 -105 0.002247
-50 -100 0.008492
-50 -95 0.017512
-50 -90 0.028810
-50 -85 0.038998
-50 -80 0.044295
-50 -75 0.065167
-50 -70 0.158211
-50 -65 0.451927
-50 -60 1.130138
-50 -55 2.283507
-50 -50 3.993975
-50 -45 6.008175
-50 -40 7.894575
-50 -35 9.166850
-50 -30 9.431275
-50 -25 8.603550
-50 -20 6.933525
-50 -15 4.909900
-50 -10 3.058400
-50 -5 1.622060
-50 0 0.734248
-50 5 0.278125
-50 10 0.080527
-50 15 0.018421
-50 20 0.004361
-50 25 0.004147
-50 30 0.008264
-50 35 0.013791
-50 40 0.018613
-50 45 0.020694
-50 50 0.019223
-50 55 0.015227
-50 60 0.011243
-50 65 0.008777
-50 70 0.009187
-50 75 0.010871
-50 80 0.012604
-50 85 0.013157
-50 90 0.018648
-50 95 0.032472
-50 100 0.086105
-50 105 0.236559
-50 110 0.633252
-50 115 1.418500
-50 120 2.696100
-50 125 4.378100
-50 130 6.123500
-50 135 7.423050
-50 140 7.876975
-50 145 7.318525
-50 150 5.984200
-50 155 4.300525
-50 160 2.725075
-50 165 1.511218
-50 170 0.727335
-50 175 0.302190
-45 -180 0.037209
-45 -175 0.006659
-45 -170 0.001358
-45 -165 0.000032
-45 -160 0.000000
-45 -155 0.000000
-45 -150 0.000000
-45 -145 0.000000
-45 -140 0.000000
-45 -135 0.000000
-45 -130 0.000000
-45 -125 0.000000
-45 -120 0.000000
-45 -115 0.000000
-45 -110 0.000000
-45 -105 0.001803
-45 -100 0.006816
-45 -95 0.014055
-45 -90 0.023023
-45 -85 0.030456
-45 -80 0.034275
-45 -75 0.053823
-45 -70 0.130928
-45 -65 0.366805
-45 -60 0.881355
-45 -55 1.714432
-45 -50 2.883875
-45 -45 4.161550
-45 -40 5.232675
-45 -35 5.791950
-45 -30 5.654825
-45 -25 4.871575
-45 -20 3.680375
-45 -15 2.423857
-45 -10 1.395478
-45 -5 0.668797
-45 0 0.271010
-45 5 0.090343
-45 10 0.021262
-45 15 0.003783
-45 20 0.000764
-45 25 0.001575
-45 30 0.003316
-45 35 0.005334
-45 40 0.006875
-45 45 0.007200
-45 50 0.006179
-45 55 0.004374
-45 60 0.002766
-45 65 0.001769
-45 70 0.001827
-45 75 0.002383
-45 80 0.002966
-45 85 0.003181
-45 90 0.008619
-45 95 0.019355
-45 100 0.058362
-45 105 0.164807
-45 110 0.455058
-45 115 1.008403
-45 120 1.870350
-45 125 2.950775
-45 130 3.982750
-45 135 4.631450
-45 140 4.692425
-45 145 4.147225
-45 150 3.211575
-45 155 2.164035
-45 160 1.279160
-45 165 0.657822
-45 170 0.288857
-45 175 0.108916
-40 -180 0.008019
-40 -175 0.000992
-40 -170 0.000289
-40 -165 0.000000
-40 -160 0.000000
-40 -155 0.000000
-40 -150 0.000000
-40 -145 0.000000
-40 -140 0.000000
-40 -135 0.000000
-40 -130 0.000000
-40 -125 0.000000
-40 -120 0.000000
-40 -115 0.000000
-40 -110 0.000000
-40 -105 0.001143
-40 -100 0.004321
-40 -95 0.008911
-40 -90 0.014530
-40 -85 0.018741
-40 -80 0.021049
-40 -75 0.037157
-40 -70 0.093469
-40 -65 0.256547
-40 -60 0.589100
-40 -55 1.095595
-40 -50 1.756637
-40 -45 2.409772
-40 -40 2.869450
-40 -35 2.989725
-40 -30 2.727325
-40 -25 2.176045
-40 -20 1.500965
-40 -15 0.886820
-40 -10 0.450980
-40 -5 0.180704
-40 0 0.059810
-40 5 0.016229
-40 10 0.002931
-40 15 0.000466
-40 20 0.000022
-40 25 0.000031
-40 30 0.000060
-40 35 0.000091
-40 40 0.000109
-40 45 0.000103
-40 50 0.000077
-40 55 0.000046
-40 60 0.000021
-40 65 0.000004
-40 70 0.000000
-40 75 0.000000
-40 80 0.000000
-40 85 0.000107
-40 90 0.005513
-40 95 0.014459
-40 100 0.042227
-40 105 0.109685
-40 110 0.292332
-40 115 0.621043
-40 120 1.105463
-40 125 1.675197
-40 130 2.161860
-40 135 2.387220
-40 140 2.282792
-40 145 1.894742
-40 150 1.371727
-40 155 0.850557
-40 160 0.459150
-40 165 0.213248
-40 170 0.081412
-40 175 0.025816
-35 -180 0.000872
-35 -175 0.000007
-35 -170 0.000000
-35 -165 0.000000
-35 -160 0.000000
-35 -155 0.000000
-35 -150 0.000000
-35 -145 0.000000
-35 -140 0.000000
-35 -135 0.000000
-35 -130 0.000000
-35 -125 0.000000
-35 -120 0.000000
-35 -115 0.000000
-35 -110 0.000000
-35 -105 0.000572
-35 -100 0.002161
-35 -95 0.004457
-35 -90 0.007268
-35 -85 0.009375
-35 -80 0.010986
-35 -75 0.022715
-35 -70 0.058553
-35 -65 0.153513
-35 -60 0.330717
-35 -55 0.580545
-35 -50 0.874995
-35 -45 1.122857
-35 -40 1.243488
-35 -35 1.193312
-35 -30 0.988703
-35 -25 0.705130
-35 -20 0.423357
-35 -15 0.210335
-35 -10 0.086766
-35 -5 0.023469
-35 0 0.005402
-35 5 0.001282
-35 10 0.000081
-35 15 0.000000
-35 20 0.000000
-35 25 0.000000
-35 30 0.000000
-35 35 0.000000
-35 40 0.000000
-35 45 0.000000
-35 50 0.000000
-35 55 0.000000
-35 60 0.000000
-35 65 0.000000
-35 70 0.000000
-35 75 0.000000
-35 80 0.000000
-35 85 0.000086
-35 90 0.004445
-35 95 0.010934
-35 100 0.028452
-35 105 0.065290
-35 110 0.161335
-35 115 0.323025
-35 120 0.546415
-35 125 0.790730
-35 130 0.969172
-35 135 1.005353
-35 140 0.893100
-35 145 0.680507
-35 150 0.447605
-35 155 0.243935
-35 160 0.114160
-35 165 0.045744
-35 170 0.013526
-35 175 0.002892
-30 -180 0.000000
-30 -175 0.000000
-30 -170 0.000000
-30 -165 0.000000
-30 -160 0.000000
-30 -155 0.000000
-30 -150 0.000000
-30 -145 0.000000
-30 -140 0.000000
-30 -135 0.000000
-30 -130 0.000000
-30 -125 0.000000
-30 -120 0.000000
-30 -115 0.000000
-30 -110 0.000000
-30 -105 0.000180
-30 -100 0.000679
-30 -95 0.001400
-30 -90 0.002282
-30 -85 0.002944
-30 -80 0.003844
-30 -75 0.011047
-30 -70 0.030791
-30 -65 0.077425
-30 -60 0.155117
-30 -55 0.251358
-30 -50 0.344700
-30 -45 0.399682
-30 -40 0.394288
-30 -35 0.331060
-30 -30 0.235100
-30 -25 0.141114
-30 -20 0.068125
-30 -15 0.025204
-30 -10 0.007551
-30 -5 0.000737
-30 0 0.000000
-30 5 0.000000
-30 10 0.000000
-30 15 0.000000
-30 20 0.000000
-30 25 0.000000
-30 30 0.000000
-30 35 0.000000
-30 40 0.000000
-30 45 0.000000
-30 50 0.000000
-30 55 0.000000
-30 60 0.000000
-30 65 0.000000
-30 70 0.000000
-30 75 0.000000
-30 80 0.000000
-30 85 0.000055
-30 90 0.002831
-30 95 0.006786
-30 100 0.016530
-30 105 0.033293
-30 110 0.072944
-30 115 0.133349
-30 120 0.210325
-30 125 0.288598
-30 130 0.334840
-30 135 0.326155
-30 140 0.269092
-30 145 0.187042
-30 150 0.110579
-30 155 0.050480
-30 160 0.019190
-30 165 0.006396
-30 170 0.000740
-30 175 0.000000
-25 -180 0.000000
-25 -175 0.000000
-25 -170 0.000000
-25 -165 0.000000
-25 -160 0.000000
-25 -155 0.000000
-25 -150 0.000000
-25 -145 0.000000
-25 -140 0.000000
-25 -135 0.000000
-25 -130 0.000000
-25 -125 0.000000
-25 -120 0.000000
-25 -115 0.000000
-25 -110 0.000000
-25 -105 0.000000
-25 -100 0.000000
-25 -95 0.000000
-25 -90 0.000000
-25 -85 0.000000
-25 -80 0.000374
-25 -75 0.003695
-25 -70 0.012259
-25 -65 0.029198
-25 -60 0.053926
-25 -55 0.080320
-25 -50 0.099921
-25 -45 0.104317
-25 -40 0.091570
-25 -35 0.067393
-25 -30 0.040808
-25 -25 0.020134
-25 -20 0.007414
-25 -15 0.001715
-25 -10 0.000341
-25 -5 0.000000
-25 0 0.000000
-25 5 0.000000
-25 10 0.000000
-25 15 0.000000
-25 20 0.000000
-25 25 0.000000
-25 30 0.000000
-25 35 0.000000
-25 40 0.000000
-25 45 0.000000
-25 50 0.000000
-25 55 0.000000
-25 60 0.000000
-25 65 0.000000
-25 70 0.000000
-25 75 0.000000
-25 80 0.000000
-25 85 0.000028
-25 90 0.001422
-25 95 0.003375
-25 100 0.007820
-25 105 0.014009
-25 110 0.026845
-25 115 0.044048
-25 120 0.064097
-25 125 0.082223
-25 130 0.089652
-25 135 0.080675
-25 140 0.059974
-25 145 0.035715
-25 150 0.017276
-25 155 0.004831
-25 160 0.000701
-25 165 0.000126
-25 170 0.000000
-25 175 0.000000
-20 -180 0.000000
-20 -175 0.000000
-20 -170 0.000000
-20 -165 0.000000
-20 -160 0.000000
-20 -155 0.000000
-20 -150 0.000000
-20 -145 0.000000
-20 -140 0.000000
-20 -135 0.000000
-20 -130 0.000000
-20 -125 0.000000
-20 -120 0.000000
-20 -115 0.000000
-20 -110 0.000000
-20 -105 0.000000
-20 -100 0.000000
-20 -95 0.000000
-20 -90 0.000000
-20 -85 0.000000
-20 -80 0.000102
-20 -75 0.001090
-20 -70 0.003864
-20 -65 0.008673
-20 -60 0.014674
-20 -55 0.020088
-20 -50 0.022288
-20 -45 0.020031
-20 -40 0.014562
-20 -35 0.008512
-20 -30 0.003754
-20 -25 0.001013
-20 -20 0.000043
-20 -15 0.000000
-20 -10 0.000000
-20 -5 0.000000
-20 0 0.000000
-20 5 0.000000
-20 10 0.000000
-20 15 0.000000
-20 20 0.000000
-20 25 0.000000
-20 30 0.000000
-20 35 0.000000
-20 40 0.000000
-20 45 0.000000
-20 50 0.000000
-20 55 0.000000
-20 60 0.000000
-20 65 0.000000
-20 70 0.000000
-20 75 0.000000
-20 80 0.000000
-20 85 0.000009
-20 90 0.000455
-20 95 0.001081
-20 100 0.002491
-20 105 0.004114
-20 110 0.006739
-20 115 0.009800
-20 120 0.012989
-20 125 0.015752
-20 130 0.016839
-20 135 0.015145
-20 140 0.011450
-20 145 0.006877
-20 150 0.003442
-20 155 0.001009
-20 160 0.000120
-20 165 0.000000
-20 170 0.000000
-20 175 0.000000
-15 -180 0.000000
-15 -175 0.000000
-15 -170 0.000000
-15 -165 0.000000
-15 -160 0.000000
-15 -155 0.000000
-15 -150 0.000000
-15 -145 0.000000
-15 -140 0.000000
-15 -135 0.000000
-15 -130 0.000000
-15 -125 0.000000
-15 -120 0.000000
-15 -115 0.000000
-15 -110 0.000000
-15 -105 0.000000
-15 -100 0.000000
-15 -95 0.000000
-15 -90 0.000000
-15 -85 0.000000
-15 -80 0.000000
-15 -75 0.000000
-15 -70 0.000150
-15 -65 0.000393
-15 -60 0.000752
-15 -55 0.001128
-15 -50 0.001325
-15 -45 0.001223
-15 -40 0.000888
-15 -35 0.000508
-15 -30 0.000229
-15 -25 0.000033
-15 -20 0.000000
-15 -15 0.000000
-15 -10 0.000000
-15 -5 0.000000
-15 0 0.000000
-15 5 0.000000
-15 10 0.000000
-15 15 0.000000
-15 20 0.000000
-15 25 0.000000
-15 30 0.000000
-15 35 0.000000
-15 40 0.000000
-15 45 0.000000
-15 50 0.000000
-15 55 0.000000
-15 60 0.000000
-15 65 0.000000
-15 70 0.000000
-15 75 0.000000
-15 80 0.000000
-15 85 0.000000
-15 90 0.000000
-15 95 0.000000
-15 100 0.000000
-15 105 0.000000
-15 110 0.000000
-15 115 0.000000
-15 120 0.000000
-15 125 0.000000
-15 130 0.000000
-15 135 0.000000
-15 140 0.000000
-15 145 0.000000
-15 150 0.000000
-15 155 0.000000
-15 160 0.000000
-15 165 0.000000
-15 170 0.000000
-15 175 0.000000
-10 -180 0.000000
-10 -175 0.000000
-10 -170 0.000000
-10 -165 0.000000
-10 -160 0.000000
-10 -155 0.000000
-10 -150 0.000000
-10 -145 0.000000
-10 -140 0.000000
-10 -135 0.000000
-10 -130 0.000000
-10 -125 0.000000
-10 -120 0.000000
-10 -115 0.000000
-10 -110 0.000000
-10 -105 0.000000
-10 -100 0.000000
-10 -95 0.000000
-10 -90 0.000000
-10 -85 0.000000
-10 -80 0.000000
-10 -75 0.000000
-10 -70 0.000000
-10 -65 0.000000
-10 -60 0.000000
-10 -55 0.000000
-10 -50 0.000000
-10 -45 0.000000
-10 -40 0.000000
-10 -35 0.000000
-10 -30 0.000000
-10 -25 0.000000
-10 -20 0.000000
-10 -15 0.000000
-10 -10 0.000000
-10 -5 0.000000
-10 0 0.000000
-10 5 0.000000
-10 10 0.000000
-10 15 0.000000
-10 20 0.000000
-10 25 0.000000
-10 30 0.000000
-10 35 0.000000
-10 40 0.000000
-10 45 0.000000
-10 50 0.000000
-10 55 0.000000
-10 60 0.000000
-10 65 0.000000
-10 70 0.000000
-10 75 0.000000
-10 80 0.000000
-10 85 0.000000
-10 90 0.000000
-10 95 0.000000
-10 100 0.000000
-10 105 0.000000
-10 110 0.000000
-10 115 0.000000
-10 120 0.000000
-10 125 0.000000
-10 130 0.000000
-10 135 0.000000
-10 140 0.000000
-10 145 0.000000
-10 150 0.000000
-10 155 0.000000
-10 160 0.000000
-10 165 0.000000
-10 170 0.000000
-10 175 0.000000
-5 -180 0.000000
-5 -175 0.000000
-5 -170 0.000000
-5 -165 0.000000
-5 -160 0.000000
-5 -155 0.000000
-5 -150 0.000000
-5 -145 0.000000
-5 -140 0.000000
-5 -135 0.000000
-5 -130 0.000000
-5 -125 0.000000
-5 -120 0.000000
-5 -115 0.000000
-5 -110 0.000000
-5 -105 0.000000
-5 -100 0.000000
-5 -95 0.000000
-5 -90 0.000000
-5 -85 0.000000
-5 -80 0.000000
-5 -75 0.000000
-5 -70 0.000000
-5 -65 0.000000
-5 -60 0.000000
-5 -55 0.000000
-5 -50 0.000000
-5 -45 0.000000
-5 -40 0.000000
-5 -35 0.000000
-5 -30 0.000000
-5 -25 0.000000
-5 -20 0.000000
-5 -15 0.000000
-5 -10 0.000000
-5 -5 0.000000
-5 0 0.000000
-5 5 0.000000
-5 10 0.000000
-5 15 0.000000
-5 20 0.000000
-5 25 0.000000
-5 30 0.000000
-5 35 0.000000
-5 40 0.000000
-5 45 0.000000
-5 50 0.000000
-5 55 0.000000
-5 60 0.000000
-5 65 0.000000
-5 70 0.000000
-5 75 0.000000
-5 80 0.000000
-5 85 0.000000
-5 90 0.000000
-5 95 0.000000
-5 100 0.000000
-5 105 0.000000
-5 110 0.000000
-5 115 0.000000
-5 120 0.000000
-5 125 0.000000
-5 130 0.000000
-5 135 0.000000
-5 140 0.000000
-5 145 0.000000
-5 150 0.000000
-5 155 0.000000
-5 160 0.000000
-5 165 0.000000
-5 170 0.000000
-5 175 0.000000
0 -180 0.000000
0 -175 0.000000
0 -170 0.000000
0 -165 0.000000
0 -160 0.000000
0 -155 0.000000
0 -150 0.000000
0 -145 0.000000
0 -140 0.000000
0 -135 0.000000
0 -130 0.000000
0 -125 0.000000
0 -120 0.000000
0 -115 0.000000
0 -110 0.000000
0 -105 0.000000
0 -100 0.000000
0 -95 0.000000
0 -90 0.000000
0 -85 0.000000
0 -80 0.000000
0 -75 0.000000
0 -70 0.000000
0 -65 0.000000
0 -60 0.000000
0 -55 0.000000
0 -50 0.000000
0 -45 0.000000
0 -40 0.000000
0 -35 0.000000
0 -30 0.000000
0 -25 0.000000
0 -20 0.000000
0 -15 0.000000
0 -10 0.000000
0 -5 0.000000
0 0 0.000000
0 5 0.000000
0 10 0.000000
0 15 0.000000
0 20 0.000000
0 25 0.000000
0 30 0.000000
0 35 0.000000
0 40 0.000000
0 45 0.000000
0 50 0.000000
0 55 0.000000
0 60 0.000000
0 65 0.000000
0 70 0.000000
0 75 0.000000
0 80 0.000000
0 85 0.000000
0 90 0.000000
0 95 0.000000
0 100 0.000000
0 105 0.000000
0 110 0.000000
0 115 0.000000
0 120 0.000000
0 125 0.000000
0 130 0.000000
0 135 0.000000
0 140 0.000000
0 145 0.000000
0 150 0.000000
0 155 0.000000
0 160 0.000000
0 165 0.000000
0 170 0.000000
0 175 0.000000
5 -180 0.000000
5 -175 0.000000
5 -170 0.000000
5 -165 0.000000
5 -160 0.000000
5 -155 0.000000
5 -150 0.000000
5 -145 0.000000
5 -140 0.000000
5 -135 0.000000
5 -130 0.000000
5 -125 0.000000
5 -120 0.000000
5 -115 0.000000
5 -110 0.000000
5 -105 0.000000
5 -100 0.000000
5 -95 0.000000
5 -90 0.000000
5 -85 0.000000
5 -80 0.000000
5 -75 0.000000
5 -70 0.000000
5 -65 0.000000
5 -60 0.000000
5 -55 0.000000
5 -50 0.000000
5 -45 0.000000
5 -40 0.000000
5 -35 0.000000
5 -30 0.000000
5 -25 0.000000
5 -20 0.000000
5 -15 0.000000
5 -10 0.000000
5 -5 0.000000
5 0 0.000000
5 5 0.000000
5 10 0.000000
5 15 0.000000
5 20 0.000000
5 25 0.000000
5 30 0.000000
5 35 0.000000
5 40 0.000000
5 45 0.000000
5 50 0.000000
5 55 0.000000
5 60 0.000000
5 65 0.000000
5 70 0.000000
5 75 0.000000
5 80 0.000000
5 85 0.000000
5 90 0.000000
5 95 0.000000
5 100 0.000000
5 105 0.000000
5 110 0.000000
5 115 0.000000
5 120 0.000000
5 125 0.000000
5 130 0.000000
5 135 0.000000
5 140 0.000000
5 145 0.000000
5 150 0.000000
5 155 0.000000
5 160 0.000000
5 165 0.000000
5 170 0.000000
5 175 0.000000
10 -180 0.000000
10 -175 0.000000
10 -170 0.000000
10 -165 0.000000
10 -160 0.000000
10 -155 0.000000
10 -150 0.000000
10 -145 0.000000
10 -140 0.000000
10 -135 0.000000
10 -130 0.000000
10 -125 0.000000
10 -120 0.000000
10 -115 0.000000
10 -110 0.000000
10 -105 0.000000
10 -100 0.000000
10 -95 0.000000
10 -90 0.000000
10 -85 0.000000
10 -80 0.000000
10 -75 0.000000
10 -70 0.000000
10 -65 0.000000
10 -60 0.000000
10 -55 0.000000
10 -50 0.000000
10 -45 0.000000
10 -40 0.000000
10 -35 0.000000
10 -30 0.000000
10 -25 0.000000
10 -20 0.000000
10 -15 0.000000
10 -10 0.000000
10 -5 0.000000
10 0 0.000000
10 5 0.000000
10 10 0.000000
10 15 0.000000
10 20 0.000000
10 25 0.000000
10 30 0.000000
10 35 0.000000
10 40 0.000000
10 45 0.000000
10 50 0.000073
10 55 0.000179
10 60 0.000336
10 65 0.000492
10 70 0.000561
10 75 0.000500
10 80 0.000348
10 85 0.000189
10 90 0.000081
10 95 0.000003
10 100 0.000000
10 105 0.000000
10 110 0.000000
10 115 0.000000
10 120 0.000000
10 125 0.000000
10 130 0.000000
10 135 0.000000
10 140 0.000000
10 145 0.000000
10 150 0.000000
10 155 0.000000
10 160 0.000000
10 165 0.000000
10 170 0.000000
10 175 0.000000
15 -180 0.000000
15 -175 0.000000
15 -170 0.000000
15 -165 0.000000
15 -160 0.000000
15 -155 0.000000
15 -150 0.000000
15 -145 0.000000
15 -140 0.000000
15 -135 0.000000
15 -130 0.000000
15 -125 0.000000
15 -120 0.000000
15 -115 0.000000
15 -110 0.000000
15 -105 0.000000
15 -100 0.000000
15 -95 0.000000
15 -90 0.000000
15 -85 0.000000
15 -80 0.000000
15 -75 0.000000
15 -70 0.000000
15 -65 0.000000
15 -60 0.000000
15 -55 0.000000
15 -50 0.000000
15 -45 0.000000
15 -40 0.000000
15 -35 0.000000
15 -30 0.000000
15 -25 0.000000
15 -20 0.000000
15 -15 0.000000
15 -10 0.000000
15 -5 0.000000
15 0 0.000000
15 5 0.000000
15 10 0.000000
15 15 0.000000
15 20 0.000000
15 25 0.000000
15 30 0.000000
15 35 0.000000
15 40 0.000000
15 45 0.000398
15 50 0.001865
15 55 0.004003
15 60 0.006760
15 65 0.009035
15 70 0.009552
15 75 0.007981
15 80 0.005264
15 85 0.002739
15 90 0.000995
15 95 0.000035
15 100 0.000000
15 105 0.000000
15 110 0.000000
15 115 0.000000
15 120 0.000000
15 125 0.000000
15 130 0.000000
15 135 0.000000
15 140 0.000000
15 145 0.000000
15 150 0.000000
15 155 0.000000
15 160 0.000000
15 165 0.000000
15 170 0.000000
15 175 0.000000
20 -180 0.000000
20 -175 0.000000
20 -170 0.000000
20 -165 0.000000
20 -160 0.000000
20 -155 0.000000
20 -150 0.000290
20 -145 0.000970
20 -140 0.001959
20 -135 0.003123
20 -130 0.003936
20 -125 0.003923
20 -120 0.003093
20 -115 0.001928
20 -110 0.000950
20 -105 0.000275
20 -100 0.000000
20 -95 0.000000
20 -90 0.000000
20 -85 0.000000
20 -80 0.000000
20 -75 0.000000
20 -70 0.000000
20 -65 0.000000
20 -60 0.000000
20 -55 0.000000
20 -50 0.000000
20 -45 0.000000
20 -40 0.000000
20 -35 0.000000
20 -30 0.000000
20 -25 0.000000
20 -20 0.000000
20 -15 0.000000
20 -10 0.000000
20 -5 0.000000
20 0 0.000000
20 5 0.000000
20 10 0.000000
20 15 0.000000
20 20 0.000000
20 25 0.000249
20 30 0.001413
20 35 0.003200
20 40 0.005721
20 45 0.009381
20 50 0.014418
20 55 0.019436
20 60 0.024551
20 65 0.027824
20 70 0.026771
20 75 0.020994
20 80 0.013467
20 85 0.006837
20 90 0.002341
20 95 0.000080
20 100 0.000000
20 105 0.000000
20 110 0.000000
20 115 0.000000
20 120 0.000000
20 125 0.000000
20 130 0.000000
20 135 0.000000
20 140 0.000000
20 145 0.000000
20 150 0.000000
20 155 0.000000
20 160 0.000000
20 165 0.000000
20 170 0.000000
20 175 0.000000
25 -180 0.000000
25 -175 0.000000
25 -170 0.000000
25 -165 0.000000
25 -160 0.000000
25 -155 0.000000
25 -150 0.001016
25 -145 0.003739
25 -140 0.008092
25 -135 0.013712
25 -130 0.018471
25 -125 0.020100
25 -120 0.017780
25 -115 0.012871
25 -110 0.007669
25 -105 0.003444
25 -100 0.001029
25 -95 0.000255
25 -90 0.000000
25 -85 0.000000
25 -80 0.000000
25 -75 0.000000
25 -70 0.000000
25 -65 0.000000
25 -60 0.000000
25 -55 0.000000
25 -50 0.000000
25 -45 0.000000
25 -40 0.000000
25 -35 0.000000
25 -30 0.000000
25 -25 0.000000
25 -20 0.000000
25 -15 0.000000
25 -10 0.000000
25 -5 0.000000
25 0 0.000000
25 5 0.000000
25 10 0.000044
25 15 0.000173
25 20 0.000665
25 25 0.003060
25 30 0.010523
25 35 0.022082
25 40 0.038527
25 45 0.057279
25 50 0.074400
25 55 0.084519
25 60 0.087714
25 65 0.082899
25 70 0.069004
25 75 0.048378
25 80 0.028877
25 85 0.013548
25 90 0.004319
25 95 0.000143
25 100 0.000000
25 105 0.000000
25 110 0.000000
25 115 0.000000
25 120 0.000000
25 125 0.000000
25 130 0.000000
25 135 0.000000
25 140 0.000000
25 145 0.000000
25 150 0.000000
25 155 0.000000
25 160 0.000000
25 165 0.000000
25 170 0.000000
25 175 0.000000
30 -180 0.000000
30 -175 0.000000
30 -170 0.000000
30 -165 0.000000
30 -160 0.000000
30 -155 0.000344
30 -150 0.003268
30 -145 0.010172
30 -140 0.020893
30 -135 0.034067
30 -130 0.044643
30 -125 0.047727
30 -120 0.041862
30 -115 0.030289
30 -110 0.018042
30 -105 0.008205
30 -100 0.002609
30 -95 0.000647
30 -90 0.000000
30 -85 0.000000
30 -80 0.000000
30 -75 0.000000
30 -70 0.000000
30 -65 0.000000
30 -60 0.000000
30 -55 0.000000
30 -50 0.000000
30 -45 0.000000
30 -40 0.000000
30 -35 0.000000
30 -30 0.000000
30 -25 0.000000
30 -20 0.000000
30 -15 0.000000
30 -10 0.000000
30 -5 0.000000
30 0 0.000000
30 5 0.000462
30 10 0.002243
30 15 0.006696
30 20 0.015190
30 25 0.031358
30 30 0.061007
30 35 0.099960
30 40 0.147918
30 45 0.194610
30 50 0.228124
30 55 0.237269
30 60 0.223268
30 65 0.191105
30 70 0.146292
30 75 0.097264
30 80 0.057661
30 85 0.028316
30 90 0.011304
30 95 0.002940
30 100 0.001079
30 105 0.000302
30 110 0.000000
30 115 0.000000
30 120 0.000000
30 125 0.000000
30 130 0.000000
30 135 0.000000
30 140 0.000000
30 145 0.000000
30 150 0.000000
30 155 0.000000
30 160 0.000000
30 165 0.000000
30 170 0.000000
30 175 0.000000
35 -180 0.000000
35 -175 0.000077
35 -170 0.000749
35 -165 0.001699
35 -160 0.003049
35 -155 0.005428
35 -150 0.011725
35 -145 0.024088
35 -140 0.042486
35 -135 0.064583
35 -130 0.081787
35 -125 0.085875
35 -120 0.075014
35 -115 0.054372
35 -110 0.032425
35 -105 0.014974
35 -100 0.004948
35 -95 0.001228
35 -90 0.000000
35 -85 0.000000
35 -80 0.000000
35 -75 0.000000
35 -70 0.000000
35 -65 0.000000
35 -60 0.000000
35 -55 0.000000
35 -50 0.000000
35 -45 0.000000
35 -40 0.000000
35 -35 0.000000
35 -30 0.000000
35 -25 0.000000
35 -20 0.000000
35 -15 0.000000
35 -10 0.000000
35 -5 0.000000
35 0 0.000244
35 5 0.004188
35 10 0.015027
35 15 0.037916
35 20 0.075309
35 25 0.130741
35 30 0.208375
35 35 0.295598
35 40 0.388302
35 45 0.465932
35 50 0.505587
35 55 0.492865
35 60 0.433403
35 65 0.345445
35 70 0.247050
35 75 0.155803
35 80 0.090333
35 85 0.045117
35 90 0.019853
35 95 0.007151
35 100 0.002764
35 105 0.000774
35 110 0.000000
35 115 0.000000
35 120 0.000000
35 125 0.000000
35 130 0.000000
35 135 0.000000
35 140 0.000000
35 145 0.000000
35 150 0.000000
35 155 0.000000
35 160 0.000000
35 165 0.000000
35 170 0.000000
35 175 0.000000
40 -180 0.000415
40 -175 0.000866
40 -170 0.002787
40 -165 0.005250
40 -160 0.008597
40 -155 0.014314
40 -150 0.025107
40 -145 0.043641
40 -140 0.069866
40 -135 0.099918
40 -130 0.121752
40 -125 0.124671
40 -120 0.107651
40 -115 0.077691
40 -110 0.046054
40 -105 0.021499
40 -100 0.007339
40 -95 0.001821
40 -90 0.000000
40 -85 0.000000
40 -80 0.000000
40 -75 0.000000
40 -70 0.000000
40 -65 0.000000
40 -60 0.000000
40 -55 0.000000
40 -50 0.000000
40 -45 0.000000
40 -40 0.000000
40 -35 0.000000
40 -30 0.000000
40 -25 0.000000
40 -20 0.000000
40 -15 0.000000
40 -10 0.000000
40 -5 0.000068
40 0 0.002457
40 5 0.016132
40 10 0.049657
40 15 0.113992
40 20 0.210154
40 25 0.335715
40 30 0.484410
40 35 0.629827
40 40 0.762657
40 45 0.853840
40 50 0.874420
40 55 0.812128
40 60 0.680365
40 65 0.515450
40 70 0.350628
40 75 0.213046
40 80 0.122242
40 85 0.062919
40 90 0.030545
40 95 0.013327
40 100 0.005257
40 105 0.001472
40 110 0.000000
40 115 0.000000
40 120 0.000000
40 125 0.000000
40 130 0.000000
40 135 0.000000
40 140 0.000000
40 145 0.000000
40 150 0.000000
40 155 0.000000
40 160 0.000000
40 165 0.000000
40 170 0.000059
40 175 0.000204
45 -180 0.003175
45 -175 0.005482
45 -170 0.010181
45 -165 0.014903
45 -160 0.020295
45 -155 0.029255
45 -150 0.043340
45 -145 0.065078
45 -140 0.094507
45 -135 0.126499
45 -130 0.147229
45 -125 0.145820
45 -120 0.123663
45 -115 0.088349
45 -110 0.051702
45 -105 0.024274
45 -100 0.008518
45 -95 0.002113
45 -90 0.000000
45 -85 0.000000
45 -80 0.000000
45 -75 0.000000
45 -70 0.000000
45 -65 0.000000
45 -60 0.000000
45 -55 0.000000
45 -50 0.000000
45 -45 0.000000
45 -40 0.000000
45 -35 0.000000
45 -30 0.000000
45 -25 0.000000
45 -20 0.000017
45 -15 0.000209
45 -10 0.000524
45 -5 0.001255
45 0 0.008354
45 5 0.038390
45 10 0.107646
45 15 0.233485
45 20 0.413085
45 25 0.630032
45 30 0.857958
45 35 1.053490
45 40 1.201085
45 45 1.270940
45 50 1.238672
45 55 1.102962
45 60 0.887985
45 65 0.646435
45 70 0.423565
45 75 0.251038
45 80 0.143672
45 85 0.076782
45 90 0.040295
45 95 0.019596
45 100 0.007824
45 105 0.002190
45 110 0.000000
45 115 0.000000
45 120 0.000000
45 125 0.000000
45 130 0.000000
45 135 0.000000
45 140 0.000000
45 145 0.000000
45 150 0.000000
45 155 0.000000
45 160 0.000000
45 165 0.000000
45 170 0.000448
45 175 0.001562
50 -180 0.007089
50 -175 0.011957
50 -170 0.019994
50 -165 0.027533
50 -160 0.035428
50 -155 0.048133
50 -150 0.064766
50 -145 0.086456
50 -140 0.112726
50 -135 0.138041
50 -130 0.149956
50 -125 0.140691
50 -120 0.115230
50 -115 0.080523
50 -110 0.045876
50 -105 0.021549
50 -100 0.007746
50 -95 0.001922
50 -90 0.000000
50 -85 0.000000
50 -80 0.000000
50 -75 0.000000
50 -70 0.000024
50 -65 0.000645
50 -60 0.001516
50 -55 0.002787
50 -50 0.004004
50 -45 0.004492
50 -40 0.003933
50 -35 0.002686
50 -30 0.001431
50 -25 0.000870
50 -20 0.001001
50 -15 0.003785
50 -10 0.008154
50 -5 0.014943
50 0 0.034840
50 5 0.089985
50 10 0.203860
50 15 0.397848
50 20 0.661793
50 25 0.960485
50 30 1.242515
50 35 1.451708
50 40 1.568637
50 45 1.574187
50 50 1.461685
50 55 1.247305
50 60 0.966248
50 65 0.678693
50 70 0.430960
50 75 0.250792
50 80 0.143533
50 85 0.079527
50 90 0.043922
50 95 0.022643
50 100 0.009119
50 105 0.002552
50 110 0.000000
50 115 0.000000
50 120 0.000000
50 125 0.000000
50 130 0.000000
50 135 0.000000
50 140 0.000000
50 145 0.000000
50 150 0.000000
50 155 0.000000
50 160 0.000000
50 165 0.000000
50 170 0.001001
50 175 0.003486
55 -180 0.012475
55 -175 0.020708
55 -170 0.031929
55 -165 0.041467
55 -160 0.050154
55 -155 0.064002
55 -150 0.080238
55 -145 0.098236
55 -140 0.116622
55 -135 0.130332
55 -130 0.130346
55 -125 0.113640
55 -120 0.088108
55 -115 0.059268
55 -110 0.032185
55 -105 0.015045
55 -100 0.005526
55 -95 0.001371
55 -90 0.000000
55 -85 0.000000
55 -80 0.000000
55 -75 0.000000
55 -70 0.000065
55 -65 0.001724
55 -60 0.004297
55 -55 0.008038
55 -50 0.011801
55 -45 0.013604
55 -40 0.012322
55 -35 0.008777
55 -30 0.004921
55 -25 0.003741
55 -20 0.005515
55 -15 0.015342
55 -10 0.030268
55 -5 0.050090
55 0 0.088499
55 5 0.167662
55 10 0.315887
55 15 0.554728
55 20 0.866712
55 25 1.200203
55 30 1.484047
55 35 1.658905
55 40 1.706950
55 45 1.627557
55 50 1.439007
55 55 1.173742
55 60 0.873353
55 65 0.591675
55 70 0.364585
55 75 0.208456
55 80 0.118980
55 85 0.067884
55 90 0.038569
55 95 0.020536
55 100 0.008334
55 105 0.002333
55 110 0.000000
55 115 0.000000
55 120 0.000000
55 125 0.000000
55 130 0.000000
55 135 0.000000
55 140 0.000000
55 145 0.000000
55 150 0.000000
55 155 0.000000
55 160 0.000000
55 165 0.000000
55 170 0.001762
55 175 0.006135
60 -180 0.017280
60 -175 0.028373
60 -170 0.041211
60 -165 0.051237
60 -160 0.058912
60 -155 0.071255
60 -150 0.085107
60 -145 0.098065
60 -140 0.107550
60 -135 0.109697
60 -130 0.099713
60 -125 0.079102
60 -120 0.056345
60 -115 0.035645
60 -110 0.017866
60 -105 0.008264
60 -100 0.003097
60 -95 0.000768
60 -90 0.000000
60 -85 0.000000
60 -80 0.000000
60 -75 0.000000
60 -70 0.000124
60 -65 0.003345
60 -60 0.008925
60 -55 0.017005
60 -50 0.025532
60 -45 0.030229
60 -40 0.028250
60 -35 0.020859
60 -30 0.012179
60 -25 0.009035
60 -20 0.012420
60 -15 0.031771
60 -10 0.061675
60 -5 0.099773
60 0 0.159322
60 5 0.254445
60 10 0.412230
60 15 0.649270
60 20 0.944577
60 25 1.242030
60 30 1.467967
60 35 1.574013
60 40 1.548685
60 45 1.406555
60 50 1.184615
60 55 0.920580
60 60 0.654605
60 65 0.424760
60 70 0.252035
60 75 0.140209
60 80 0.079150
60 85 0.046203
60 90 0.026711
60 95 0.014613
60 100 0.005981
60 105 0.001674
60 110 0.000000
60 115 0.000000
60 120 0.000000
60 125 0.000000
60 130 0.000000
60 135 0.000000
60 140 0.000000
60 145 0.000000
60 150 0.000000
60 155 0.000000
60 160 0.000000
60 165 0.000000
60 170 0.002440
60 175 0.008498
65 -180 0.018812
65 -175 0.030665
65 -170 0.042687
65 -165 0.051792
65 -160 0.057847
65 -155 0.067748
65 -150 0.078980
65 -145 0.087582
65 -140 0.089908
65 -135 0.083690
65 -130 0.068190
65 -125 0.048014
65 -120 0.029926
65 -115 0.017174
65 -110 0.007547
65 -105 0.003486
65 -100 0.001366
65 -95 0.000339
65 -90 0.000000
65 -85 0.000000
65 -80 0.000000
65 -75 0.000000
65 -70 0.000187
65 -65 0.005070
65 -60 0.014155
65 -55 0.027283
65 -50 0.041516
65 -45 0.049914
65 -40 0.047455
65 -35 0.035705
65 -30 0.021269
65 -25 0.015887
65 -20 0.021602
65 -15 0.052287
65 -10 0.099970
65 -5 0.158461
65 0 0.235184
65 5 0.330637
65 10 0.465130
65 15 0.649338
65 20 0.865933
65 25 1.070477
65 30 1.204427
65 35 1.239355
65 40 1.170125
65 45 1.015525
65 50 0.816690
65 55 0.603970
65 60 0.409243
65 65 0.253180
65 70 0.144157
65 75 0.077722
65 80 0.043227
65 85 0.025610
65 90 0.014823
65 95 0.008177
65 100 0.003376
65 105 0.000945
65 110 0.000000
65 115 0.000000
65 120 0.000000
65 125 0.000137
65 130 0.000421
65 135 0.000836
65 140 0.001307
65 145 0.001613
65 150 0.001573
65 155 0.001213
65 160 0.000740
65 165 0.000357
65 170 0.002748
65 175 0.009252
70 -180 0.016073
70 -175 0.026074
70 -170 0.035245
70 -165 0.042585
70 -160 0.047473
70 -155 0.055459
70 -150 0.064857
70 -145 0.070742
70 -140 0.068964
70 -135 0.058677
70 -130 0.042003
70 -125 0.024778
70 -120 0.011412
70 -115 0.004675
70 -110 0.000912
70 -105 0.000292
70 -100 0.000140
70 -95 0.000035
70 -90 0.000000
70 -85 0.000000
70 -80 0.000000
70 -75 0.000000
70 -70 0.000220
70 -65 0.006054
70 -60 0.017956
70 -55 0.035108
70 -50 0.054302
70 -45 0.066480
70 -40 0.064458
70 -35 0.049508
70 -30 0.030119
70 -25 0.022446
70 -20 0.029825
70 -15 0.068332
70 -10 0.128824
70 -5 0.200467
70 0 0.281977
70 5 0.361630
70 10 0.451075
70 15 0.557553
70 20 0.672350
70 25 0.771807
70 30 0.820107
70 35 0.807590
70 40 0.732058
70 45 0.607270
70 50 0.465548
70 55 0.324760
70 60 0.206274
70 65 0.118676
70 70 0.063130
70 75 0.032347
70 80 0.017879
70 85 0.011066
70 90 0.006459
70 95 0.003599
70 100 0.001500
70 105 0.000420
70 110 0.000000
70 115 0.000000
70 120 0.000000
70 125 0.000650
70 130 0.001994
70 135 0.003954
70 140 0.006183
70 145 0.007632
70 150 0.007444
70 155 0.005741
70 160 0.003503
70 165 0.001690
70 170 0.002704
70 175 0.007905
75 -180 0.010764
75 -175 0.017406
75 -170 0.023063
75 -165 0.028329
75 -160 0.032427
75 -155 0.038847
75 -150 0.046436
75 -145 0.050648
75 -140 0.047825
75 -135 0.038253
75 -130 0.025115
75 -125 0.013323
75 -120 0.004736
75 -115 0.001399
75 -110 0.000024
75 -105 0.000000
75 -100 0.000000
75 -95 0.000000
75 -90 0.000000
75 -85 0.000000
75 -80 0.000000
75 -75 0.000000
75 -70 0.000204
75 -65 0.005709
75 -60 0.018327
75 -55 0.036456
75 -50 0.057463
75 -45 0.071790
75 -40 0.071089
75 -35 0.055775
75 -30 0.034645
75 -25 0.025507
75 -20 0.032669
75 -15 0.070785
75 -10 0.131765
75 -5 0.201673
75 0 0.272455
75 5 0.327030
75 10 0.370165
75 15 0.407895
75 20 0.439735
75 25 0.460832
75 30 0.455427
75 35 0.425233
75 40 0.369092
75 45 0.292635
75 50 0.213875
75 55 0.139299
75 60 0.080656
75 65 0.040418
75 70 0.017539
75 75 0.006489
75 80 0.002613
75 85 0.001407
75 90 0.000579
75 95 0.000359
75 100 0.000176
75 105 0.000049
75 110 0.000000
75 115 0.000000
75 120 0.000000
75 125 0.001385
75 130 0.004246
75 135 0.008423
75 140 0.013170
75 145 0.016256
75 150 0.015855
75 155 0.012229
75 160 0.007461
75 165 0.003600
75 170 0.002444
75 175 0.005294
80 -180 0.005644
80 -175 0.009082
80 -170 0.011663
80 -165 0.014641
80 -160 0.017341
80 -155 0.021673
80 -150 0.027090
80 -145 0.030256
80 -140 0.028502
80 -135 0.022186
80 -130 0.013923
80 -125 0.007044
80 -120 0.002023
80 -115 0.000431
80 -110 0.000000
80 -105 0.000000
80 -100 0.000000
80 -95 0.000000
80 -90 0.000000
80 -85 0.000000
80 -80 0.000000
80 -75 0.000000
80 -70 0.000149
80 -65 0.004267
80 -60 0.015136
80 -55 0.030703
80 -50 0.049405
80 -45 0.063050
80 -40 0.063772
80 -35 0.051071
80 -30 0.032341
80 -25 0.023309
80 -20 0.028375
80 -15 0.058013
80 -10 0.106785
80 -5 0.161050
80 0 0.210817
80 5 0.240371
80 10 0.250905
80 15 0.247737
80 20 0.235018
80 25 0.218409
80 30 0.194465
80 35 0.168495
80 40 0.139243
80 45 0.105824
80 50 0.075065
80 55 0.046342
80 60 0.024564
80 65 0.010330
80 70 0.003099
80 75 0.000321
80 80 0.000015
80 85 0.000000
80 90 0.000000
80 95 0.000000
80 100 0.000000
80 105 0.000000
80 110 0.000000
80 115 0.000000
80 120 0.000000
80 125 0.002333
80 130 0.007152
80 135 0.014188
80 140 0.022185
80 145 0.027382
80 150 0.026707
80 155 0.020599
80 160 0.012568
80 165 0.006064
80 170 0.002352
80 175 0.002776
85 -180 0.002180
85 -175 0.003502
85 -170 0.004449
85 -165 0.006038
85 -160 0.007864
85 -155 0.010577
85 -150 0.013794
85 -145 0.015503
85 -140 0.014287
85 -135 0.010613
85 -130 0.006227
85 -125 0.002888
85 -120 0.000551
85 -115 0.000000
85 -110 0.000000
85 -105 0.000000
85 -100 0.000000
85 -95 0.000000
85 -90 0.000000
85 -85 0.000000
85 -80 0.000000
85 -75 0.000000
85 -70 0.000086
85 -65 0.002537
85 -60 0.010158
85 -55 0.021037
85 -50 0.034574
85 -45 0.045051
85 -40 0.046483
85 -35 0.037921
85 -30 0.024419
85 -25 0.017110
85 -20 0.019536
85 -15 0.037543
85 -10 0.068440
85 -5 0.101876
85 0 0.129556
85 5 0.141330
85 10 0.136933
85 15 0.120779
85 20 0.098088
85 25 0.076608
85 30 0.057487
85 35 0.044614
85 40 0.035986
85 45 0.028383
85 50 0.021926
85 55 0.014615
85 60 0.008230
85 65 0.003533
85 70 0.000989
85 75 0.000000
85 80 0.000000
85 85 0.000000
85 90 0.000000
85 95 0.000000
85 100 0.000000
85 105 0.000000
85 110 0.000000
85 115 0.000000
85 120 0.000000
85 125 0.003106
85 130 0.009522
85 135 0.018889
85 140 0.029537
85 145 0.036456
85 150 0.035557
85 155 0.027425
85 160 0.016733
85 165 0.008074
85 170 0.002379
85 175 0.001072
90 -180 0.000000
90 -175 0.000000
90 -170 0.000000
90 -165 0.000707
90 -160 0.001945
90 -155 0.003766
90 -150 0.005725
90 -145 0.006846
90 -140 0.006448
90 -135 0.004790
90 -130 0.002810
90 -125 0.001303
90 -120 0.000248
90 -115 0.000000
90 -110 0.000000
90 -105 0.000000
90 -100 0.000000
90 -95 0.000000
90 -90 0.000000
90 -85 0.000000
90 -80 0.000000
90 -75 0.000000
90 -70 0.000039
90 -65 0.001205
90 -60 0.005548
90 -55 0.011729
90 -50 0.019669
90 -45 0.026121
90 -40 0.027428
90 -35 0.022731
90 -30 0.014840
90 -25 0.010068
90 -20 0.010656
90 -15 0.019082
90 -10 0.034453
90 -5 0.050623
90 0 0.062798
90 5 0.066174
90 10 0.060532
90 15 0.048867
90 20 0.034322
90 25 0.022058
90 30 0.012956
90 35 0.008525
90 40 0.007308
90 45 0.007069
90 50 0.006761
90 55 0.005295
90 60 0.003280
90 65 0.001606
90 70 0.000449
90 75 0.000000
90 80 0.000000
90 85 0.000000
90 90 0.000000
90 95 0.000000
90 100 0.000000
90 105 0.000000
90 110 0.000000
90 115 0.000000
90 120 0.000000
90 125 0.003265
90 130 0.010010
90 135 0.019857
90 140 0.031049
90 145 0.038323
90 150 0.037378
90 155 0.028830
90 160 0.017590
90 165 0.008488
90 170 0.002177
90 175 0.000000
95 -180 0.000000
95 -175 0.000000
95 -170 0.000000
95 -165 0.000102
95 -160 0.000280
95 -155 0.000541
95 -150 0.000823
95 -145 0.000984
95 -140 0.000927
95 -135 0.000689
95 -130 0.000404
95 -125 0.000187
95 -120 0.000036
95 -115 0.000000
95 -110 0.000000
95 -105 0.000000
95 -100 0.000000
95 -95 0.000000
95 -90 0.000000
95 -85 0.000000
95 -80 0.000000
95 -75 0.000000
95 -70 0.000006
95 -65 0.000249
95 -60 0.001971
95 -55 0.004403
95 -50 0.007761
95 -45 0.010774
95 -40 0.011756
95 -35 0.010066
95 -30 0.006755
95 -25 0.004453
95 -20 0.004299
95 -15 0.006602
95 -10 0.011519
95 -5 0.016141
95 0 0.018643
95 5 0.017958
95 10 0.014506
95 15 0.009834
95 20 0.005283
95 25 0.002397
95 30 0.000971
95 35 0.000637
95 40 0.000852
95 45 0.001067
95 50 0.001057
95 55 0.000828
95 60 0.000513
95 65 0.000251
95 70 0.000070
95 75 0.000000
95 80 0.000000
95 85 0.000000
95 90 0.000000
95 95 0.000000
95 100 0.000000
95 105 0.000000
95 110 0.000000
95 115 0.000000
95 120 0.000000
95 125 0.002707
95 130 0.008298
95 135 0.016460
95 140 0.025737
95 145 0.031767
95 150 0.030984
95 155 0.023898
95 160 0.014580
95 165 0.007036
95 170 0.001805
95 175 0.000000
100 -180 0.000000
100 -175 0.000000
100 -170 0.000000
100 -165 0.000000
100 -160 0.000000
100 -155 0.000000
100 -150 0.000000
100 -145 0.000000
100 -140 0.000000
100 -135 0.000000
100 -130 0.000000
100 -125 0.000000
100 -120 0.000000
100 -115 0.000000
100 -110 0.000000
100 -105 0.000000
100 -100 0.000000
100 -95 0.000000
100 -90 0.000000
100 -85 0.000000
100 -80 0.000000
100 -75 0.000000
100 -70 0.000000
100 -65 0.000030
100 -60 0.000546
100 -55 0.001272
100 -50 0.002320
100 -45 0.003312
100 -40 0.003697
100 -35 0.003224
100 -30 0.002195
100 -25 0.001166
100 -20 0.000485
100 -15 0.000031
100 -10 0.000060
100 -5 0.000091
100 0 0.000109
100 5 0.000103
100 10 0.000077
100 15 0.000045
100 20 0.000021
100 25 0.000004
100 30 0.000000
100 35 0.000000
100 40 0.000000
100 45 0.000000
100 50 0.000000
100 55 0.000000
100 60 0.000000
100 65 0.000000
100 70 0.000000
100 75 0.000000
100 80 0.000000
100 85 0.000000
100 90 0.000000
100 95 0.000000
100 100 0.000000
100 105 0.000000
100 110 0.000000
100 115 0.000000
100 120 0.000000
100 125 0.001767
100 130 0.005416
100 135 0.010743
100 140 0.016799
100 145 0.020734
100 150 0.020223
100 155 0.015598
100 160 0.009517
100 165 0.004592
100 170 0.001178
100 175 0.000000
105 -180 0.000000
105 -175 0.000000
105 -170 0.000000
105 -165 0.000000
105 -160 0.000000
105 -155 0.000000
105 -150 0.000000
105 -145 0.000000
105 -140 0.000000
105 -135 0.000000
105 -130 0.000000
105 -125 0.000000
105 -120 0.000000
105 -115 0.000000
105 -110 0.000000
105 -105 0.000000
105 -100 0.000000
105 -95 0.000000
105 -90 0.000000
105 -85 0.000000
105 -80 0.000000
105 -75 0.000000
105 -70 0.000000
105 -65 0.000000
105 -60 0.000000
105 -55 0.000000
105 -50 0.000000
105 -45 0.000000
105 -40 0.000000
105 -35 0.000000
105 -30 0.000000
105 -25 0.000000
105 -20 0.000000
105 -15 0.000000
105 -10 0.000000
105 -5 0.000000
105 0 0.000000
105 5 0.000000
105 10 0.000000
105 15 0.000000
105 20 0.000000
105 25 0.000000
105 30 0.000000
105 35 0.000000
105 40 0.000000
105 45 0.000000
105 50 0.000000
105 55 0.000000
105 60 0.000000
105 65 0.000000
105 70 0.000000
105 75 0.000000
105 80 0.000000
105 85 0.000000
105 90 0.000000
105 95 0.000000
105 100 0.000000
105 105 0.000000
105 110 0.000000
105 115 0.000000
105 120 0.000000
105 125 0.000907
105 130 0.002779
105 135 0.005513
105 140 0.008621
105 145 0.010640
105 150 0.010378
105 155 0.008004
105 160 0.004884
105 165 0.002357
105 170 0.000604
105 175 0.000000
110 -180 0.000000
110 -175 0.000000
110 -170 0.000000
110 -165 0.000000
110 -160 0.000000
110 -155 0.000000
110 -150 0.000000
110 -145 0.000000
110 -140 0.000000
110 -135 0.000000
110 -130 0.000000
110 -125 0.000000
110 -120 0.000000
110 -115 0.000000
110 -110 0.000000
110 -105 0.000000
110 -100 0.000000
110 -95 0.000000
110 -90 0.000000
110 -85 0.000000
110 -80 0.000000
110 -75 0.000000
110 -70 0.000000
110 -65 0.000000
110 -60 0.000000
110 -55 0.000000
110 -50 0.000000
110 -45 0.000000
110 -40 0.000000
110 -35 0.000000
110 -30 0.000000
110 -25 0.000000
110 -20 0.000000
110 -15 0.000000
110 -10 0.000000
110 -5 0.000000
110 0 0.000000
110 5 0.000000
110 10 0.000000
110 15 0.000000
110 20 0.000000
110 25 0.000000
110 30 0.000000
110 35 0.000000
110 40 0.000000
110 45 0.000000
110 50 0.000000
110 55 0.000000
110 60 0.000000
110 65 0.000000
110 70 0.000000
110 75 0.000000
110 80 0.000000
110 85 0.000000
110 90 0.000000
110 95 0.000000
110 100 0.000000
110 105 0.000000
110 110 0.000000
110 115 0.000000
110 120 0.000000
110 125 0.000321
110 130 0.000983
110 135 0.001950
110 140 0.003049
110 145 0.003763
110 150 0.003670
110 155 0.002831
110 160 0.001727
110 165 0.000833
110 170 0.000214
110 175 0.000000
115 -180 0.000000
115 -175 0.000000
115 -170 0.000000
115 -165 0.000000
115 -160 0.000000
115 -155 0.000000
115 -150 0.000000
115 -145 0.000000
115 -140 0.000000
115 -135 0.000000
115 -130 0.000000
115 -125 0.000000
115 -120 0.000000
115 -115 0.000000
115 -110 0.000000
115 -105 0.000000
115 -100 0.000000
115 -95 0.000000
115 -90 0.000000
115 -85 0.000000
115 -80 0.000000
115 -75 0.000000
115 -70 0.000000
115 -65 0.000000
115 -60 0.000000
115 -55 0.000000
115 -50 0.000000
115 -45 0.000000
115 -40 0.000000
115 -35 0.000000
115 -30 0.000000
115 -25 0.000000
115 -20 0.000000
115 -15 0.000000
115 -10 0.000000
115 -5 0.000000
115 0 0.000000
115 5 0.000000
115 10 0.000000
115 15 0.000000
115 20 0.000000
115 25 0.000000
115 30 0.000000
115 35 0.000000
115 40 0.000000
115 45 0.000000
115 50 0.000000
115 55 0.000000
115 60 0.000000
115 65 0.000000
115 70 0.000000
115 75 0.000000
115 80 0.000000
115 85 0.000000
115 90 0.000000
115 95 0.000000
115 100 0.000000
115 105 0.000000
115 110 0.000000
115 115 0.000000
115 120 0.000000
115 125 0.000000
115 130 0.000000
115 135 0.000000
115 140 0.000000
115 145 0.000000
115 150 0.000000
115 155 0.000000
115 160 0.000000
115 165 0.000000
115 170 0.000000
115 175 0.000000
120 -180 0.000000
120 -175 0.000000
120 -170 0.000000
120 -165 0.000000
120 -160 0.000000
120 -155 0.000000
120 -150 0.000000
120 -145 0.000000
120 -140 0.000000
120 -135 0.000000
120 -130 0.000000
120 -125 0.000000
120 -120 0.000000
120 -115 0.000000
120 -110 0.000000
120 -105 0.000000
120 -100 0.000000
120 -95 0.000000
120 -90 0.000000
120 -85 0.000000
120 -80 0.000000
120 -75 0.000000
120 -70 0.000000
120 -65 0.000000
120 -60 0.000000
120 -55 0.000000
120 -50 0.000000
120 -45 0.000000
120 -40 0.000000
120 -35 0.000000
120 -30 0.000000
120 -25 0.000000
120 -20 0.000000
120 -15 0.000000
120 -10 0.000000
120 -5 0.000000
120 0 0.000000
120 5 0.000000
120 10 0.000000
120 15 0.000000
120 20 0.000000
120 25 0.000000
120 30 0.000000
120 35 0.000000
120 40 0.000000
120 45 0.000000
120 50 0.000000
120 55 0.000000
120 60 0.000000
120 65 0.000000
120 70 0.000000
120 75 0.000000
120 80 0.000000
120 85 0.000000
120 90 0.000000
120 95 0.000000
120 100 0.000000
120 105 0.000000
120 110 0.000000
120 115 0.000000
120 120 0.000000
120 125 0.000000
120 130 0.000000
120 135 0.000000
120 140 0.000000
120 145 0.000000
120 150 0.000000
120 155 0.000000
120 160 0.000000
120 165 0.000000
120 170 0.000000
120 175 0.000000
125 -180 0.000000
125 -175 0.000000
125 -170 0.000000
125 -165 0.000000
125 -160 0.000000
125 -155 0.000000
125 -150 0.000000
125 -145 0.000000
125 -140 0.000000
125 -135 0.000000
125 -130 0.000000
125 -125 0.000000
125 -120 0.000000
125 -115 0.000000
125 -110 0.000000
125 -105 0.000000
125 -100 0.000000
125 -95 0.000000
125 -90 0.000000
125 -85 0.000000
125 -80 0.000000
125 -75 0.000000
125 -70 0.000000
125 -65 0.000000
125 -60 0.000000
125 -55 0.000000
125 -50 0.000000
125 -45 0.000000
125 -40 0.000000
125 -35 0.000000
125 -30 0.000000
125 -25 0.000000
125 -20 0.000000
125 -15 0.000000
125 -10 0.000000
125 -5 0.000000
125 0 0.000000
125 5 0.000000
125 10 0.000000
125 15 0.000000
125 20 0.000000
125 25 0.000000
125 30 0.000000
125 35 0.000000
125 40 0.000000
125 45 0.000000
125 50 0.000000
125 55 0.000000
125 60 0.000000
125 65 0.000000
125 70 0.000000
125 75 0.000000
125 80 0.000000
125 85 0.000000
125 90 0.000000
125 95 0.000000
125 100 0.000000
125 105 0.000000
125 110 0.000000
125 115 0.000000
125 120 0.000000
125 125 0.000000
125 130 0.000000
125 135 0.000000
125 140 0.000000
125 145 0.000000
125 150 0.000000
125 155 0.000000
125 160 0.000000
125 165 0.000000
125 170 0.000000
125 175 0.000000
130 -180 0.000000
130 -175 0.000000
130 -170 0.000000
130 -165 0.000000
130 -160 0.000000
130 -155 0.000000
130 -150 0.000000
130 -145 0.000000
130 -140 0.000000
130 -135 0.000000
130 -130 0.000000
130 -125 0.000000
130 -120 0.000000
130 -115 0.000000
130 -110 0.000000
130 -105 0.000000
130 -100 0.000000
130 -95 0.000000
130 -90 0.000000
130 -85 0.000000
130 -80 0.000000
130 -75 0.000000
130 -70 0.000000
130 -65 0.000000
130 -60 0.000000
130 -55 0.000000
130 -50 0.000000
130 -45 0.000000
130 -40 0.000000
130 -35 0.000000
130 -30 0.000000
130 -25 0.000000
130 -20 0.000000
130 -15 0.000000
130 -10 0.000000
130 -5 0.000000
130 0 0.000000
130 5 0.000000
130 10 0.000000
130 15 0.000000
130 20 0.000000
130 25 0.000000
130 30 0.000000
130 35 0.000000
130 40 0.000000
130 45 0.000000
130 50 0.000000
130 55 0.000000
130 60 0.000000
130 65 0.000000
130 70 0.000000
130 75 0.000000
130 80 0.000000
130 85 0.000000
130 90 0.000000
130 95 0.000000
130 100 0.000000
130 105 0.000000
130 110 0.000000
130 115 0.000000
130 120 0.000000
130 125 0.000000
130 130 0.000000
130 135 0.000000
130 140 0.000000
130 145 0.000000
130 150 0.000000
130 155 0.000000
130 160 0.000000
130 165 0.000000
130 170 0.000000
130 175 0.000000
135 -180 0.000000
135 -175 0.000000
135 -170 0.000000
135 -165 0.000000
135 -160 0.000000
135 -155 0.000000
135 -150 0.000000
135 -145 0.000000
135 -140 0.000000
135 -135 0.000000
135 -130 0.000000
135 -125 0.000000
135 -120 0.000000
135 -115 0.000000
135 -110 0.000000
135 -105 0.000000
135 -100 0.000000
135 -95 0.000000
135 -90 0.000000
135 -85 0.000000
135 -80 0.000000
135 -75 0.000000
135 -70 0.000000
135 -65 0.000000
135 -60 0.000000
135 -55 0.000000
135 -50 0.000000
135 -45 0.000000
135 -40 0.000000
135 -35 0.000000
135 -30 0.000000
135 -25 0.000000
135 -20 0.000000
135 -15 0.000000
135 -10 0.000000
135 -5 0.000000
135 0 0.000000
135 5 0.000000
135 10 0.000000
135 15 0.000000
135 20 0.000000
135 25 0.000000
135 30 0.000000
135 35 0.000000
135 40 0.000000
135 45 0.000000
135 50 0.000000
135 55 0.000000
135 60 0.000000
135 65 0.000000
135 70 0.000000
135 75 0.000000
135 80 0.000000
135 85 0.000000
135 90 0.000000
135 95 0.000000
135 100 0.000000
135 105 0.000000
135 110 0.000000
135 115 0.000000
135 120 0.000000
135 125 0.000000
135 130 0.000000
135 135 0.000000
135 140 0.000000
135 145 0.000000
135 150 0.000000
135 155 0.000000
135 160 0.000000
135 165 0.000000
135 170 0.000000
135 175 0.000000
140 -180 0.000000
140 -175 0.000000
140 -170 0.000000
140 -165 0.000000
140 -160 0.000000
140 -155 0.000000
140 -150 0.000000
140 -145 0.000000
140 -140 0.000000
140 -135 0.000000
140 -130 0.000000
140 -125 0.000000
140 -120 0.000000
140 -115 0.000000
140 -110 0.000000
140 -105 0.000000
140 -100 0.000000
140 -95 0.000000
140 -90 0.000000
140 -85 0.000000
140 -80 0.000000
140 -75 0.000000
140 -70 0.000000
140 -65 0.000000
140 -60 0.000000
140 -55 0.000000
140 -50 0.000000
140 -45 0.000000
140 -40 0.000000
140 -35 0.000000
140 -30 0.000000
140 -25 0.000000
140 -20 0.000000
140 -15 0.000000
140 -10 0.000000
140 -5 0.000000
140 0 0.000000
140 5 0.000000
140 10 0.000000
140 15 0.000000
140 20 0.000000
140 25 0.000000
140 30 0.000000
140 35 0.000000
140 40 0.000000
140 45 0.000000
140 50 0.000000
140 55 0.000000
140 60 0.000000
140 65 0.000000
140 70 0.000000
140 75 0.000000
140 80 0.000000
140 85 0.000000
140 90 0.000000
140 95 0.000000
140 100 0.000000
140 105 0.000000
140 110 0.000000
140 115 0.000000
140 120 0.000000
140 125 0.000000
140 130 0.000000
140 135 0.000000
140 140 0.000000
140 145 0.000000
140 150 0.000000
140 155 0.000000
140 160 0.000000
140 165 0.000000
140 170 0.000000
140 175 0.000000
145 -180 0.000000
145 -175 0.000000
145 -170 0.000000
145 -165 0.000000
145 -160 0.000000
145 -155 0.000000
145 -150 0.000000
145 -145 0.000000
145 -140 0.000000
145 -135 0.000000
145 -130 0.000000
145 -125 0.000000
145 -120 0.000000
145 -115 0.000000
145 -110 0.000000
145 -105 0.000000
145 -100 0.000000
145 -95 0.000000
145 -90 0.000000
145 -85 0.000000
145 -80 0.000000
145 -75 0.000000
145 -70 0.000000
145 -65 0.000000
145 -60 0.000000
145 -55 0.000000
145 -50 0.000000
145 -45 0.000000
145 -40 0.000000
145 -35 0.000000
145 -30 0.000000
145 -25 0.000000
145 -20 0.000000
145 -15 0.000000
145 -10 0.000000
145 -5 0.000000
145 0 0.000000
145 5 0.000000
145 10 0.000000
145 15 0.000000
145 20 0.000000
145 25 0.000000
145 30 0.000000
145 35 0.000000
145 40 0.000000
145 45 0.000000
145 50 0.000000
145 55 0.000000
145 60 0.000000
145 65 0.000000
145 70 0.000000
145 75 0.000000
145 80 0.000000
145 85 0.000000
145 90 0.000000
145 95 0.000000
145 100 0.000000
145 105 0.000000
145 110 0.000000
145 115 0.000000
145 120 0.000000
145 125 0.000000
145 130 0.000000
145 135 0.000000
145 140 0.000000
145 145 0.000000
145 150 0.000000
145 155 0.000000
145 160 0.000000
145 165 0.000000
145 170 0.000000
145 175 0.000000
150 -180 0.000000
150 -175 0.000000
150 -170 0.000000
150 -165 0.000000
150 -160 0.000000
150 -155 0.000000
150 -150 0.000000
150 -145 0.000000
150 -140 0.000000
150 -135 0.000000
150 -130 0.000000
150 -125 0.000000
150 -120 0.000000
150 -115 0.000000
150 -110 0.000000
150 -105 0.000000
150 -100 0.000000
150 -95 0.000000
150 -90 0.000000
150 -85 0.000000
150 -80 0.000000
150 -75 0.000000
150 -70 0.000000
150 -65 0.000000
150 -60 0.000000
150 -55 0.000000
150 -50 0.000000
150 -45 0.000000
150 -40 0.000000
150 -35 0.000000
150 -30 0.000000
150 -25 0.000000
150 -20 0.000000
150 -15 0.000000
150 -10 0.000000
150 -5 0.000000
150 0 0.000000
150 5 0.000000
150 10 0.000000
150 15 0.000000
150 20 0.000000
150 25 0.000000
150 30 0.000000
150 35 0.000000
150 40 0.000000
150 45 0.000000
150 50 0.000000
150 55 0.000000
150 60 0.000000
150 65 0.000000
150 70 0.000000
150 75 0.000000
150 80 0.000000
150 85 0.000000
150 90 0.000000
150 95 0.000000
150 100 0.000000
150 105 0.000000
150 110 0.000000
150 115 0.000000
150 120 0.000000
150 125 0.000000
150 130 0.000000
150 135 0.000000
150 140 0.000000
150 145 0.000000
150 150 0.000000
150 155 0.000000
150 160 0.000000
150 165 0.000000
150 170 0.000000
150 175 0.000000
155 -180 0.000000
155 -175 0.000000
155 -170 0.000000
155 -165 0.000000
155 -160 0.000000
155 -155 0.000000
155 -150 0.000000
155 -145 0.000000
155 -140 0.000000
155 -135 0.000000
155 -130 0.000000
155 -125 0.000000
155 -120 0.000000
155 -115 0.000000
155 -110 0.000000
155 -105 0.000000
155 -100 0.000000
155 -95 0.000000
155 -90 0.000000
155 -85 0.000000
155 -80 0.000000
155 -75 0.000000
155 -70 0.000000
155 -65 0.000000
155 -60 0.000000
155 -55 0.000000
155 -50 0.000000
155 -45 0.000000
155 -40 0.000000
155 -35 0.000000
155 -30 0.000000
155 -25 0.000000
155 -20 0.000000
155 -15 0.000000
155 -10 0.000000
155 -5 0.000000
155 0 0.000000
155 5 0.000000
155 10 0.000000
155 15 0.000000
155 20 0.000000
155 25 0.000000
155 30 0.000000
155 35 0.000000
155 40 0.000000
155 45 0.000000
155 50 0.000000
155 55 0.000000
155 60 0.000000
155 65 0.000000
155 70 0.000000
155 75 0.000000
155 80 0.000000
155 85 0.000000
155 90 0.000000
155 95 0.000000
155 100 0.000000
155 105 0.000000
155 110 0.000000
155 115 0.000000
155 120 0.000000
155 125 0.000000
155 130 0.000079
155 135 0.000202
155 140 0.000384
155 145 0.000571
155 150 0.000666
155 155 0.000609
155 160 0.000437
155 165 0.000246
155 170 0.000110
155 175 0.000013
160 -180 0.000485
160 -175 0.000161
160 -170 0.000000
160 -165 0.000000
160 -160 0.000000
160 -155 0.000000
160 -150 0.000000
160 -145 0.000000
160 -140 0.000000
160 -135 0.000000
160 -130 0.000000
160 -125 0.000000
160 -120 0.000000
160 -115 0.000000
160 -110 0.000000
160 -105 0.000000
160 -100 0.000000
160 -95 0.000000
160 -90 0.000000
160 -85 0.000000
160 -80 0.000000
160 -75 0.000000
160 -70 0.000000
160 -65 0.000000
160 -60 0.000000
160 -55 0.000000
160 -50 0.000000
160 -45 0.000000
160 -40 0.000000
160 -35 0.000000
160 -30 0.000000
160 -25 0.000000
160 -20 0.000000
160 -15 0.000000
160 -10 0.000000
160 -5 0.000000
160 0 0.000000
160 5 0.000000
160 10 0.000000
160 15 0.000000
160 20 0.000000
160 25 0.000000
160 30 0.000000
160 35 0.000000
160 40 0.000000
160 45 0.000000
160 50 0.000000
160 55 0.000000
160 60 0.000000
160 65 0.000000
160 70 0.000000
160 75 0.000000
160 80 0.000000
160 85 0.000000
160 90 0.000000
160 95 0.000000
160 100 0.000000
160 105 0.000000
160 110 0.000000
160 115 0.000000
160 120 0.000000
160 125 0.000000
160 130 0.000767
160 135 0.001964
160 140 0.003835
160 145 0.005957
160 150 0.007308
160 155 0.007287
160 160 0.006029
160 165 0.004231
160 170 0.002558
160 175 0.001083
165 -180 0.005651
165 -175 0.002408
165 -170 0.000467
165 -165 0.000082
165 -160 0.000000
165 -155 0.000000
165 -150 0.000000
165 -145 0.000000
165 -140 0.000000
165 -135 0.000000
165 -130 0.000000
165 -125 0.000000
165 -120 0.000000
165 -115 0.000000
165 -110 0.000000
165 -105 0.000000
165 -100 0.000000
165 -95 0.000000
165 -90 0.000000
165 -85 0.000000
165 -80 0.000000
165 -75 0.000000
165 -70 0.000000
165 -65 0.000000
165 -60 0.000000
165 -55 0.000000
165 -50 0.000000
165 -45 0.000000
165 -40 0.000000
165 -35 0.000000
165 -30 0.000000
165 -25 0.000000
165 -20 0.000000
165 -15 0.000000
165 -10 0.000000
165 -5 0.000000
165 0 0.000000
165 5 0.000000
165 10 0.000000
165 15 0.000000
165 20 0.000000
165 25 0.000000
165 30 0.000000
165 35 0.000000
165 40 0.000000
165 45 0.000000
165 50 0.000000
165 55 0.000000
165 60 0.000000
165 65 0.000000
165 70 0.000000
165 75 0.000000
165 80 0.000000
165 85 0.000000
165 90 0.000000
165 95 0.000000
165 100 0.000000
165 105 0.000049
165 110 0.000374
165 115 0.000834
165 120 0.001468
165 125 0.002034
165 130 0.003953
165 135 0.006475
165 140 0.010615
165 145 0.016602
165 150 0.021942
165 155 0.025049
165 160 0.025153
165 165 0.022129
165 170 0.016875
165 175 0.010377
170 -180 0.030295
170 -175 0.016316
170 -170 0.007096
170 -165 0.002977
170 -160 0.001463
170 -155 0.000778
170 -150 0.000316
170 -145 0.000000
170 -140 0.000000
170 -135 0.000000
170 -130 0.000000
170 -125 0.000000
170 -120 0.000000
170 -115 0.000000
170 -110 0.000000
170 -105 0.000000
170 -100 0.000000
170 -95 0.000000
170 -90 0.000000
170 -85 0.000000
170 -80 0.000000
170 -75 0.000000
170 -70 0.000000
170 -65 0.000000
170 -60 0.000000
170 -55 0.000000
170 -50 0.000000
170 -45 0.000000
170 -40 0.000000
170 -35 0.000000
170 -30 0.000000
170 -25 0.000000
170 -20 0.000000
170 -15 0.000000
170 -10 0.000000
170 -5 0.000000
170 0 0.000000
170 5 0.000000
170 10 0.000000
170 15 0.000000
170 20 0.000000
170 25 0.000000
170 30 0.000000
170 35 0.000000
170 40 0.000000
170 45 0.000000
170 50 0.000000
170 55 0.000000
170 60 0.000000
170 65 0.000000
170 70 0.000027
170 75 0.000176
170 80 0.000387
170 85 0.000672
170 90 0.000920
170 95 0.000992
170 100 0.000840
170 105 0.000749
170 110 0.001748
170 115 0.003363
170 120 0.006141
170 125 0.009330
170 130 0.015626
170 135 0.024439
170 140 0.037211
170 145 0.055204
170 150 0.073261
170 155 0.085769
170 160 0.090109
170 165 0.084354
170 170 0.069989
170 175 0.049191
175 -180 0.097234
175 -175 0.054639
175 -170 0.026488
175 -165 0.011762
175 -160 0.005742
175 -155 0.002880
175 -150 0.001159
175 -145 0.000000
175 -140 0.000000
175 -135 0.000000
175 -130 0.000000
175 -125 0.000000
175 -120 0.000086
175 -115 0.000226
175 -110 0.000434
175 -105 0.000653
175 -100 0.000771
175 -95 0.000716
175 -90 0.000523
175 -85 0.000301
175 -80 0.000137
175 -75 0.000021
175 -70 0.000000
175 -65 0.000000
175 -60 0.000000
175 -55 0.000000
175 -50 0.000000
175 -45 0.000000
175 -40 0.000000
175 -35 0.000000
175 -30 0.000000
175 -25 0.000000
175 -20 0.000000
175 -15 0.000000
175 -10 0.000000
175 -5 0.000000
175 0 0.000000
175 5 0.000000
175 10 0.000000
175 15 0.000000
175 20 0.000000
175 25 0.000000
175 30 0.000000
175 35 0.000000
175 40 0.000000
175 45 0.000000
175 50 0.000000
175 55 0.000000
175 60 0.000000
175 65 0.000000
175 70 0.000191
175 75 0.001223
175 80 0.002691
175 85 0.004673
175 90 0.006415
175 95 0.006951
175 100 0.005952
175 105 0.004453
175 110 0.005457
175 115 0.008572
175 120 0.014908
175 125 0.024070
175 130 0.040604
175 135 0.068128
175 140 0.108160
175 145 0.163467
175 150 0.221703
175 155 0.263520
175 160 0.278090
175 165 0.260458
175 170 0.216535
175 175 0.155568
