-180 -180 0.074419
-180 -175 0.041465
-180 -170 0.019104
-180 -165 0.008199
-180 -160 0.003034
-180 -155 0.000942
-180 -150 0.000000
-180 -145 0.000000
-180 -140 0.000000
-180 -135 0.000000
-180 -130 0.000000
-180 -125 0.000000
-180 -120 0.000000
-180 -115 0.000000
-180 -110 0.000000
-180 -105 0.000000
-180 -100 0.000000
-180 -95 0.000000
-180 -90 0.000000
-180 -85 0.000000
-180 -80 0.000000
-180 -75 0.000000
-180 -70 0.000000
-180 -65 0.000000
-180 -60 0.000000
-180 -55 0.000000
-180 -50 0.000000
-180 -45 0.000000
-180 -40 0.000000
-180 -35 0.000000
-180 -30 0.000000
-180 -25 0.000000
-180 -20 0.000000
-180 -15 0.000000
-180 -10 0.000000
-180 -5 0.000000
-180 0 0.000000
-180 5 0.000000
-180 10 0.000000
-180 15 0.000000
-180 20 0.000000
-180 25 0.000000
-180 30 0.000000
-180 35 0.000000
-180 40 0.000000
-180 45 0.000000
-180 50 0.000000
-180 55 0.000000
-180 60 0.000000
-180 65 0.000000
-180 70 0.000000
-180 75 0.000000
-180 80 0.000000
-180 85 0.000000
-180 90 0.000000
-180 95 0.000000
-180 100 0.000000
-180 105 0.000000
-180 110 0.000000
-180 115 0.000000
-180 120 0.001268
-180 125 0.006423
-180 130 0.016403
-180 135 0.032768
-180 140 0.056987
-180 145 0.089007
-180 150 0.123056
-180 155 0.154959
-180 160 0.175816
-180 165 0.176046
-180 170 0.152323
-180 175 0.114337
-175 -180 0.156749
-175 -175 0.086286
-175 -170 0.039655
-175 -165 0.016184
-175 -160 0.005770
-175 -155 0.001791
-175 -150 0.000000
-175 -145 0.000000
-175 -140 0.000000
-175 -135 0.000000
-175 -130 0.000000
-175 -125 0.000000
-175 -120 0.000000
-175 -115 0.000000
-175 -110 0.000000
-175 -105 0.000000
-175 -100 0.000000
-175 -95 0.000000
-175 -90 0.000000
-175 -85 0.000000
-175 -80 0.000000
-175 -75 0.000000
-175 -70 0.000000
-175 -65 0.000000
-175 -60 0.000000
-175 -55 0.000000
-175 -50 0.000000
-175 -45 0.000000
-175 -40 0.000000
-175 -35 0.000000
-175 -30 0.000000
-175 -25 0.000000
-175 -20 0.000000
-175 -15 0.000000
-175 -10 0.000000
-175 -5 0.000000
-175 0 0.000000
-175 5 0.000000
-175 10 0.000000
-175 15 0.000000
-175 20 0.000000
-175 25 0.000000
-175 30 0.000000
-175 35 0.000000
-175 40 0.000000
-175 45 0.000000
-175 50 0.000000
-175 55 0.000000
-175 60 0.000103
-175 65 0.000541
-175 70 0.001167
-175 75 0.001990
-175 80 0.002678
-175 85 0.002844
-175 90 0.002378
-175 95 0.001564
-175 100 0.001179
-175 105 0.001302
-175 110 0.002088
-175 115 0.003556
-175 120 0.008786
-175 125 0.020325
-175 130 0.040683
-175 135 0.072597
-175 140 0.119869
-175 145 0.182281
-175 150 0.252875
-175 155 0.321480
-175 160 0.367690
-175 165 0.369655
-175 170 0.321692
-175 175 0.241782
-170 -180 0.263640
-170 -175 0.144828
-170 -170 0.066952
-170 -165 0.026329
-170 -160 0.008980
-170 -155 0.002666
-170 -150 0.000000
-170 -145 0.000000
-170 -140 0.000000
-170 -135 0.000000
-170 -130 0.000000
-170 -125 0.000000
-170 -120 0.000000
-170 -115 0.000000
-170 -110 0.000000
-170 -105 0.000000
-170 -100 0.000000
-170 -95 0.000000
-170 -90 0.000000
-170 -85 0.000000
-170 -80 0.000000
-170 -75 0.000000
-170 -70 0.000000
-170 -65 0.000000
-170 -60 0.000000
-170 -55 0.000000
-170 -50 0.000000
-170 -45 0.000000
-170 -40 0.000000
-170 -35 0.000000
-170 -30 0.000000
-170 -25 0.000000
-170 -20 0.000000
-170 -15 0.000000
-170 -10 0.000000
-170 -5 0.000000
-170 0 0.000000
-170 5 0.000000
-170 10 0.000000
-170 15 0.000000
-170 20 0.000000
-170 25 0.000000
-170 30 0.000000
-170 35 0.000000
-170 40 0.000069
-170 45 0.000783
-170 50 0.001791
-170 55 0.003219
-170 60 0.004883
-170 65 0.006816
-170 70 0.008218
-170 75 0.009546
-170 80 0.010449
-170 85 0.010065
-170 90 0.007900
-170 95 0.005760
-170 100 0.005259
-170 105 0.006783
-170 110 0.010468
-170 115 0.015732
-170 120 0.027234
-170 125 0.047313
-170 130 0.081355
-170 135 0.134295
-170 140 0.212335
-170 145 0.313308
-170 150 0.429535
-170 155 0.541915
-170 160 0.616590
-170 165 0.617885
-170 170 0.538628
-170 175 0.405985
-165 -180 0.368685
-165 -175 0.200007
-165 -170 0.092227
-165 -165 0.034666
-165 -160 0.011213
-165 -155 0.003107
-165 -150 0.000000
-165 -145 0.000000
-165 -140 0.000000
-165 -135 0.000000
-165 -130 0.000000
-165 -125 0.000000
-165 -120 0.000000
-165 -115 0.000000
-165 -110 0.000000
-165 -105 0.000000
-165 -100 0.000000
-165 -95 0.000000
-165 -90 0.000000
-165 -85 0.000000
-165 -80 0.000000
-165 -75 0.000000
-165 -70 0.000000
-165 -65 0.000000
-165 -60 0.000000
-165 -55 0.000000
-165 -50 0.000333
-165 -45 0.000894
-165 -40 0.001720
-165 -35 0.002596
-165 -30 0.003077
-165 -25 0.002870
-165 -20 0.002108
-165 -15 0.001221
-165 -10 0.000559
-165 -5 0.000152
-165 0 0.000234
-165 5 0.000487
-165 10 0.001421
-165 15 0.002583
-165 20 0.003977
-165 25 0.005149
-165 30 0.005481
-165 35 0.004713
-165 40 0.003388
-165 45 0.003689
-165 50 0.005243
-165 55 0.008191
-165 60 0.012258
-165 65 0.016557
-165 70 0.019237
-165 75 0.021340
-165 80 0.022458
-165 85 0.021076
-165 90 0.016538
-165 95 0.013118
-165 100 0.013519
-165 105 0.018456
-165 110 0.027579
-165 115 0.039247
-165 120 0.059814
-165 125 0.091765
-165 130 0.143996
-165 135 0.225153
-165 140 0.342502
-165 145 0.487912
-165 150 0.653560
-165 155 0.807295
-165 160 0.901205
-165 165 0.888417
-165 170 0.766113
-165 175 0.573040
-160 -180 0.453260
-160 -175 0.241825
-160 -170 0.110644
-160 -165 0.039167
-160 -160 0.011798
-160 -155 0.002840
-160 -150 0.000000
-160 -145 0.000000
-160 -140 0.000000
-160 -135 0.000000
-160 -130 0.000000
-160 -125 0.000000
-160 -120 0.000000
-160 -115 0.000000
-160 -110 0.000000
-160 -105 0.000000
-160 -100 0.000000
-160 -95 0.000191
-160 -90 0.000772
-160 -85 0.001745
-160 -80 0.003299
-160 -75 0.004837
-160 -70 0.005890
-160 -65 0.006002
-160 -60 0.005125
-160 -55 0.003648
-160 -50 0.003141
-160 -45 0.003754
-160 -40 0.005799
-160 -35 0.008267
-160 -30 0.009800
-160 -25 0.009138
-160 -20 0.006713
-160 -15 0.003890
-160 -10 0.001781
-160 -5 0.000671
-160 0 0.001557
-160 5 0.003508
-160 10 0.007563
-160 15 0.012082
-160 20 0.016710
-160 25 0.020042
-160 30 0.020753
-160 35 0.018772
-160 40 0.015136
-160 45 0.014626
-160 50 0.016739
-160 55 0.023013
-160 60 0.032875
-160 65 0.043026
-160 70 0.049146
-160 75 0.052147
-160 80 0.051174
-160 85 0.045338
-160 90 0.035611
-160 95 0.030272
-160 100 0.032660
-160 105 0.044704
-160 110 0.063913
-160 115 0.086329
-160 120 0.117972
-160 125 0.163935
-160 130 0.235279
-160 135 0.345605
-160 140 0.503510
-160 145 0.689598
-160 150 0.895372
-160 155 1.074843
-160 160 1.170845
-160 165 1.131525
-160 170 0.961612
-160 175 0.712315
-155 -180 0.506000
-155 -175 0.269943
-155 -170 0.126442
-155 -165 0.045631
-155 -160 0.014969
-155 -155 0.004023
-155 -150 0.001025
-155 -145 0.000373
-155 -140 0.000000
-155 -135 0.000000
-155 -130 0.000000
-155 -125 0.000000
-155 -120 0.000000
-155 -115 0.000000
-155 -110 0.000000
-155 -105 0.000000
-155 -100 0.000000
-155 -95 0.000558
-155 -90 0.002249
-155 -85 0.005106
-155 -80 0.009712
-155 -75 0.014305
-155 -70 0.017517
-155 -65 0.018207
-155 -60 0.016462
-155 -55 0.013203
-155 -50 0.012253
-155 -45 0.013749
-155 -40 0.017914
-155 -35 0.022184
-155 -30 0.024139
-155 -25 0.021440
-155 -20 0.015305
-155 -15 0.008758
-155 -10 0.004245
-155 -5 0.001894
-155 0 0.004161
-155 5 0.009342
-155 10 0.019114
-155 15 0.030120
-155 20 0.041450
-155 25 0.049548
-155 30 0.052270
-155 35 0.049785
-155 40 0.043677
-155 45 0.042931
-155 50 0.047179
-155 55 0.060404
-155 60 0.081603
-155 65 0.102128
-155 70 0.112714
-155 75 0.113014
-155 80 0.103796
-155 85 0.087351
-155 90 0.068700
-155 95 0.060972
-155 100 0.066526
-155 105 0.089011
-155 110 0.123320
-155 115 0.162253
-155 120 0.208681
-155 125 0.270427
-155 130 0.358365
-155 135 0.491555
-155 140 0.682413
-155 145 0.899832
-155 150 1.129925
-155 155 1.312175
-155 160 1.386923
-155 165 1.306675
-155 170 1.089597
-155 175 0.799205
-150 -180 0.537230
-150 -175 0.289098
-150 -170 0.141079
-150 -165 0.054443
-150 -160 0.020843
-150 -155 0.006936
-150 -150 0.002988
-150 -145 0.001087
-150 -140 0.000000
-150 -135 0.000000
-150 -130 0.000000
-150 -125 0.000000
-150 -120 0.000000
-150 -115 0.000000
-150 -110 0.000000
-150 -105 0.000000
-150 -100 0.000000
-150 -95 0.001095
-150 -90 0.004412
-150 -85 0.010027
-150 -80 0.019098
-150 -75 0.028159
-150 -70 0.034524
-150 -65 0.036063
-150 -60 0.033081
-150 -55 0.027269
-150 -50 0.025792
-150 -45 0.028709
-150 -40 0.036095
-150 -35 0.043067
-150 -30 0.046408
-150 -25 0.042879
-150 -20 0.035010
-150 -15 0.028566
-150 -10 0.025966
-150 -5 0.025066
-150 0 0.029220
-150 5 0.035944
-150 10 0.049321
-150 15 0.065299
-150 20 0.084292
-150 25 0.099041
-150 30 0.105781
-150 35 0.104864
-150 40 0.097193
-150 45 0.096102
-150 50 0.102691
-150 55 0.124295
-150 60 0.160004
-150 65 0.193197
-150 70 0.208807
-150 75 0.203025
-150 80 0.179648
-150 85 0.146909
-150 90 0.117245
-150 95 0.107205
-150 100 0.117112
-150 105 0.151696
-150 110 0.203971
-150 115 0.262285
-150 120 0.324720
-150 125 0.401512
-150 130 0.502010
-150 135 0.650027
-150 140 0.867470
-150 145 1.112295
-150 150 1.360102
-150 155 1.532612
-150 160 1.571522
-150 165 1.440288
-150 170 1.174543
-150 175 0.851030
-145 -180 0.562260
-145 -175 0.307975
-145 -170 0.157937
-145 -165 0.066612
-145 -160 0.029944
-145 -155 0.011862
-145 -150 0.005863
-145 -145 0.002132
-145 -140 0.000000
-145 -135 0.000000
-145 -130 0.000000
-145 -125 0.000000
-145 -120 0.000000
-145 -115 0.000000
-145 -110 0.000000
-145 -105 0.000000
-145 -100 0.000000
-145 -95 0.001691
-145 -90 0.006814
-145 -85 0.015501
-145 -80 0.029570
-145 -75 0.043649
-145 -70 0.053591
-145 -65 0.056275
-145 -60 0.052372
-145 -55 0.044318
-145 -50 0.042669
-145 -45 0.047195
-145 -40 0.057700
-145 -35 0.066858
-145 -30 0.071928
-145 -25 0.069602
-145 -20 0.063679
-145 -15 0.062821
-145 -10 0.067370
-145 -5 0.071838
-145 0 0.079695
-145 5 0.088536
-145 10 0.104991
-145 15 0.125928
-145 20 0.153713
-145 25 0.175754
-145 30 0.186435
-145 35 0.186901
-145 40 0.176931
-145 45 0.174434
-145 50 0.184275
-145 55 0.217525
-145 60 0.271860
-145 65 0.320320
-145 70 0.340215
-145 75 0.323433
-145 80 0.279398
-145 85 0.224986
-145 90 0.182444
-145 95 0.168147
-145 100 0.181872
-145 105 0.227979
-145 110 0.300478
-145 115 0.382480
-145 120 0.465195
-145 125 0.556222
-145 130 0.660493
-145 135 0.805865
-145 140 1.031265
-145 145 1.289937
-145 150 1.548593
-145 155 1.709585
-145 160 1.717092
-145 165 1.542850
-145 170 1.237553
-145 175 0.888945
-140 -180 0.576445
-140 -175 0.323805
-140 -170 0.175132
-140 -165 0.081620
-140 -160 0.041853
-140 -155 0.018834
-140 -150 0.009464
-140 -145 0.003292
-140 -140 0.000000
-140 -135 0.000000
-140 -130 0.000000
-140 -125 0.000000
-140 -120 0.000000
-140 -115 0.000000
-140 -110 0.000000
-140 -105 0.000000
-140 -100 0.000000
-140 -95 0.002058
-140 -90 0.008295
-140 -85 0.018891
-140 -80 0.036101
-140 -75 0.053358
-140 -70 0.065613
-140 -65 0.069311
-140 -60 0.065723
-140 -55 0.057506
-140 -50 0.057393
-140 -45 0.064343
-140 -40 0.078443
-140 -35 0.090672
-140 -30 0.101072
-140 -25 0.107372
-140 -20 0.113683
-140 -15 0.130314
-140 -10 0.151510
-140 -5 0.167628
-140 0 0.180726
-140 5 0.189887
-140 10 0.204856
-140 15 0.226108
-140 20 0.259725
-140 25 0.285562
-140 30 0.295365
-140 35 0.292378
-140 40 0.274948
-140 45 0.265685
-140 50 0.274825
-140 55 0.317273
-140 60 0.387275
-140 65 0.448265
-140 70 0.471508
-140 75 0.443873
-140 80 0.381380
-140 85 0.308770
-140 90 0.256862
-140 95 0.237623
-140 100 0.252025
-140 105 0.303825
-140 110 0.391997
-140 115 0.495883
-140 120 0.601272
-140 125 0.707723
-140 130 0.814125
-140 135 0.949623
-140 140 1.169910
-140 145 1.430352
-140 150 1.690418
-140 155 1.836108
-140 160 1.815488
-140 165 1.606557
-140 170 1.272668
-140 175 0.907750
-135 -180 0.575723
-135 -175 0.333925
-135 -170 0.189822
-135 -165 0.096200
-135 -160 0.053470
-135 -155 0.025845
-135 -150 0.012480
-135 -145 0.004008
-135 -140 0.000000
-135 -135 0.000000
-135 -130 0.000000
-135 -125 0.000000
-135 -120 0.000000
-135 -115 0.000000
-135 -110 0.000000
-135 -105 0.000000
-135 -100 0.000000
-135 -95 0.001977
-135 -90 0.007970
-135 -85 0.018175
-135 -80 0.034797
-135 -75 0.051504
-135 -70 0.063440
-135 -65 0.067464
-135 -60 0.065771
-135 -55 0.060446
-135 -50 0.064134
-135 -45 0.074524
-135 -40 0.092042
-135 -35 0.107843
-135 -30 0.127533
-135 -25 0.150997
-135 -20 0.181764
-135 -15 0.229324
-135 -10 0.276877
-135 -5 0.311020
-135 0 0.331275
-135 5 0.341212
-135 10 0.353110
-135 15 0.372142
-135 20 0.407878
-135 25 0.431240
-135 30 0.430615
-135 35 0.413085
-135 40 0.376677
-135 45 0.349803
-135 50 0.349655
-135 55 0.393620
-135 60 0.469975
-135 65 0.535450
-135 70 0.558183
-135 75 0.522115
-135 80 0.449103
-135 85 0.368590
-135 90 0.316005
-135 95 0.295230
-135 100 0.311860
-135 105 0.367578
-135 110 0.468605
-135 115 0.592850
-135 120 0.721747
-135 125 0.843830
-135 130 0.952898
-135 135 1.077375
-135 140 1.281373
-135 145 1.527925
-135 150 1.774112
-135 155 1.896035
-135 160 1.847947
-135 165 1.615228
-135 170 1.269058
-135 175 0.901100
-130 -180 0.544635
-130 -175 0.324467
-130 -170 0.191007
-130 -165 0.102085
-130 -160 0.059168
-130 -155 0.029729
-130 -150 0.013567
-130 -145 0.003851
-130 -140 0.000160
-130 -135 0.000545
-130 -130 0.001103
-130 -125 0.001764
-130 -120 0.002230
-130 -115 0.002230
-130 -110 0.001764
-130 -105 0.001103
-130 -100 0.000545
-130 -95 0.001662
-130 -90 0.006051
-130 -85 0.013818
-130 -80 0.026509
-130 -75 0.039295
-130 -70 0.048489
-130 -65 0.051943
-130 -60 0.052850
-130 -55 0.052184
-130 -50 0.060940
-130 -45 0.075755
-130 -40 0.098377
-130 -35 0.122244
-130 -30 0.158270
-130 -25 0.207385
-130 -20 0.272605
-130 -15 0.359113
-130 -10 0.439132
-130 -5 0.498640
-130 0 0.533530
-130 5 0.550120
-130 10 0.559628
-130 15 0.571410
-130 20 0.596877
-130 25 0.600075
-130 30 0.570165
-130 35 0.520347
-130 40 0.450728
-130 45 0.395105
-130 50 0.376010
-130 55 0.411237
-130 60 0.481222
-130 65 0.541573
-130 70 0.561833
-130 75 0.525502
-130 80 0.456240
-130 85 0.383515
-130 90 0.341647
-130 95 0.325920
-130 100 0.347307
-130 105 0.406745
-130 110 0.516380
-130 115 0.654865
-130 120 0.801865
-130 125 0.937662
-130 130 1.051425
-130 135 1.169698
-130 140 1.351687
-130 145 1.569703
-130 150 1.782780
-130 155 1.868828
-130 160 1.791692
-130 165 1.546412
-130 170 1.205300
-130 175 0.850978
-125 -180 0.487553
-125 -175 0.298085
-125 -170 0.180773
-125 -165 0.100585
-125 -160 0.059546
-125 -155 0.030499
-125 -150 0.012844
-125 -145 0.002924
-125 -140 0.000606
-125 -135 0.002060
-125 -130 0.004170
-125 -125 0.006667
-125 -120 0.008429
-125 -115 0.008429
-125 -110 0.006667
-125 -105 0.004331
-125 -100 0.002635
-125 -95 0.002684
-125 -90 0.005533
-125 -85 0.010735
-125 -80 0.018426
-125 -75 0.025674
-125 -70 0.030619
-125 -65 0.032661
-125 -60 0.036874
-125 -55 0.043591
-125 -50 0.061353
-125 -45 0.085616
-125 -40 0.117567
-125 -35 0.152874
-125 -30 0.206553
-125 -25 0.279840
-125 -20 0.379480
-125 -15 0.504622
-125 -10 0.619233
-125 -5 0.710960
-125 0 0.769238
-125 5 0.799978
-125 10 0.808230
-125 15 0.806205
-125 20 0.806383
-125 25 0.769823
-125 30 0.692545
-125 35 0.595485
-125 40 0.482163
-125 45 0.390745
-125 50 0.344342
-125 55 0.360265
-125 60 0.411760
-125 65 0.460470
-125 70 0.480563
-125 75 0.456415
-125 80 0.407060
-125 85 0.356457
-125 90 0.332907
-125 95 0.326580
-125 100 0.353822
-125 105 0.418543
-125 110 0.533020
-125 115 0.680183
-125 120 0.839718
-125 125 0.988440
-125 130 1.111580
-125 135 1.230575
-125 140 1.387722
-125 145 1.562363
-125 150 1.720032
-125 155 1.756992
-125 160 1.648983
-125 165 1.402845
-125 170 1.084245
-125 175 0.761062
-120 -180 0.415880
-120 -175 0.261465
-120 -170 0.162693
-120 -165 0.093315
-120 -160 0.055458
-120 -155 0.028462
-120 -150 0.010958
-120 -145 0.001755
-120 -140 0.001250
-120 -135 0.004247
-120 -130 0.008598
-120 -125 0.013749
-120 -120 0.017382
-120 -115 0.017382
-120 -110 0.013749
-120 -105 0.009190
-120 -100 0.007031
-120 -95 0.007805
-120 -90 0.012196
-120 -85 0.018156
-120 -80 0.022927
-120 -75 0.024443
-120 -70 0.023802
-120 -65 0.023022
-120 -60 0.030326
-120 -55 0.046887
-120 -50 0.078221
-120 -45 0.118562
-120 -40 0.165220
-120 -35 0.215375
-120 -30 0.286822
-120 -25 0.379983
-120 -20 0.512313
-120 -15 0.677200
-120 -10 0.833085
-120 -5 0.967565
-120 0 1.057702
-120 5 1.103452
-120 10 1.100497
-120 15 1.063985
-120 20 1.011465
-120 25 0.908662
-120 30 0.767343
-120 35 0.616600
-120 40 0.461772
-120 45 0.341245
-120 50 0.271528
-120 55 0.267480
-120 60 0.298177
-120 65 0.335738
-120 70 0.359428
-120 75 0.354630
-120 80 0.331907
-120 85 0.307528
-120 90 0.302295
-120 95 0.308835
-120 100 0.344622
-120 105 0.419397
-120 110 0.540338
-120 115 0.694615
-120 120 0.862120
-120 125 1.019685
-120 130 1.150602
-120 135 1.268262
-120 140 1.394175
-120 145 1.513418
-120 150 1.598680
-120 155 1.576908
-120 160 1.438885
-120 165 1.202740
-120 170 0.921705
-120 175 0.644962
-115 -180 0.344755
-115 -175 0.218842
-115 -170 0.136772
-115 -165 0.079130
-115 -160 0.046585
-115 -155 0.023795
-115 -150 0.008481
-115 -145 0.000834
-115 -140 0.002038
-115 -135 0.006926
-115 -130 0.014020
-115 -125 0.022420
-115 -120 0.028344
-115 -115 0.028344
-115 -110 0.022420
-115 -105 0.015235
-115 -100 0.012871
-115 -95 0.015898
-115 -90 0.024493
-115 -85 0.034541
-115 -80 0.039295
-115 -75 0.036159
-115 -70 0.029667
-115 -65 0.025131
-115 -60 0.035131
-115 -55 0.063294
-115 -50 0.112134
-115 -45 0.175121
-115 -40 0.242744
-115 -35 0.311910
-115 -30 0.401718
-115 -25 0.510193
-115 -20 0.674262
-115 -15 0.884337
-115 -10 1.095432
-115 -5 1.288515
-115 0 1.417388
-115 5 1.465800
-115 10 1.422297
-115 15 1.312528
-115 20 1.172597
-115 25 0.981130
-115 30 0.771668
-115 35 0.576685
-115 40 0.397175
-115 45 0.265877
-115 50 0.188548
-115 55 0.172922
-115 60 0.188391
-115 65 0.218170
-115 70 0.245972
-115 75 0.259320
-115 80 0.260420
-115 85 0.258623
-115 90 0.267237
-115 95 0.286555
-115 100 0.333097
-115 105 0.420420
-115 110 0.548335
-115 115 0.705862
-115 120 0.872073
-115 125 1.026160
-115 130 1.157095
-115 135 1.272147
-115 140 1.375747
-115 145 1.454775
-115 150 1.483383
-115 155 1.414758
-115 160 1.252038
-115 165 1.023422
-115 170 0.773253
-115 175 0.535303
-110 -180 0.301788
-110 -175 0.187204
-110 -170 0.112518
-110 -165 0.062405
-110 -160 0.034876
-110 -155 0.017266
-110 -150 0.005469
-110 -145 0.000192
-110 -140 0.002628
-110 -135 0.008933
-110 -130 0.018085
-110 -125 0.028919
-110 -120 0.036560
-110 -115 0.036560
-110 -110 0.028919
-110 -105 0.020056
-110 -100 0.018974
-110 -95 0.026459
-110 -90 0.042238
-110 -85 0.059715
-110 -80 0.067570
-110 -75 0.061246
-110 -70 0.049047
-110 -65 0.040062
-110 -60 0.051486
-110 -55 0.091891
-110 -50 0.160782
-110 -45 0.251473
-110 -40 0.346427
-110 -35 0.440997
-110 -30 0.555210
-110 -25 0.684420
-110 -20 0.889235
-110 -15 1.158300
-110 -10 1.439350
-110 -5 1.698075
-110 0 1.857995
-110 5 1.883117
-110 10 1.761105
-110 15 1.538080
-110 20 1.282233
-110 25 0.991337
-110 30 0.720025
-110 35 0.497270
-110 40 0.313755
-110 45 0.191101
-110 50 0.123401
-110 55 0.110234
-110 60 0.123088
-110 65 0.152992
-110 70 0.185511
-110 75 0.211292
-110 80 0.226609
-110 85 0.238167
-110 90 0.253945
-110 95 0.284280
-110 100 0.342075
-110 105 0.440430
-110 110 0.570750
-110 115 0.720550
-110 120 0.867927
-110 125 1.000663
-110 130 1.120483
-110 135 1.234017
-110 140 1.335643
-110 145 1.405035
-110 150 1.409672
-110 155 1.318523
-110 160 1.143815
-110 165 0.921045
-110 170 0.688080
-110 175 0.471183
-105 -180 0.298910
-105 -175 0.178862
-105 -170 0.100630
-105 -165 0.051512
-105 -160 0.025996
-105 -155 0.011762
-105 -150 0.003117
-105 -145 0.000000
-105 -140 0.002681
-105 -135 0.009114
-105 -130 0.018449
-105 -125 0.029502
-105 -120 0.037298
-105 -115 0.037298
-105 -110 0.029502
-105 -105 0.020979
-105 -100 0.022514
-105 -95 0.035442
-105 -90 0.058852
-105 -85 0.084403
-105 -80 0.097128
-105 -75 0.089861
-105 -70 0.074690
-105 -65 0.064740
-105 -60 0.080550
-105 -55 0.135571
-105 -50 0.225185
-105 -45 0.342385
-105 -40 0.465458
-105 -35 0.590540
-105 -30 0.743198
-105 -25 0.914250
-105 -20 1.181358
-105 -15 1.527340
-105 -10 1.884078
-105 -5 2.196350
-105 0 2.359360
-105 5 2.321715
-105 10 2.082240
-105 15 1.716370
-105 20 1.333773
-105 25 0.951110
-105 30 0.635848
-105 35 0.406092
-105 40 0.237773
-105 45 0.139263
-105 50 0.095851
-105 55 0.098926
-105 60 0.121507
-105 65 0.157047
-105 70 0.190697
-105 75 0.218072
-105 80 0.235534
-105 85 0.251352
-105 90 0.270230
-105 95 0.308648
-105 100 0.374718
-105 105 0.478205
-105 110 0.603858
-105 115 0.738363
-105 120 0.859345
-105 125 0.967712
-105 130 1.078602
-105 135 1.202723
-105 140 1.328410
-105 145 1.419415
-105 150 1.428592
-105 155 1.331630
-105 160 1.147960
-105 165 0.920252
-105 170 0.683972
-105 175 0.467093
-100 -180 0.350988
-100 -175 0.209324
-100 -170 0.115652
-100 -165 0.057559
-100 -160 0.027301
-100 -155 0.011715
-100 -150 0.003148
-100 -145 0.000595
-100 -140 0.002162
-100 -135 0.007349
-100 -130 0.014877
-100 -125 0.023790
-100 -120 0.030076
-100 -115 0.030076
-100 -110 0.023790
-100 -105 0.017445
-100 -100 0.021468
-100 -95 0.038146
-100 -90 0.065750
-100 -85 0.096600
-100 -80 0.114480
-100 -75 0.110639
-100 -70 0.099039
-100 -65 0.094935
-100 -60 0.120322
-100 -55 0.191463
-100 -50 0.302347
-100 -45 0.443995
-100 -40 0.596025
-100 -35 0.758205
-100 -30 0.963630
-100 -25 1.199700
-100 -20 1.548458
-100 -15 1.980103
-100 -10 2.401785
-100 -5 2.732675
-100 0 2.854425
-100 5 2.711650
-100 10 2.328705
-100 15 1.814880
-100 20 1.319398
-100 25 0.872713
-100 30 0.541260
-100 35 0.325852
-100 40 0.186463
-100 45 0.118302
-100 50 0.103516
-100 55 0.127275
-100 60 0.163695
-100 65 0.204034
-100 70 0.232789
-100 75 0.250945
-100 80 0.260160
-100 85 0.274830
-100 90 0.298203
-100 95 0.346853
-100 100 0.422418
-100 105 0.528395
-100 110 0.644855
-100 115 0.759328
-100 120 0.855215
-100 125 0.949810
-100 130 1.070113
-100 135 1.231847
-100 140 1.414098
-100 145 1.555195
-100 150 1.588942
-100 155 1.491602
-100 160 1.290568
-100 165 1.039243
-100 170 0.777048
-100 175 0.538573
-95 -180 0.436435
-95 -175 0.262955
-95 -170 0.146469
-95 -165 0.072885
-95 -160 0.034274
-95 -155 0.014515
-95 -150 0.004306
-95 -145 0.001429
-95 -140 0.001377
-95 -135 0.004680
-95 -130 0.009473
-95 -125 0.015149
-95 -120 0.019152
-95 -115 0.019152
-95 -110 0.015149
-95 -105 0.011534
-95 -100 0.016407
-95 -95 0.033825
-95 -90 0.061076
-95 -85 0.093517
-95 -80 0.116259
-95 -75 0.120629
-95 -70 0.120706
-95 -65 0.131884
-95 -60 0.175856
-95 -55 0.269498
-95 -50 0.405765
-95 -45 0.571782
-95 -40 0.754280
-95 -35 0.962727
-95 -30 1.236143
-95 -25 1.560260
-95 -20 2.002163
-95 -15 2.504675
-95 -10 2.944550
-95 -5 3.222475
-95 0 3.235675
-95 5 2.947950
-95 10 2.419670
-95 15 1.789252
-95 20 1.223753
-95 25 0.756950
-95 30 0.441445
-95 35 0.257395
-95 40 0.154850
-95 45 0.118387
-95 50 0.131748
-95 55 0.176246
-95 60 0.225626
-95 65 0.266355
-95 70 0.282415
-95 75 0.281875
-95 80 0.275572
-95 85 0.284820
-95 90 0.313665
-95 95 0.372403
-95 100 0.459430
-95 105 0.571080
-95 110 0.685115
-95 115 0.791847
-95 120 0.884070
-95 125 0.995310
-95 130 1.154567
-95 135 1.379695
-95 140 1.633985
-95 145 1.824672
-95 150 1.874217
-95 155 1.761968
-95 160 1.527705
-95 165 1.236255
-95 170 0.932048
-95 175 0.658365
-90 -180 0.524103
-90 -175 0.317440
-90 -170 0.179989
-90 -165 0.092231
-90 -160 0.045648
-90 -155 0.020387
-90 -150 0.007155
-90 -145 0.002669
-90 -140 0.000691
-90 -135 0.002350
-90 -130 0.004757
-90 -125 0.007608
-90 -120 0.009618
-90 -115 0.009618
-90 -110 0.007608
-90 -105 0.006064
-90 -100 0.010018
-90 -95 0.025439
-90 -90 0.048821
-90 -85 0.079895
-90 -80 0.106592
-90 -75 0.121938
-90 -70 0.139509
-90 -65 0.175728
-90 -60 0.252328
-90 -55 0.385222
-90 -50 0.566732
-90 -45 0.775077
-90 -40 1.003205
-90 -35 1.273087
-90 -30 1.622912
-90 -25 2.038305
-90 -20 2.551525
-90 -15 3.068800
-90 -10 3.442550
-90 -5 3.575200
-90 0 3.413375
-90 5 2.961350
-90 10 2.315450
-90 15 1.628550
-90 20 1.052673
-90 25 0.612552
-90 30 0.338787
-90 35 0.194968
-90 40 0.129530
-90 45 0.120169
-90 50 0.153810
-90 55 0.211039
-90 60 0.266055
-90 65 0.302822
-90 70 0.306815
-90 75 0.290523
-90 80 0.272523
-90 85 0.276502
-90 90 0.308815
-90 95 0.371507
-90 100 0.463300
-90 105 0.579448
-90 110 0.698270
-90 115 0.815368
-90 120 0.936567
-90 125 1.104425
-90 130 1.341122
-90 135 1.657957
-90 140 1.995455
-90 145 2.228470
-90 150 2.275072
-90 155 2.124777
-90 160 1.833708
-90 165 1.477872
-90 170 1.112308
-90 175 0.789593
-85 -180 0.581547
-85 -175 0.347285
-85 -170 0.198396
-85 -165 0.104253
-85 -160 0.054862
-85 -155 0.026152
-85 -150 0.010410
-85 -145 0.003883
-85 -140 0.000221
-85 -135 0.000753
-85 -130 0.001523
-85 -125 0.002436
-85 -120 0.003080
-85 -115 0.003080
-85 -110 0.002436
-85 -105 0.002177
-85 -100 0.004693
-85 -95 0.017975
-85 -90 0.037752
-85 -85 0.067922
-85 -80 0.098663
-85 -75 0.125025
-85 -70 0.160228
-85 -65 0.222674
-85 -60 0.337835
-85 -55 0.522795
-85 -50 0.771170
-85 -45 1.052933
-85 -40 1.360967
-85 -35 1.722180
-85 -30 2.157350
-85 -25 2.645100
-85 -20 3.171725
-85 -15 3.612225
-85 -10 3.814675
-85 -5 3.713475
-85 0 3.330075
-85 5 2.723150
-85 10 2.013678
-85 15 1.346028
-85 20 0.825710
-85 25 0.456537
-85 30 0.242962
-85 35 0.141592
-85 40 0.106812
-85 45 0.115147
-85 50 0.157717
-85 55 0.216892
-85 60 0.269343
-85 65 0.299613
-85 70 0.295633
-85 75 0.270580
-85 80 0.246593
-85 85 0.244664
-85 90 0.275948
-85 95 0.335323
-85 100 0.427290
-85 105 0.549295
-85 110 0.684657
-85 115 0.836507
-85 120 1.023825
-85 125 1.286730
-85 130 1.634670
-85 135 2.058717
-85 140 2.473650
-85 145 2.726875
-85 150 2.745900
-85 155 2.533800
-85 160 2.163520
-85 165 1.720877
-85 170 1.277615
-85 175 0.893813
-80 -180 0.580052
-80 -175 0.331797
-80 -170 0.185860
-80 -165 0.097876
-80 -160 0.053947
-80 -155 0.027152
-80 -150 0.011796
-80 -145 0.004400
-80 -140 0.000000
-80 -135 0.000000
-80 -130 0.000000
-80 -125 0.000000
-80 -120 0.000000
-80 -115 0.000000
-80 -110 0.000000
-80 -105 0.000205
-80 -100 0.001403
-80 -95 0.013295
-80 -90 0.031023
-80 -85 0.061093
-80 -80 0.094758
-80 -75 0.128384
-80 -70 0.175577
-80 -65 0.258493
-80 -60 0.412675
-80 -55 0.660597
-80 -50 0.999260
-80 -45 1.393975
-80 -40 1.825170
-80 -35 2.309267
-80 -30 2.828825
-80 -25 3.345550
-80 -20 3.801725
-80 -15 4.059825
-80 -10 3.997850
-80 -5 3.612875
-80 0 3.007875
-80 5 2.291257
-80 10 1.584135
-80 15 1.000618
-80 20 0.580890
-80 25 0.304355
-80 30 0.154246
-80 35 0.090373
-80 40 0.077361
-80 45 0.094524
-80 50 0.136978
-80 55 0.189779
-80 60 0.234107
-80 65 0.257238
-80 70 0.250218
-80 75 0.223788
-80 80 0.198877
-80 85 0.191700
-80 90 0.219171
-80 95 0.272908
-80 100 0.365762
-80 105 0.496877
-80 110 0.659225
-80 115 0.862283
-80 120 1.137617
-80 125 1.511418
-80 130 1.980820
-80 135 2.505050
-80 140 2.974950
-80 145 3.223200
-80 150 3.196775
-80 155 2.909850
-80 160 2.448913
-80 165 1.907215
-80 170 1.380185
-80 175 0.931770
-75 -180 0.513025
-75 -175 0.274340
-75 -170 0.146816
-75 -165 0.075780
-75 -160 0.043053
-75 -155 0.022584
-75 -150 0.010410
-75 -145 0.003883
-75 -140 0.000000
-75 -135 0.000000
-75 -130 0.000000
-75 -125 0.000000
-75 -120 0.000000
-75 -115 0.000000
-75 -110 0.000000
-75 -105 0.000000
-75 -100 0.000000
-75 -95 0.010226
-75 -90 0.025773
-75 -85 0.053602
-75 -80 0.085907
-75 -75 0.119978
-75 -70 0.170203
-75 -65 0.265180
-75 -60 0.454452
-75 -55 0.771313
-75 -50 1.218417
-75 -45 1.758522
-75 -40 2.344825
-75 -35 2.960950
-75 -30 3.536125
-75 -25 4.008900
-75 -20 4.296025
-75 -15 4.280925
-75 -10 3.908300
-75 -5 3.255475
-75 0 2.488738
-75 5 1.741880
-75 10 1.106958
-75 15 0.652430
-75 20 0.354932
-75 25 0.174496
-75 30 0.082809
-75 35 0.048797
-75 40 0.048098
-75 45 0.065930
-75 50 0.100528
-75 55 0.140846
-75 60 0.173391
-75 65 0.189222
-75 70 0.182471
-75 75 0.160544
-75 80 0.139528
-75 85 0.130461
-75 90 0.152991
-75 95 0.199410
-75 100 0.290085
-75 105 0.426218
-75 110 0.612563
-75 115 0.865592
-75 120 1.226703
-75 125 1.701990
-75 130 2.277990
-75 135 2.875925
-75 140 3.368575
-75 145 3.588850
-75 150 3.504075
-75 155 3.138600
-75 160 2.589325
-75 165 1.959032
-75 170 1.367700
-75 175 0.876610
-70 -180 0.398065
-70 -175 0.194095
-70 -170 0.096540
-70 -165 0.047812
-70 -160 0.027638
-70 -155 0.014922
-70 -150 0.007155
-70 -145 0.002669
-70 -140 0.000000
-70 -135 0.000000
-70 -130 0.000000
-70 -125 0.000000
-70 -120 0.000000
-70 -115 0.000000
-70 -110 0.000000
-70 -105 0.000000
-70 -100 0.000000
-70 -95 0.008571
-70 -90 0.021661
-70 -85 0.044611
-70 -80 0.071369
-70 -75 0.099894
-70 -70 0.145668
-70 -65 0.244299
-70 -60 0.459605
-70 -55 0.835818
-70 -50 1.384665
-70 -45 2.066858
-70 -40 2.798800
-70 -35 3.512550
-70 -30 4.085025
-70 -25 4.434850
-70 -20 4.481225
-70 -15 4.163350
-70 -10 3.516725
-70 -5 2.688275
-70 0 1.869783
-70 5 1.186605
-70 10 0.681532
-70 15 0.371320
-70 20 0.189028
-70 25 0.087778
-70 30 0.038872
-70 35 0.022804
-70 40 0.025387
-70 45 0.038068
-70 50 0.060556
-70 55 0.086351
-70 60 0.106967
-70 65 0.116979
-70 70 0.112905
-70 75 0.098685
-70 80 0.084317
-70 85 0.076550
-70 90 0.094545
-70 95 0.133977
-70 100 0.216666
-70 105 0.347240
-70 110 0.542285
-70 115 0.826623
-70 120 1.249127
-70 125 1.795798
-70 130 2.441785
-70 135 3.068450
-70 140 3.538650
-70 145 3.701100
-70 150 3.544125
-70 155 3.107625
-70 160 2.497455
-70 165 1.823595
-70 170 1.219127
-70 175 0.733085
-65 -180 0.269975
-65 -175 0.115489
-65 -170 0.050504
-65 -165 0.022791
-65 -160 0.013404
-65 -155 0.007540
-65 -150 0.003830
-65 -145 0.001429
-65 -140 0.000000
-65 -135 0.000000
-65 -130 0.000000
-65 -125 0.000000
-65 -120 0.000000
-65 -115 0.000000
-65 -110 0.000000
-65 -105 0.000000
-65 -100 0.000000
-65 -95 0.006030
-65 -90 0.015268
-65 -85 0.031253
-65 -80 0.050765
-65 -75 0.072746
-65 -70 0.113456
-65 -65 0.212787
-65 -60 0.444225
-65 -55 0.858127
-65 -50 1.472890
-65 -45 2.243935
-65 -40 3.051875
-65 -35 3.774100
-65 -30 4.257500
-65 -25 4.418525
-65 -20 4.211225
-65 -15 3.649850
-65 -10 2.852825
-65 -5 1.999000
-65 0 1.257888
-65 5 0.714448
-65 10 0.362830
-65 15 0.178700
-65 20 0.083298
-65 25 0.035369
-65 30 0.013427
-65 35 0.007675
-65 40 0.010328
-65 45 0.017488
-65 50 0.029631
-65 55 0.043182
-65 60 0.053848
-65 65 0.058931
-65 70 0.056947
-65 75 0.049544
-65 80 0.041623
-65 85 0.036909
-65 90 0.051106
-65 95 0.082959
-65 100 0.152284
-65 105 0.268470
-65 110 0.458645
-65 115 0.753578
-65 120 1.203598
-65 125 1.776345
-65 130 2.433657
-65 135 3.028050
-65 140 3.425150
-65 145 3.503500
-65 150 3.273300
-65 155 2.792925
-65 160 2.174208
-65 165 1.524838
-65 170 0.971970
-65 175 0.543533
-60 -180 0.160995
-60 -175 0.060070
-60 -170 0.022651
-60 -165 0.009054
-60 -160 0.005280
-60 -155 0.003072
-60 -150 0.001596
-60 -145 0.000595
-60 -140 0.000000
-60 -135 0.000000
-60 -130 0.000000
-60 -125 0.000000
-60 -120 0.000000
-60 -115 0.000000
-60 -110 0.000000
-60 -105 0.000000
-60 -100 0.000094
-60 -95 0.003711
-60 -90 0.009247
-60 -85 0.019196
-60 -80 0.033522
-60 -75 0.052131
-60 -70 0.091267
-60 -65 0.191319
-60 -60 0.426288
-60 -55 0.845032
-60 -50 1.465115
-60 -45 2.232073
-60 -40 3.001575
-60 -35 3.617000
-60 -30 3.931425
-60 -25 3.887375
-60 -20 3.492375
-60 -15 2.824475
-60 -10 2.043063
-60 -5 1.309648
-60 0 0.739755
-60 5 0.369200
-60 10 0.160682
-60 15 0.069584
-60 20 0.029181
-60 25 0.011365
-60 30 0.003739
-60 35 0.002304
-60 40 0.003476
-60 45 0.006111
-60 50 0.010867
-60 55 0.016487
-60 60 0.021144
-60 65 0.023480
-60 70 0.022685
-60 75 0.019230
-60 80 0.015038
-60 85 0.012821
-60 90 0.023509
-60 95 0.048618
-60 100 0.103178
-60 105 0.200742
-60 110 0.373765
-60 115 0.653903
-60 120 1.085670
-60 125 1.624135
-60 130 2.218538
-60 135 2.715475
-60 140 2.997200
-60 145 2.982050
-60 150 2.700550
-60 155 2.226393
-60 160 1.668210
-60 165 1.118387
-60 170 0.678600
-60 175 0.352883
-55 -180 0.077741
-55 -175 0.022890
-55 -170 0.005517
-55 -165 0.000751
-55 -160 0.000103
-55 -155 0.000000
-55 -150 0.000000
-55 -145 0.000000
-55 -140 0.000000
-55 -135 0.000000
-55 -130 0.000000
-55 -125 0.000000
-55 -120 0.000000
-55 -115 0.000000
-55 -110 0.000000
-55 -105 0.000000
-55 -100 0.000467
-55 -95 0.003133
-55 -90 0.007128
-55 -85 0.014478
-55 -80 0.027356
-55 -75 0.045719
-55 -70 0.085772
-55 -65 0.185361
-55 -60 0.407913
-55 -55 0.792837
-55 -50 1.346240
-55 -45 2.004868
-55 -40 2.622550
-55 -35 3.046725
-55 -30 3.171200
-55 -25 2.979050
-55 -20 2.521900
-55 -15 1.904960
-55 -10 1.275510
-55 -5 0.746890
-55 0 0.374990
-55 5 0.159577
-55 10 0.055889
-55 15 0.019549
-55 20 0.006567
-55 25 0.001765
-55 30 0.000066
-55 35 0.000000
-55 40 0.000451
-55 45 0.001257
-55 50 0.002582
-55 55 0.004167
-55 60 0.005355
-55 65 0.005618
-55 70 0.004879
-55 75 0.003549
-55 80 0.002175
-55 85 0.001948
-55 90 0.009268
-55 95 0.026453
-55 100 0.065138
-55 105 0.141369
-55 110 0.287068
-55 115 0.529693
-55 120 0.900622
-55 125 1.350970
-55 130 1.823020
-55 135 2.182952
-55 140 2.340477
-55 145 2.252613
-55 150 1.963307
-55 155 1.550763
-55 160 1.108337
-55 165 0.703337
-55 170 0.401808
-55 175 0.191213
-50 -180 0.032136
-50 -175 0.007574
-50 -170 0.001173
-50 -165 0.000000
-50 -160 0.000000
-50 -155 0.000000
-50 -150 0.000000
-50 -145 0.000000
-50 -140 0.000000
-50 -135 0.000000
-50 -130 0.000000
-50 -125 0.000000
-50 -120 0.000000
-50 -115 0.000000
-50 -110 0.000000
-50 -105 0.000000
-50 -100 0.001002
-50 -95 0.003883
-50 -90 0.008079
-50 -85 0.015993
-50 -80 0.030440
-50 -75 0.050935
-50 -70 0.092139
-50 -65 0.184948
-50 -60 0.374500
-50 -55 0.685948
-50 -50 1.113357
-50 -45 1.593902
-50 -40 2.003772
-50 -35 2.225055
-50 -30 2.202605
-50 -25 1.953653
-50 -20 1.548595
-50 -15 1.085085
-50 -10 0.666623
-50 -5 0.352575
-50 0 0.154266
-50 5 0.053469
-50 10 0.014166
-50 15 0.004214
-50 20 0.001513
-50 25 0.000451
-50 30 0.000017
-50 35 0.000000
-50 40 0.000000
-50 45 0.000000
-50 50 0.000000
-50 55 0.000000
-50 60 0.000000
-50 65 0.000000
-50 70 0.000000
-50 75 0.000000
-50 80 0.000000
-50 85 0.000414
-50 90 0.004244
-50 95 0.013821
-50 100 0.038176
-50 105 0.092272
-50 110 0.202642
-50 115 0.388587
-50 120 0.667597
-50 125 0.994660
-50 130 1.317520
-50 135 1.538635
-50 140 1.598840
-50 145 1.483625
-50 150 1.238773
-50 155 0.931592
-50 160 0.630950
-50 165 0.376267
-50 170 0.201843
-50 175 0.087932
-45 -180 0.010637
-45 -175 0.002122
-45 -170 0.000316
-45 -165 0.000000
-45 -160 0.000000
-45 -155 0.000000
-45 -150 0.000000
-45 -145 0.000000
-45 -140 0.000000
-45 -135 0.000000
-45 -130 0.000000
-45 -125 0.000000
-45 -120 0.000000
-45 -115 0.000000
-45 -110 0.000000
-45 -105 0.000000
-45 -100 0.001697
-45 -95 0.006232
-45 -90 0.012789
-45 -85 0.024137
-45 -80 0.041576
-45 -75 0.063833
-45 -70 0.102318
-45 -65 0.177834
-45 -60 0.316613
-45 -55 0.530375
-45 -50 0.805602
-45 -45 1.093207
-45 -40 1.308072
-45 -35 1.379165
-45 -30 1.290290
-45 -25 1.072625
-45 -20 0.789360
-45 -15 0.507922
-45 -10 0.282382
-45 -5 0.132771
-45 0 0.048773
-45 5 0.011845
-45 10 0.001392
-45 15 0.000009
-45 20 0.000000
-45 25 0.000000
-45 30 0.000000
-45 35 0.000000
-45 40 0.000000
-45 45 0.000000
-45 50 0.000000
-45 55 0.000000
-45 60 0.000000
-45 65 0.000000
-45 70 0.000000
-45 75 0.000000
-45 80 0.000000
-45 85 0.000093
-45 90 0.001647
-45 95 0.006123
-45 100 0.021166
-45 105 0.056541
-45 110 0.131229
-45 115 0.255595
-45 120 0.436323
-45 125 0.639370
-45 130 0.825910
-45 135 0.936853
-45 140 0.939562
-45 145 0.834465
-45 150 0.661278
-45 155 0.467003
-45 160 0.294860
-45 165 0.162000
-45 170 0.080534
-45 175 0.032034
-40 -180 0.002099
-40 -175 0.000255
-40 -170 0.000000
-40 -165 0.000000
-40 -160 0.000000
-40 -155 0.000000
-40 -150 0.000000
-40 -145 0.000000
-40 -140 0.000000
-40 -135 0.000000
-40 -130 0.000000
-40 -125 0.000000
-40 -120 0.000000
-40 -115 0.000000
-40 -110 0.000000
-40 -105 0.000000
-40 -100 0.002272
-40 -95 0.008342
-40 -90 0.017120
-40 -85 0.031162
-40 -80 0.049460
-40 -75 0.070189
-40 -70 0.100825
-40 -65 0.153786
-40 -60 0.241193
-40 -55 0.365227
-40 -50 0.510510
-40 -45 0.645742
-40 -40 0.723325
-40 -35 0.713597
-40 -30 0.621393
-40 -25 0.476355
-40 -20 0.319915
-40 -15 0.185814
-40 -10 0.091578
-40 -5 0.038011
-40 0 0.011696
-40 5 0.001864
-40 10 0.000049
-40 15 0.000000
-40 20 0.000000
-40 25 0.000000
-40 30 0.000000
-40 35 0.000000
-40 40 0.000000
-40 45 0.000000
-40 50 0.000000
-40 55 0.000000
-40 60 0.000000
-40 65 0.000000
-40 70 0.000000
-40 75 0.000000
-40 80 0.000000
-40 85 0.000000
-40 90 0.000506
-40 95 0.002387
-40 100 0.011641
-40 105 0.032888
-40 110 0.077274
-40 115 0.148068
-40 120 0.245999
-40 125 0.349420
-40 130 0.435897
-40 135 0.477602
-40 140 0.460180
-40 145 0.388605
-40 150 0.289658
-40 155 0.189114
-40 160 0.108841
-40 165 0.052808
-40 170 0.023322
-40 175 0.008037
-35 -180 0.000006
-35 -175 0.000000
-35 -170 0.000000
-35 -165 0.000000
-35 -160 0.000000
-35 -155 0.000000
-35 -150 0.000000
-35 -145 0.000000
-35 -140 0.000000
-35 -135 0.000000
-35 -130 0.000000
-35 -125 0.000000
-35 -120 0.000000
-35 -115 0.000000
-35 -110 0.000000
-35 -105 0.000000
-35 -100 0.002400
-35 -95 0.008813
-35 -90 0.018087
-35 -85 0.032057
-35 -80 0.048049
-35 -75 0.064142
-35 -70 0.084022
-35 -65 0.114300
-35 -60 0.158658
-35 -55 0.215064
-35 -50 0.271967
-35 -45 0.314535
-35 -40 0.323335
-35 -35 0.292992
-35 -30 0.232452
-35 -25 0.159840
-35 -20 0.094257
-35 -15 0.047039
-35 -10 0.018814
-35 -5 0.006383
-35 0 0.001509
-35 5 0.000095
-35 10 0.000000
-35 15 0.000000
-35 20 0.000000
-35 25 0.000000
-35 30 0.000000
-35 35 0.000000
-35 40 0.000000
-35 45 0.000000
-35 50 0.000000
-35 55 0.000000
-35 60 0.000000
-35 65 0.000000
-35 70 0.000000
-35 75 0.000000
-35 80 0.000000
-35 85 0.000000
-35 90 0.000000
-35 95 0.000366
-35 100 0.004842
-35 105 0.014913
-35 110 0.035954
-35 115 0.068123
-35 120 0.110216
-35 125 0.151321
-35 130 0.181498
-35 135 0.191439
-35 140 0.176645
-35 145 0.140938
-35 150 0.097808
-35 155 0.057565
-35 160 0.028794
-35 165 0.010952
-35 170 0.003628
-35 175 0.000866
-30 -180 0.000000
-30 -175 0.000000
-30 -170 0.000000
-30 -165 0.000000
-30 -160 0.000000
-30 -155 0.000000
-30 -150 0.000000
-30 -145 0.000000
-30 -140 0.000000
-30 -135 0.000000
-30 -130 0.000000
-30 -125 0.000000
-30 -120 0.000000
-30 -115 0.000000
-30 -110 0.000000
-30 -105 0.000000
-30 -100 0.001999
-30 -95 0.007338
-30 -90 0.015059
-30 -85 0.026165
-30 -80 0.037677
-30 -75 0.048026
-30 -70 0.058279
-30 -65 0.071120
-30 -60 0.087418
-30 -55 0.103954
-30 -50 0.115139
-30 -45 0.117420
-30 -40 0.106589
-30 -35 0.085822
-30 -30 0.060032
-30 -25 0.035788
-30 -20 0.017761
-30 -15 0.006977
-30 -10 0.001708
-30 -5 0.000332
-30 0 0.000000
-30 5 0.000000
-30 10 0.000000
-30 15 0.000000
-30 20 0.000000
-30 25 0.000000
-30 30 0.000000
-30 35 0.000000
-30 40 0.000000
-30 45 0.000000
-30 50 0.000000
-30 55 0.000000
-30 60 0.000000
-30 65 0.000000
-30 70 0.000000
-30 75 0.000000
-30 80 0.000000
-30 85 0.000000
-30 90 0.000000
-30 95 0.000073
-30 100 0.002079
-30 105 0.005592
-30 110 0.012584
-30 115 0.022456
-30 120 0.034634
-30 125 0.045392
-30 130 0.052481
-30 135 0.053578
-30 140 0.047469
-30 145 0.035165
-30 150 0.022119
-30 155 0.010941
-30 160 0.004155
-30 165 0.000634
-30 170 0.000028
-30 175 0.000000
-25 -180 0.000000
-25 -175 0.000000
-25 -170 0.000000
-25 -165 0.000000
-25 -160 0.000000
-25 -155 0.000000
-25 -150 0.000000
-25 -145 0.000000
-25 -140 0.000000
-25 -135 0.000000
-25 -130 0.000000
-25 -125 0.000000
-25 -120 0.000000
-25 -115 0.000000
-25 -110 0.000000
-25 -105 0.000000
-25 -100 0.001310
-25 -95 0.004808
-25 -90 0.009867
-25 -85 0.016859
-25 -80 0.023379
-25 -75 0.028552
-25 -70 0.032375
-25 -65 0.035958
-25 -60 0.039686
-25 -55 0.041655
-25 -50 0.039645
-25 -45 0.034091
-25 -40 0.025632
-25 -35 0.017373
-25 -30 0.010181
-25 -25 0.005192
-25 -20 0.002370
-25 -15 0.000899
-25 -10 0.000071
-25 -5 0.000000
-25 0 0.000000
-25 5 0.000000
-25 10 0.000000
-25 15 0.000000
-25 20 0.000000
-25 25 0.000000
-25 30 0.000000
-25 35 0.000000
-25 40 0.000000
-25 45 0.000000
-25 50 0.000000
-25 55 0.000000
-25 60 0.000000
-25 65 0.000000
-25 70 0.000000
-25 75 0.000000
-25 80 0.000000
-25 85 0.000000
-25 90 0.000000
-25 95 0.000031
-25 100 0.000806
-25 105 0.001895
-25 110 0.003975
-25 115 0.006306
-25 120 0.008831
-25 125 0.010529
-25 130 0.011331
-25 135 0.011184
-25 140 0.009914
-25 145 0.007397
-25 150 0.004872
-25 155 0.002441
-25 160 0.001037
-25 165 0.000132
-25 170 0.000000
-25 175 0.000000
-20 -180 0.000000
-20 -175 0.000000
-20 -170 0.000000
-20 -165 0.000000
-20 -160 0.000000
-20 -155 0.000000
-20 -150 0.000000
-20 -145 0.000000
-20 -140 0.000000
-20 -135 0.000000
-20 -130 0.000000
-20 -125 0.000000
-20 -120 0.000000
-20 -115 0.000000
-20 -110 0.000000
-20 -105 0.000000
-20 -100 0.000674
-20 -95 0.002476
-20 -90 0.005080
-20 -85 0.008548
-20 -80 0.011570
-20 -75 0.013660
-20 -70 0.014455
-20 -65 0.014663
-20 -60 0.014726
-20 -55 0.013727
-20 -50 0.011283
-20 -45 0.008026
-20 -40 0.004503
-20 -35 0.002007
-20 -30 0.000448
-20 -25 0.000000
-20 -20 0.000000
-20 -15 0.000000
-20 -10 0.000000
-20 -5 0.000000
-20 0 0.000000
-20 5 0.000000
-20 10 0.000000
-20 15 0.000000
-20 20 0.000000
-20 25 0.000000
-20 30 0.000000
-20 35 0.000000
-20 40 0.000000
-20 45 0.000000
-20 50 0.000000
-20 55 0.000000
-20 60 0.000000
-20 65 0.000000
-20 70 0.000000
-20 75 0.000000
-20 80 0.000000
-20 85 0.000000
-20 90 0.000000
-20 95 0.000000
-20 100 0.000000
-20 105 0.000000
-20 110 0.000000
-20 115 0.000000
-20 120 0.000000
-20 125 0.000000
-20 130 0.000000
-20 135 0.000000
-20 140 0.000000
-20 145 0.000000
-20 150 0.000000
-20 155 0.000000
-20 160 0.000000
-20 165 0.000000
-20 170 0.000000
-20 175 0.000000
-15 -180 0.000000
-15 -175 0.000000
-15 -170 0.000000
-15 -165 0.000000
-15 -160 0.000000
-15 -155 0.000000
-15 -150 0.000000
-15 -145 0.000000
-15 -140 0.000000
-15 -135 0.000000
-15 -130 0.000000
-15 -125 0.000000
-15 -120 0.000000
-15 -115 0.000000
-15 -110 0.000000
-15 -105 0.000000
-15 -100 0.000242
-15 -95 0.000888
-15 -90 0.001822
-15 -85 0.002957
-15 -80 0.003794
-15 -75 0.004130
-15 -70 0.003877
-15 -65 0.003491
-15 -60 0.003326
-15 -55 0.003138
-15 -50 0.002692
-15 -45 0.002022
-15 -40 0.001200
-15 -35 0.000564
-15 -30 0.000119
-15 -25 0.000000
-15 -20 0.000000
-15 -15 0.000000
-15 -10 0.000000
-15 -5 0.000000
-15 0 0.000000
-15 5 0.000000
-15 10 0.000000
-15 15 0.000000
-15 20 0.000000
-15 25 0.000000
-15 30 0.000000
-15 35 0.000000
-15 40 0.000000
-15 45 0.000000
-15 50 0.000000
-15 55 0.000000
-15 60 0.000000
-15 65 0.000000
-15 70 0.000000
-15 75 0.000000
-15 80 0.000000
-15 85 0.000000
-15 90 0.000000
-15 95 0.000000
-15 100 0.000000
-15 105 0.000000
-15 110 0.000000
-15 115 0.000000
-15 120 0.000000
-15 125 0.000000
-15 130 0.000000
-15 135 0.000000
-15 140 0.000000
-15 145 0.000000
-15 150 0.000000
-15 155 0.000000
-15 160 0.000000
-15 165 0.000000
-15 170 0.000000
-15 175 0.000000
-10 -180 0.000000
-10 -175 0.000000
-10 -170 0.000000
-10 -165 0.000000
-10 -160 0.000000
-10 -155 0.000000
-10 -150 0.000000
-10 -145 0.000000
-10 -140 0.000000
-10 -135 0.000000
-10 -130 0.000000
-10 -125 0.000000
-10 -120 0.000000
-10 -115 0.000000
-10 -110 0.000000
-10 -105 0.000000
-10 -100 0.000000
-10 -95 0.000000
-10 -90 0.000000
-10 -85 0.000000
-10 -80 0.000000
-10 -75 0.000000
-10 -70 0.000000
-10 -65 0.000000
-10 -60 0.000000
-10 -55 0.000000
-10 -50 0.000000
-10 -45 0.000000
-10 -40 0.000000
-10 -35 0.000000
-10 -30 0.000000
-10 -25 0.000000
-10 -20 0.000000
-10 -15 0.000000
-10 -10 0.000000
-10 -5 0.000000
-10 0 0.000000
-10 5 0.000000
-10 10 0.000000
-10 15 0.000000
-10 20 0.000000
-10 25 0.000000
-10 30 0.000000
-10 35 0.000000
-10 40 0.000000
-10 45 0.000000
-10 50 0.000000
-10 55 0.000000
-10 60 0.000000
-10 65 0.000000
-10 70 0.000000
-10 75 0.000000
-10 80 0.000000
-10 85 0.000000
-10 90 0.000000
-10 95 0.000000
-10 100 0.000000
-10 105 0.000000
-10 110 0.000000
-10 115 0.000000
-10 120 0.000000
-10 125 0.000000
-10 130 0.000000
-10 135 0.000000
-10 140 0.000000
-10 145 0.000000
-10 150 0.000000
-10 155 0.000000
-10 160 0.000000
-10 165 0.000000
-10 170 0.000000
-10 175 0.000000
-5 -180 0.000000
-5 -175 0.000000
-5 -170 0.000000
-5 -165 0.000000
-5 -160 0.000000
-5 -155 0.000000
-5 -150 0.000000
-5 -145 0.000000
-5 -140 0.000000
-5 -135 0.000000
-5 -130 0.000000
-5 -125 0.000000
-5 -120 0.000000
-5 -115 0.000000
-5 -110 0.000000
-5 -105 0.000000
-5 -100 0.000000
-5 -95 0.000000
-5 -90 0.000000
-5 -85 0.000000
-5 -80 0.000000
-5 -75 0.000000
-5 -70 0.000000
-5 -65 0.000000
-5 -60 0.000000
-5 -55 0.000000
-5 -50 0.000000
-5 -45 0.000000
-5 -40 0.000000
-5 -35 0.000000
-5 -30 0.000000
-5 -25 0.000000
-5 -20 0.000000
-5 -15 0.000000
-5 -10 0.000000
-5 -5 0.000000
-5 0 0.000000
-5 5 0.000000
-5 10 0.000000
-5 15 0.000000
-5 20 0.000000
-5 25 0.000000
-5 30 0.000000
-5 35 0.000000
-5 40 0.000000
-5 45 0.000000
-5 50 0.000000
-5 55 0.000000
-5 60 0.000000
-5 65 0.000000
-5 70 0.000000
-5 75 0.000000
-5 80 0.000000
-5 85 0.000000
-5 90 0.000000
-5 95 0.000000
-5 100 0.000000
-5 105 0.000000
-5 110 0.000000
-5 115 0.000000
-5 120 0.000000
-5 125 0.000000
-5 130 0.000000
-5 135 0.000000
-5 140 0.000000
-5 145 0.000000
-5 150 0.000000
-5 155 0.000000
-5 160 0.000000
-5 165 0.000000
-5 170 0.000000
-5 175 0.000000
0 -180 0.000000
0 -175 0.000000
0 -170 0.000000
0 -165 0.000000
0 -160 0.000000
0 -155 0.000000
0 -150 0.000000
0 -145 0.000000
0 -140 0.000000
0 -135 0.000000
0 -130 0.000000
0 -125 0.000000
0 -120 0.000000
0 -115 0.000000
0 -110 0.000000
0 -105 0.000000
0 -100 0.000000
0 -95 0.000000
0 -90 0.000000
0 -85 0.000000
0 -80 0.000000
0 -75 0.000000
0 -70 0.000000
0 -65 0.000000
0 -60 0.000000
0 -55 0.000000
0 -50 0.000000
0 -45 0.000000
0 -40 0.000000
0 -35 0.000000
0 -30 0.000000
0 -25 0.000000
0 -20 0.000000
0 -15 0.000000
0 -10 0.000000
0 -5 0.000000
0 0 0.000000
0 5 0.000000
0 10 0.000000
0 15 0.000000
0 20 0.000000
0 25 0.000000
0 30 0.000000
0 35 0.000000
0 40 0.000000
0 45 0.000000
0 50 0.000000
0 55 0.000000
0 60 0.000000
0 65 0.000000
0 70 0.000000
0 75 0.000000
0 80 0.000000
0 85 0.000000
0 90 0.000000
0 95 0.000000
0 100 0.000000
0 105 0.000000
0 110 0.000000
0 115 0.000000
0 120 0.000000
0 125 0.000000
0 130 0.000000
0 135 0.000000
0 140 0.000000
0 145 0.000000
0 150 0.000000
0 155 0.000000
0 160 0.000000
0 165 0.000000
0 170 0.000000
0 175 0.000000
5 -180 0.000000
5 -175 0.000000
5 -170 0.000000
5 -165 0.000000
5 -160 0.000000
5 -155 0.000000
5 -150 0.000000
5 -145 0.000000
5 -140 0.000000
5 -135 0.000000
5 -130 0.000000
5 -125 0.000000
5 -120 0.000000
5 -115 0.000000
5 -110 0.000000
5 -105 0.000000
5 -100 0.000000
5 -95 0.000000
5 -90 0.000000
5 -85 0.000000
5 -80 0.000000
5 -75 0.000000
5 -70 0.000000
5 -65 0.000000
5 -60 0.000000
5 -55 0.000000
5 -50 0.000000
5 -45 0.000000
5 -40 0.000000
5 -35 0.000000
5 -30 0.000000
5 -25 0.000000
5 -20 0.000000
5 -15 0.000000
5 -10 0.000000
5 -5 0.000000
5 0 0.000000
5 5 0.000000
5 10 0.000000
5 15 0.000000
5 20 0.000000
5 25 0.000000
5 30 0.000000
5 35 0.000000
5 40 0.000000
5 45 0.000000
5 50 0.000000
5 55 0.000000
5 60 0.000000
5 65 0.000000
5 70 0.000000
5 75 0.000000
5 80 0.000000
5 85 0.000000
5 90 0.000000
5 95 0.000000
5 100 0.000000
5 105 0.000000
5 110 0.000000
5 115 0.000000
5 120 0.000000
5 125 0.000000
5 130 0.000000
5 135 0.000000
5 140 0.000000
5 145 0.000000
5 150 0.000000
5 155 0.000000
5 160 0.000000
5 165 0.000000
5 170 0.000000
5 175 0.000000
10 -180 0.000000
10 -175 0.000000
10 -170 0.000000
10 -165 0.000000
10 -160 0.000000
10 -155 0.000000
10 -150 0.000000
10 -145 0.000000
10 -140 0.000000
10 -135 0.000000
10 -130 0.000000
10 -125 0.000000
10 -120 0.000000
10 -115 0.000000
10 -110 0.000000
10 -105 0.000000
10 -100 0.000000
10 -95 0.000000
10 -90 0.000000
10 -85 0.000000
10 -80 0.000000
10 -75 0.000000
10 -70 0.000000
10 -65 0.000000
10 -60 0.000000
10 -55 0.000000
10 -50 0.000000
10 -45 0.000000
10 -40 0.000000
10 -35 0.000000
10 -30 0.000000
10 -25 0.000000
10 -20 0.000000
10 -15 0.000000
10 -10 0.000000
10 -5 0.000000
10 0 0.000000
10 5 0.000000
10 10 0.000000
10 15 0.000000
10 20 0.000000
10 25 0.000000
10 30 0.000000
10 35 0.000000
10 40 0.000000
10 45 0.000000
10 50 0.000000
10 55 0.000000
10 60 0.000000
10 65 0.000000
10 70 0.000000
10 75 0.000000
10 80 0.000000
10 85 0.000000
10 90 0.000000
10 95 0.000000
10 100 0.000000
10 105 0.000000
10 110 0.000000
10 115 0.000000
10 120 0.000000
10 125 0.000000
10 130 0.000000
10 135 0.000000
10 140 0.000000
10 145 0.000000
10 150 0.000000
10 155 0.000000
10 160 0.000000
10 165 0.000000
10 170 0.000000
10 175 0.000000
15 -180 0.000000
15 -175 0.000000
15 -170 0.000000
15 -165 0.000000
15 -160 0.000000
15 -155 0.000000
15 -150 0.000000
15 -145 0.000000
15 -140 0.000000
15 -135 0.000000
15 -130 0.000000
15 -125 0.000000
15 -120 0.000000
15 -115 0.000000
15 -110 0.000000
15 -105 0.000000
15 -100 0.000000
15 -95 0.000000
15 -90 0.000000
15 -85 0.000000
15 -80 0.000000
15 -75 0.000000
15 -70 0.000000
15 -65 0.000000
15 -60 0.000000
15 -55 0.000000
15 -50 0.000000
15 -45 0.000000
15 -40 0.000000
15 -35 0.000000
15 -30 0.000000
15 -25 0.000000
15 -20 0.000000
15 -15 0.000000
15 -10 0.000000
15 -5 0.000000
15 0 0.000000
15 5 0.000000
15 10 0.000000
15 15 0.000000
15 20 0.000000
15 25 0.000000
15 30 0.000000
15 35 0.000126
15 40 0.000528
15 45 0.001106
15 50 0.001832
15 55 0.002400
15 60 0.002485
15 65 0.002032
15 70 0.001311
15 75 0.000666
15 80 0.000225
15 85 0.000000
15 90 0.000000
15 95 0.000000
15 100 0.000000
15 105 0.000000
15 110 0.000000
15 115 0.000000
15 120 0.000000
15 125 0.000000
15 130 0.000000
15 135 0.000000
15 140 0.000000
15 145 0.000000
15 150 0.000000
15 155 0.000000
15 160 0.000000
15 165 0.000000
15 170 0.000000
15 175 0.000000
20 -180 0.000000
20 -175 0.000000
20 -170 0.000000
20 -165 0.000000
20 -160 0.000000
20 -155 0.000000
20 -150 0.000000
20 -145 0.000000
20 -140 0.000000
20 -135 0.000000
20 -130 0.000000
20 -125 0.000000
20 -120 0.000000
20 -115 0.000000
20 -110 0.000000
20 -105 0.000000
20 -100 0.000000
20 -95 0.000000
20 -90 0.000000
20 -85 0.000000
20 -80 0.000000
20 -75 0.000000
20 -70 0.000000
20 -65 0.000000
20 -60 0.000000
20 -55 0.000000
20 -50 0.000000
20 -45 0.000000
20 -40 0.000000
20 -35 0.000000
20 -30 0.000000
20 -25 0.000000
20 -20 0.000000
20 -15 0.000000
20 -10 0.000000
20 -5 0.000000
20 0 0.000000
20 5 0.000000
20 10 0.000000
20 15 0.000000
20 20 0.000137
20 25 0.000345
20 30 0.000653
20 35 0.001995
20 40 0.004578
20 45 0.008487
20 50 0.013362
20 55 0.017923
20 60 0.020030
20 65 0.019038
20 70 0.015740
20 75 0.011399
20 80 0.006874
20 85 0.003507
20 90 0.001526
20 95 0.000499
20 100 0.000000
20 105 0.000000
20 110 0.000000
20 115 0.000000
20 120 0.000000
20 125 0.000000
20 130 0.000000
20 135 0.000000
20 140 0.000000
20 145 0.000000
20 150 0.000000
20 155 0.000000
20 160 0.000000
20 165 0.000000
20 170 0.000000
20 175 0.000000
25 -180 0.000000
25 -175 0.000000
25 -170 0.000000
25 -165 0.000000
25 -160 0.000000
25 -155 0.000000
25 -150 0.000000
25 -145 0.000000
25 -140 0.000000
25 -135 0.000000
25 -130 0.000000
25 -125 0.000000
25 -120 0.000000
25 -115 0.000000
25 -110 0.000000
25 -105 0.000000
25 -100 0.000000
25 -95 0.000000
25 -90 0.000000
25 -85 0.000000
25 -80 0.000000
25 -75 0.000000
25 -70 0.000000
25 -65 0.000000
25 -60 0.000000
25 -55 0.000000
25 -50 0.000000
25 -45 0.000000
25 -40 0.000000
25 -35 0.000000
25 -30 0.000000
25 -25 0.000000
25 -20 0.000000
25 -15 0.000000
25 -10 0.000000
25 -5 0.000000
25 0 0.000000
25 5 0.000000
25 10 0.000000
25 15 0.000000
25 20 0.000879
25 25 0.002276
25 30 0.004573
25 35 0.010247
25 40 0.018922
25 45 0.030898
25 50 0.044772
25 55 0.057101
25 60 0.062345
25 65 0.058489
25 70 0.048043
25 75 0.034360
25 80 0.020341
25 85 0.010252
25 90 0.004201
25 95 0.001278
25 100 0.000000
25 105 0.000000
25 110 0.000000
25 115 0.000000
25 120 0.000000
25 125 0.000000
25 130 0.000000
25 135 0.000000
25 140 0.000000
25 145 0.000000
25 150 0.000000
25 155 0.000000
25 160 0.000000
25 165 0.000000
25 170 0.000000
25 175 0.000000
30 -180 0.000000
30 -175 0.000000
30 -170 0.000000
30 -165 0.000000
30 -160 0.000000
30 -155 0.000000
30 -150 0.000000
30 -145 0.000000
30 -140 0.000000
30 -135 0.000000
30 -130 0.000000
30 -125 0.000000
30 -120 0.000000
30 -115 0.000000
30 -110 0.000000
30 -105 0.000000
30 -100 0.000000
30 -95 0.000000
30 -90 0.000000
30 -85 0.000000
30 -80 0.000000
30 -75 0.000000
30 -70 0.000000
30 -65 0.000000
30 -60 0.000000
30 -55 0.000000
30 -50 0.000000
30 -45 0.000000
30 -40 0.000000
30 -35 0.000000
30 -30 0.000000
30 -25 0.000000
30 -20 0.000000
30 -15 0.000000
30 -10 0.000000
30 -5 0.000000
30 0 0.000000
30 5 0.000008
30 10 0.000730
30 15 0.002657
30 20 0.007893
30 25 0.017067
30 30 0.030930
30 35 0.052616
30 40 0.079973
30 45 0.110428
30 50 0.138726
30 55 0.156997
30 60 0.156899
30 65 0.137947
30 70 0.107284
30 75 0.073358
30 80 0.042235
30 85 0.020665
30 90 0.008300
30 95 0.002431
30 100 0.000000
30 105 0.000000
30 110 0.000000
30 115 0.000000
30 120 0.000000
30 125 0.000000
30 130 0.000000
30 135 0.000000
30 140 0.000000
30 145 0.000000
30 150 0.000000
30 155 0.000000
30 160 0.000000
30 165 0.000000
30 170 0.000000
30 175 0.000000
35 -180 0.000000
35 -175 0.000000
35 -170 0.000000
35 -165 0.000000
35 -160 0.000000
35 -155 0.000000
35 -150 0.000000
35 -145 0.000000
35 -140 0.000000
35 -135 0.000000
35 -130 0.000000
35 -125 0.000000
35 -120 0.000000
35 -115 0.000000
35 -110 0.000000
35 -105 0.000000
35 -100 0.000000
35 -95 0.000000
35 -90 0.000000
35 -85 0.000000
35 -80 0.000000
35 -75 0.000000
35 -70 0.000000
35 -65 0.000000
35 -60 0.000000
35 -55 0.000000
35 -50 0.000000
35 -45 0.000000
35 -40 0.000000
35 -35 0.000000
35 -30 0.000000
35 -25 0.000000
35 -20 0.000000
35 -15 0.000000
35 -10 0.000000
35 -5 0.000569
35 0 0.001376
35 5 0.002617
35 10 0.007668
35 15 0.017459
35 20 0.037233
35 25 0.071081
35 30 0.117482
35 35 0.176050
35 40 0.236999
35 45 0.289930
35 50 0.323578
35 55 0.328345
35 60 0.301235
35 65 0.248100
35 70 0.182775
35 75 0.120313
35 80 0.067702
35 85 0.032407
35 90 0.012769
35 95 0.003618
35 100 0.000000
35 105 0.000000
35 110 0.000000
35 115 0.000000
35 120 0.000000
35 125 0.000000
35 130 0.000000
35 135 0.000000
35 140 0.000000
35 145 0.000000
35 150 0.000000
35 155 0.000000
35 160 0.000000
35 165 0.000000
35 170 0.000000
35 175 0.000000
40 -180 0.000282
40 -175 0.000899
40 -170 0.001796
40 -165 0.002834
40 -160 0.003531
40 -155 0.003478
40 -150 0.002710
40 -145 0.001671
40 -140 0.000814
40 -135 0.000222
40 -130 0.000000
40 -125 0.000000
40 -120 0.000000
40 -115 0.000000
40 -110 0.000000
40 -105 0.000000
40 -100 0.000000
40 -95 0.000000
40 -90 0.000000
40 -85 0.000000
40 -80 0.000000
40 -75 0.000000
40 -70 0.000000
40 -65 0.000000
40 -60 0.000000
40 -55 0.000000
40 -50 0.000000
40 -45 0.000000
40 -40 0.000000
40 -35 0.000000
40 -30 0.000000
40 -25 0.000000
40 -20 0.000000
40 -15 0.000000
40 -10 0.000000
40 -5 0.001558
40 0 0.004301
40 5 0.009432
40 10 0.025032
40 15 0.054405
40 20 0.106451
40 25 0.189963
40 30 0.297233
40 35 0.415743
40 40 0.522153
40 45 0.592108
40 50 0.608915
40 55 0.567575
40 60 0.481410
40 65 0.370482
40 70 0.256418
40 75 0.160429
40 80 0.087530
40 85 0.040353
40 90 0.015541
40 95 0.004217
40 100 0.000000
40 105 0.000000
40 110 0.000000
40 115 0.000000
40 120 0.000000
40 125 0.000000
40 130 0.000000
40 135 0.000000
40 140 0.000000
40 145 0.000000
40 150 0.000000
40 155 0.000000
40 160 0.000000
40 165 0.000000
40 170 0.000000
40 175 0.000000
45 -180 0.000822
45 -175 0.002619
45 -170 0.005235
45 -165 0.008257
45 -160 0.010288
45 -155 0.010135
45 -150 0.007898
45 -145 0.004868
45 -140 0.002372
45 -135 0.000646
45 -130 0.000000
45 -125 0.000000
45 -120 0.000000
45 -115 0.000000
45 -110 0.000000
45 -105 0.000000
45 -100 0.000000
45 -95 0.000000
45 -90 0.000000
45 -85 0.000000
45 -80 0.000000
45 -75 0.000000
45 -70 0.000000
45 -65 0.000000
45 -60 0.000000
45 -55 0.000000
45 -50 0.000000
45 -45 0.000000
45 -40 0.000000
45 -35 0.000000
45 -30 0.000000
45 -25 0.000000
45 -20 0.000000
45 -15 0.000000
45 -10 0.000101
45 -5 0.004423
45 0 0.012878
45 5 0.030245
45 10 0.069361
45 15 0.135772
45 20 0.239856
45 25 0.393058
45 30 0.577252
45 35 0.761848
45 40 0.906798
45 45 0.972065
45 50 0.938457
45 55 0.815620
45 60 0.643375
45 65 0.461282
45 70 0.297242
45 75 0.174701
45 80 0.091571
45 85 0.040047
45 90 0.015022
45 95 0.003854
45 100 0.000000
45 105 0.000000
45 110 0.000000
45 115 0.000000
45 120 0.000000
45 125 0.000000
45 130 0.000000
45 135 0.000000
45 140 0.000000
45 145 0.000000
45 150 0.000000
45 155 0.000000
45 160 0.000000
45 165 0.000000
45 170 0.000000
45 175 0.000000
50 -180 0.001613
50 -175 0.005138
50 -170 0.010271
50 -165 0.016201
50 -160 0.020186
50 -155 0.019886
50 -150 0.015496
50 -145 0.009551
50 -140 0.004654
50 -135 0.001268
50 -130 0.000000
50 -125 0.000000
50 -120 0.000000
50 -115 0.000000
50 -110 0.000000
50 -105 0.000000
50 -100 0.000000
50 -95 0.000000
50 -90 0.000000
50 -85 0.000000
50 -80 0.000000
50 -75 0.000056
50 -70 0.000781
50 -65 0.001802
50 -60 0.003262
50 -55 0.004629
50 -50 0.005141
50 -45 0.004465
50 -40 0.003031
50 -35 0.001606
50 -30 0.000646
50 -25 0.000000
50 -20 0.000000
50 -15 0.000000
50 -10 0.000294
50 -5 0.008821
50 0 0.025925
50 5 0.062089
50 10 0.133438
50 15 0.248282
50 20 0.415205
50 25 0.644532
50 30 0.904743
50 35 1.143277
50 40 1.303353
50 45 1.333752
50 50 1.219985
50 55 0.996480
50 60 0.732740
50 65 0.487598
50 70 0.289498
50 75 0.157397
50 80 0.078489
50 85 0.031828
50 90 0.011585
50 95 0.002766
50 100 0.000000
50 105 0.000000
50 110 0.000000
50 115 0.000000
50 120 0.000000
50 125 0.000000
50 130 0.000000
50 135 0.000000
50 140 0.000000
50 145 0.000000
50 150 0.000000
50 155 0.000000
50 160 0.000000
50 165 0.000000
50 170 0.000000
50 175 0.000000
55 -180 0.002491
55 -175 0.007934
55 -170 0.015862
55 -165 0.025020
55 -160 0.031174
55 -155 0.030711
55 -150 0.023931
55 -145 0.014750
55 -140 0.007187
55 -135 0.001958
55 -130 0.000000
55 -125 0.000000
55 -120 0.000000
55 -115 0.000000
55 -110 0.000000
55 -105 0.000000
55 -100 0.000000
55 -95 0.000000
55 -90 0.000000
55 -85 0.000000
55 -80 0.000000
55 -75 0.000140
55 -70 0.001941
55 -65 0.004479
55 -60 0.008110
55 -55 0.011506
55 -50 0.012780
55 -45 0.011473
55 -40 0.008559
55 -35 0.005978
55 -30 0.004625
55 -25 0.003609
55 -20 0.003399
55 -15 0.002714
55 -10 0.002917
55 -5 0.016823
55 0 0.045496
55 5 0.106402
55 10 0.213347
55 15 0.375585
55 20 0.595347
55 25 0.875433
55 30 1.174192
55 35 1.424037
55 40 1.559845
55 45 1.531143
55 50 1.334802
55 55 1.032237
55 60 0.710823
55 65 0.438857
55 70 0.238831
55 75 0.118518
55 80 0.055798
55 85 0.020359
55 90 0.007160
55 95 0.001561
55 100 0.000000
55 105 0.000000
55 110 0.000000
55 115 0.000000
55 120 0.000000
55 125 0.000000
55 130 0.000000
55 135 0.000000
55 140 0.000000
55 145 0.000000
55 150 0.000000
55 155 0.000000
55 160 0.000000
55 165 0.000000
55 170 0.000000
55 175 0.000000
60 -180 0.003033
60 -175 0.009658
60 -170 0.019309
60 -165 0.030456
60 -160 0.037948
60 -155 0.037384
60 -150 0.029131
60 -145 0.017955
60 -140 0.008749
60 -135 0.002383
60 -130 0.000000
60 -125 0.000000
60 -120 0.000000
60 -115 0.000000
60 -110 0.000000
60 -105 0.000000
60 -100 0.000000
60 -95 0.000000
60 -90 0.000000
60 -85 0.000000
60 -80 0.000000
60 -75 0.000264
60 -70 0.003663
60 -65 0.008452
60 -60 0.015302
60 -55 0.021711
60 -50 0.024113
60 -45 0.022031
60 -40 0.017203
60 -35 0.013319
60 -30 0.011827
60 -25 0.010518
60 -20 0.009906
60 -15 0.008234
60 -10 0.008791
60 -5 0.028791
60 0 0.069621
60 5 0.154134
60 10 0.287250
60 15 0.476737
60 20 0.716012
60 25 0.996768
60 30 1.275605
60 35 1.484170
60 40 1.561885
60 45 1.472472
60 50 1.226240
60 55 0.902328
60 60 0.584248
60 65 0.335187
60 70 0.167353
60 75 0.075120
60 80 0.033301
60 85 0.010539
60 90 0.003563
60 95 0.000694
60 100 0.000000
60 105 0.000000
60 110 0.000000
60 115 0.000000
60 120 0.000000
60 125 0.000000
60 130 0.000000
60 135 0.000000
60 140 0.000000
60 145 0.000000
60 150 0.000000
60 155 0.000000
60 160 0.000000
60 165 0.000000
60 170 0.000000
60 175 0.000000
65 -180 0.002914
65 -175 0.009280
65 -170 0.018552
65 -165 0.029264
65 -160 0.036462
65 -155 0.035920
65 -150 0.027990
65 -145 0.017252
65 -140 0.008407
65 -135 0.002290
65 -130 0.000000
65 -125 0.000000
65 -120 0.000000
65 -115 0.000000
65 -110 0.000000
65 -105 0.000000
65 -100 0.000000
65 -95 0.000000
65 -90 0.000000
65 -85 0.000000
65 -80 0.000000
65 -75 0.000388
65 -70 0.005397
65 -65 0.012452
65 -60 0.022545
65 -55 0.031988
65 -50 0.035528
65 -45 0.032990
65 -40 0.026807
65 -35 0.022452
65 -30 0.021724
65 -25 0.020637
65 -20 0.019436
65 -15 0.016297
65 -10 0.017057
65 -5 0.041483
65 0 0.090288
65 5 0.187191
65 10 0.325203
65 15 0.508032
65 20 0.722067
65 25 0.951383
65 30 1.160610
65 35 1.294682
65 40 1.308010
65 45 1.184168
65 50 0.941867
65 55 0.660342
65 60 0.401552
65 65 0.212700
65 70 0.096261
65 75 0.037513
65 80 0.014969
65 85 0.003304
65 90 0.000937
65 95 0.000081
65 100 0.000000
65 105 0.000000
65 110 0.000000
65 115 0.000000
65 120 0.000000
65 125 0.000000
65 130 0.000000
65 135 0.000000
65 140 0.000000
65 145 0.000000
65 150 0.000000
65 155 0.000000
65 160 0.000000
65 165 0.000000
65 170 0.000000
65 175 0.000000
70 -180 0.002212
70 -175 0.007046
70 -170 0.014086
70 -165 0.022218
70 -160 0.027683
70 -155 0.027272
70 -150 0.021251
70 -145 0.013098
70 -140 0.006383
70 -135 0.001738
70 -130 0.000000
70 -125 0.000000
70 -120 0.000000
70 -115 0.000000
70 -110 0.000000
70 -105 0.000000
70 -100 0.000000
70 -95 0.000000
70 -90 0.000000
70 -85 0.000000
70 -80 0.000000
70 -75 0.000447
70 -70 0.006213
70 -65 0.014336
70 -60 0.025956
70 -55 0.036827
70 -50 0.040903
70 -45 0.038820
70 -40 0.033168
70 -35 0.030310
70 -30 0.031793
70 -25 0.031870
70 -20 0.030015
70 -15 0.025420
70 -10 0.026547
70 -5 0.052707
70 0 0.103043
70 5 0.196126
70 10 0.314993
70 15 0.458482
70 20 0.612008
70 25 0.760875
70 30 0.883253
70 35 0.943990
70 40 0.915103
70 45 0.795270
70 50 0.603473
70 55 0.403205
70 60 0.229866
70 65 0.112042
70 70 0.046106
70 75 0.015452
70 80 0.005644
70 85 0.000653
70 90 0.000165
70 95 0.000000
70 100 0.000000
70 105 0.000000
70 110 0.000000
70 115 0.000000
70 120 0.000000
70 125 0.000000
70 130 0.000000
70 135 0.000000
70 140 0.000000
70 145 0.000000
70 150 0.000000
70 155 0.000000
70 160 0.000000
70 165 0.000000
70 170 0.000000
70 175 0.000000
75 -180 0.001328
75 -175 0.004230
75 -170 0.008457
75 -165 0.013339
75 -160 0.016621
75 -155 0.016374
75 -150 0.012759
75 -145 0.007864
75 -140 0.003832
75 -135 0.001044
75 -130 0.000000
75 -125 0.000000
75 -120 0.000000
75 -115 0.000000
75 -110 0.000000
75 -105 0.000000
75 -100 0.000000
75 -95 0.000000
75 -90 0.000000
75 -85 0.000000
75 -80 0.000000
75 -75 0.000402
75 -70 0.005594
75 -65 0.012908
75 -60 0.023370
75 -55 0.033158
75 -50 0.036827
75 -45 0.035995
75 -40 0.032732
75 -35 0.032845
75 -30 0.037073
75 -25 0.038795
75 -20 0.036538
75 -15 0.031290
75 -10 0.032989
75 -5 0.057535
75 0 0.102603
75 5 0.178163
75 10 0.262788
75 15 0.351797
75 20 0.435527
75 25 0.506490
75 30 0.555815
75 35 0.566540
75 40 0.524262
75 45 0.434252
75 50 0.310645
75 55 0.194934
75 60 0.101796
75 65 0.044119
75 70 0.016198
75 75 0.004568
75 80 0.001621
75 85 0.000060
75 90 0.000000
75 95 0.000000
75 100 0.000000
75 105 0.000000
75 110 0.000000
75 115 0.000000
75 120 0.000000
75 125 0.000000
75 130 0.000000
75 135 0.000000
75 140 0.000000
75 145 0.000000
75 150 0.000000
75 155 0.000000
75 160 0.000000
75 165 0.000000
75 170 0.000000
75 175 0.000000
80 -180 0.000631
80 -175 0.002009
80 -170 0.004016
80 -165 0.006335
80 -160 0.007894
80 -155 0.007776
80 -150 0.006060
80 -145 0.003735
80 -140 0.001820
80 -135 0.000496
80 -130 0.000000
80 -125 0.000000
80 -120 0.000000
80 -115 0.000000
80 -110 0.000000
80 -105 0.000000
80 -100 0.000000
80 -95 0.000000
80 -90 0.000000
80 -85 0.000000
80 -80 0.000000
80 -75 0.000284
80 -70 0.003943
80 -65 0.009097
80 -60 0.016471
80 -55 0.023370
80 -50 0.025956
80 -45 0.026396
80 -40 0.025892
80 -35 0.028613
80 -30 0.034436
80 -25 0.037276
80 -20 0.035107
80 -15 0.030429
80 -10 0.032625
80 -5 0.052432
80 0 0.087138
80 5 0.138993
80 10 0.188021
80 15 0.228966
80 20 0.258065
80 25 0.275282
80 30 0.280627
80 35 0.269053
80 40 0.235418
80 45 0.184294
80 50 0.123120
80 55 0.072410
80 60 0.034415
80 65 0.013303
80 70 0.004860
80 75 0.001361
80 80 0.000548
80 85 0.000021
80 90 0.000000
80 95 0.000000
80 100 0.000000
80 105 0.000000
80 110 0.000000
80 115 0.000000
80 120 0.000000
80 125 0.000000
80 130 0.000000
80 135 0.000000
80 140 0.000000
80 145 0.000000
80 150 0.000000
80 155 0.000000
80 160 0.000000
80 165 0.000000
80 170 0.000000
80 175 0.000000
85 -180 0.000145
85 -175 0.000463
85 -170 0.000925
85 -165 0.001460
85 -160 0.001819
85 -155 0.001792
85 -150 0.001396
85 -145 0.000861
85 -140 0.000419
85 -135 0.000114
85 -130 0.000000
85 -125 0.000000
85 -120 0.000000
85 -115 0.000000
85 -110 0.000000
85 -105 0.000000
85 -100 0.000000
85 -95 0.000000
85 -90 0.000000
85 -85 0.000000
85 -80 0.000000
85 -75 0.000157
85 -70 0.002178
85 -65 0.005025
85 -60 0.009097
85 -55 0.012908
85 -50 0.014336
85 -45 0.015376
85 -40 0.016492
85 -35 0.020046
85 -30 0.025470
85 -25 0.028301
85 -20 0.026654
85 -15 0.023399
85 -10 0.025617
85 -5 0.039401
85 0 0.062315
85 5 0.092388
85 10 0.115222
85 15 0.126159
85 20 0.125866
85 25 0.118721
85 30 0.107825
85 35 0.093852
85 40 0.075353
85 45 0.053941
85 50 0.031679
85 55 0.015903
85 60 0.005510
85 65 0.000963
85 70 0.000150
85 75 0.000000
85 80 0.000000
85 85 0.000000
85 90 0.000000
85 95 0.000000
85 100 0.000000
85 105 0.000000
85 110 0.000000
85 115 0.000000
85 120 0.000000
85 125 0.000000
85 130 0.000000
85 135 0.000000
85 140 0.000000
85 145 0.000000
85 150 0.000000
85 155 0.000000
85 160 0.000000
85 165 0.000000
85 170 0.000000
85 175 0.000000
90 -180 0.000000
90 -175 0.000000
90 -170 0.000000
90 -165 0.000000
90 -160 0.000000
90 -155 0.000000
90 -150 0.000000
90 -145 0.000000
90 -140 0.000000
90 -135 0.000000
90 -130 0.000000
90 -125 0.000000
90 -120 0.000000
90 -115 0.000000
90 -110 0.000000
90 -105 0.000000
90 -100 0.000000
90 -95 0.000000
90 -90 0.000000
90 -85 0.000000
90 -80 0.000000
90 -75 0.000068
90 -70 0.000944
90 -65 0.002178
90 -60 0.003943
90 -55 0.005594
90 -50 0.006213
90 -45 0.007152
90 -40 0.008491
90 -35 0.011288
90 -30 0.014991
90 -25 0.016992
90 -20 0.016003
90 -15 0.014233
90 -10 0.015909
90 -5 0.023528
90 0 0.035501
90 5 0.048658
90 10 0.055268
90 15 0.053002
90 20 0.044483
90 25 0.034975
90 30 0.026987
90 35 0.021095
90 40 0.016225
90 45 0.011255
90 50 0.006282
90 55 0.002869
90 60 0.000723
90 65 0.000039
90 70 0.000000
90 75 0.000000
90 80 0.000000
90 85 0.000000
90 90 0.000000
90 95 0.000000
90 100 0.000000
90 105 0.000000
90 110 0.000000
90 115 0.000000
90 120 0.000000
90 125 0.000000
90 130 0.000000
90 135 0.000000
90 140 0.000000
90 145 0.000000
90 150 0.000000
90 155 0.000000
90 160 0.000000
90 165 0.000000
90 170 0.000000
90 175 0.000000
95 -180 0.000000
95 -175 0.000000
95 -170 0.000000
95 -165 0.000000
95 -160 0.000000
95 -155 0.000000
95 -150 0.000000
95 -145 0.000000
95 -140 0.000000
95 -135 0.000000
95 -130 0.000000
95 -125 0.000000
95 -120 0.000000
95 -115 0.000000
95 -110 0.000000
95 -105 0.000000
95 -100 0.000000
95 -95 0.000000
95 -90 0.000000
95 -85 0.000000
95 -80 0.000000
95 -75 0.000005
95 -70 0.000068
95 -65 0.000157
95 -60 0.000284
95 -55 0.000402
95 -50 0.000447
95 -45 0.001222
95 -40 0.002556
95 -35 0.004579
95 -30 0.006805
95 -25 0.008070
95 -20 0.007600
95 -15 0.006847
95 -10 0.007823
95 -5 0.011288
95 0 0.016620
95 5 0.021776
95 10 0.023272
95 15 0.020004
95 20 0.013879
95 25 0.007820
95 30 0.003230
95 35 0.000785
95 40 0.000187
95 45 0.000068
95 50 0.000036
95 55 0.000015
95 60 0.000000
95 65 0.000000
95 70 0.000000
95 75 0.000000
95 80 0.000000
95 85 0.000000
95 90 0.000000
95 95 0.000000
95 100 0.000000
95 105 0.000000
95 110 0.000000
95 115 0.000000
95 120 0.000000
95 125 0.000000
95 130 0.000000
95 135 0.000000
95 140 0.000000
95 145 0.000000
95 150 0.000000
95 155 0.000000
95 160 0.000000
95 165 0.000000
95 170 0.000000
95 175 0.000000
100 -180 0.000000
100 -175 0.000000
100 -170 0.000000
100 -165 0.000000
100 -160 0.000000
100 -155 0.000000
100 -150 0.000000
100 -145 0.000000
100 -140 0.000000
100 -135 0.000000
100 -130 0.000000
100 -125 0.000000
100 -120 0.000000
100 -115 0.000000
100 -110 0.000000
100 -105 0.000000
100 -100 0.000000
100 -95 0.000000
100 -90 0.000000
100 -85 0.000000
100 -80 0.000000
100 -75 0.000000
100 -70 0.000000
100 -65 0.000000
100 -60 0.000000
100 -55 0.000000
100 -50 0.000000
100 -45 0.000192
100 -40 0.000528
100 -35 0.001023
100 -30 0.001555
100 -25 0.001859
100 -20 0.001751
100 -15 0.001723
100 -10 0.002285
100 -5 0.003467
100 0 0.005102
100 5 0.006440
100 10 0.006516
100 15 0.005213
100 20 0.003295
100 25 0.001644
100 30 0.000509
100 35 0.000000
100 40 0.000000
100 45 0.000000
100 50 0.000000
100 55 0.000000
100 60 0.000000
100 65 0.000000
100 70 0.000000
100 75 0.000000
100 80 0.000000
100 85 0.000000
100 90 0.000000
100 95 0.000000
100 100 0.000000
100 105 0.000000
100 110 0.000000
100 115 0.000000
100 120 0.000000
100 125 0.000000
100 130 0.000000
100 135 0.000000
100 140 0.000000
100 145 0.000000
100 150 0.000000
100 155 0.000000
100 160 0.000000
100 165 0.000000
100 170 0.000000
100 175 0.000000
105 -180 0.000000
105 -175 0.000000
105 -170 0.000000
105 -165 0.000000
105 -160 0.000000
105 -155 0.000000
105 -150 0.000000
105 -145 0.000000
105 -140 0.000000
105 -135 0.000000
105 -130 0.000000
105 -125 0.000000
105 -120 0.000000
105 -115 0.000000
105 -110 0.000000
105 -105 0.000000
105 -100 0.000000
105 -95 0.000000
105 -90 0.000000
105 -85 0.000000
105 -80 0.000000
105 -75 0.000000
105 -70 0.000000
105 -65 0.000000
105 -60 0.000000
105 -55 0.000000
105 -50 0.000000
105 -45 0.000000
105 -40 0.000000
105 -35 0.000000
105 -30 0.000000
105 -25 0.000000
105 -20 0.000000
105 -15 0.000000
105 -10 0.000000
105 -5 0.000000
105 0 0.000000
105 5 0.000000
105 10 0.000000
105 15 0.000000
105 20 0.000000
105 25 0.000000
105 30 0.000000
105 35 0.000000
105 40 0.000000
105 45 0.000000
105 50 0.000000
105 55 0.000000
105 60 0.000000
105 65 0.000000
105 70 0.000000
105 75 0.000000
105 80 0.000000
105 85 0.000000
105 90 0.000000
105 95 0.000000
105 100 0.000000
105 105 0.000000
105 110 0.000000
105 115 0.000000
105 120 0.000000
105 125 0.000000
105 130 0.000000
105 135 0.000000
105 140 0.000000
105 145 0.000000
105 150 0.000000
105 155 0.000000
105 160 0.000000
105 165 0.000000
105 170 0.000000
105 175 0.000000
110 -180 0.000000
110 -175 0.000000
110 -170 0.000000
110 -165 0.000000
110 -160 0.000000
110 -155 0.000000
110 -150 0.000000
110 -145 0.000000
110 -140 0.000000
110 -135 0.000000
110 -130 0.000000
110 -125 0.000000
110 -120 0.000000
110 -115 0.000000
110 -110 0.000000
110 -105 0.000000
110 -100 0.000000
110 -95 0.000000
110 -90 0.000000
110 -85 0.000000
110 -80 0.000000
110 -75 0.000000
110 -70 0.000000
110 -65 0.000000
110 -60 0.000000
110 -55 0.000000
110 -50 0.000000
110 -45 0.000000
110 -40 0.000000
110 -35 0.000000
110 -30 0.000000
110 -25 0.000000
110 -20 0.000000
110 -15 0.000000
110 -10 0.000000
110 -5 0.000000
110 0 0.000000
110 5 0.000000
110 10 0.000000
110 15 0.000000
110 20 0.000000
110 25 0.000000
110 30 0.000000
110 35 0.000000
110 40 0.000000
110 45 0.000000
110 50 0.000000
110 55 0.000000
110 60 0.000000
110 65 0.000000
110 70 0.000000
110 75 0.000000
110 80 0.000000
110 85 0.000000
110 90 0.000000
110 95 0.000000
110 100 0.000000
110 105 0.000000
110 110 0.000000
110 115 0.000000
110 120 0.000000
110 125 0.000000
110 130 0.000000
110 135 0.000000
110 140 0.000000
110 145 0.000000
110 150 0.000000
110 155 0.000000
110 160 0.000000
110 165 0.000000
110 170 0.000000
110 175 0.000000
115 -180 0.000000
115 -175 0.000000
115 -170 0.000000
115 -165 0.000000
115 -160 0.000000
115 -155 0.000000
115 -150 0.000000
115 -145 0.000000
115 -140 0.000000
115 -135 0.000000
115 -130 0.000000
115 -125 0.000000
115 -120 0.000000
115 -115 0.000000
115 -110 0.000000
115 -105 0.000000
115 -100 0.000000
115 -95 0.000000
115 -90 0.000000
115 -85 0.000000
115 -80 0.000000
115 -75 0.000000
115 -70 0.000000
115 -65 0.000000
115 -60 0.000000
115 -55 0.000000
115 -50 0.000000
115 -45 0.000000
115 -40 0.000000
115 -35 0.000000
115 -30 0.000000
115 -25 0.000000
115 -20 0.000000
115 -15 0.000000
115 -10 0.000000
115 -5 0.000000
115 0 0.000000
115 5 0.000000
115 10 0.000000
115 15 0.000000
115 20 0.000000
115 25 0.000000
115 30 0.000000
115 35 0.000000
115 40 0.000000
115 45 0.000000
115 50 0.000000
115 55 0.000000
115 60 0.000000
115 65 0.000000
115 70 0.000000
115 75 0.000000
115 80 0.000000
115 85 0.000000
115 90 0.000000
115 95 0.000000
115 100 0.000000
115 105 0.000000
115 110 0.000000
115 115 0.000000
115 120 0.000000
115 125 0.000000
115 130 0.000000
115 135 0.000000
115 140 0.000000
115 145 0.000000
115 150 0.000000
115 155 0.000000
115 160 0.000000
115 165 0.000000
115 170 0.000000
115 175 0.000000
120 -180 0.000000
120 -175 0.000000
120 -170 0.000000
120 -165 0.000000
120 -160 0.000000
120 -155 0.000000
120 -150 0.000000
120 -145 0.000000
120 -140 0.000000
120 -135 0.000000
120 -130 0.000000
120 -125 0.000000
120 -120 0.000000
120 -115 0.000000
120 -110 0.000000
120 -105 0.000000
120 -100 0.000000
120 -95 0.000000
120 -90 0.000000
120 -85 0.000000
120 -80 0.000000
120 -75 0.000000
120 -70 0.000000
120 -65 0.000000
120 -60 0.000000
120 -55 0.000000
120 -50 0.000000
120 -45 0.000000
120 -40 0.000000
120 -35 0.000000
120 -30 0.000000
120 -25 0.000000
120 -20 0.000000
120 -15 0.000000
120 -10 0.000000
120 -5 0.000000
120 0 0.000000
120 5 0.000000
120 10 0.000000
120 15 0.000000
120 20 0.000000
120 25 0.000000
120 30 0.000000
120 35 0.000000
120 40 0.000000
120 45 0.000000
120 50 0.000000
120 55 0.000000
120 60 0.000000
120 65 0.000000
120 70 0.000000
120 75 0.000000
120 80 0.000000
120 85 0.000000
120 90 0.000000
120 95 0.000000
120 100 0.000000
120 105 0.000000
120 110 0.000000
120 115 0.000000
120 120 0.000000
120 125 0.000000
120 130 0.000000
120 135 0.000000
120 140 0.000000
120 145 0.000000
120 150 0.000000
120 155 0.000000
120 160 0.000000
120 165 0.000000
120 170 0.000000
120 175 0.000000
125 -180 0.000000
125 -175 0.000000
125 -170 0.000000
125 -165 0.000000
125 -160 0.000000
125 -155 0.000000
125 -150 0.000000
125 -145 0.000000
125 -140 0.000000
125 -135 0.000000
125 -130 0.000000
125 -125 0.000000
125 -120 0.000000
125 -115 0.000000
125 -110 0.000000
125 -105 0.000000
125 -100 0.000000
125 -95 0.000000
125 -90 0.000000
125 -85 0.000000
125 -80 0.000000
125 -75 0.000000
125 -70 0.000000
125 -65 0.000000
125 -60 0.000000
125 -55 0.000000
125 -50 0.000000
125 -45 0.000000
125 -40 0.000000
125 -35 0.000000
125 -30 0.000000
125 -25 0.000000
125 -20 0.000000
125 -15 0.000000
125 -10 0.000000
125 -5 0.000000
125 0 0.000000
125 5 0.000000
125 10 0.000000
125 15 0.000000
125 20 0.000000
125 25 0.000000
125 30 0.000000
125 35 0.000000
125 40 0.000000
125 45 0.000000
125 50 0.000000
125 55 0.000000
125 60 0.000000
125 65 0.000000
125 70 0.000000
125 75 0.000000
125 80 0.000000
125 85 0.000000
125 90 0.000000
125 95 0.000056
125 100 0.000185
125 105 0.000372
125 110 0.000592
125 115 0.000745
125 120 0.000742
125 125 0.000584
125 130 0.000363
125 135 0.000179
125 140 0.000051
125 145 0.000000
125 150 0.000000
125 155 0.000000
125 160 0.000000
125 165 0.000000
125 170 0.000000
125 175 0.000000
130 -180 0.000000
130 -175 0.000000
130 -170 0.000000
130 -165 0.000000
130 -160 0.000000
130 -155 0.000000
130 -150 0.000000
130 -145 0.000000
130 -140 0.000000
130 -135 0.000000
130 -130 0.000000
130 -125 0.000000
130 -120 0.000000
130 -115 0.000000
130 -110 0.000000
130 -105 0.000000
130 -100 0.000000
130 -95 0.000000
130 -90 0.000000
130 -85 0.000000
130 -80 0.000000
130 -75 0.000000
130 -70 0.000000
130 -65 0.000000
130 -60 0.000000
130 -55 0.000000
130 -50 0.000000
130 -45 0.000000
130 -40 0.000000
130 -35 0.000000
130 -30 0.000000
130 -25 0.000000
130 -20 0.000000
130 -15 0.000000
130 -10 0.000000
130 -5 0.000000
130 0 0.000000
130 5 0.000000
130 10 0.000000
130 15 0.000000
130 20 0.000000
130 25 0.000000
130 30 0.000000
130 35 0.000000
130 40 0.000000
130 45 0.000000
130 50 0.000000
130 55 0.000000
130 60 0.000000
130 65 0.000000
130 70 0.000000
130 75 0.000000
130 80 0.000000
130 85 0.000000
130 90 0.000000
130 95 0.000475
130 100 0.001577
130 105 0.003179
130 110 0.005060
130 115 0.006365
130 120 0.006334
130 125 0.004985
130 130 0.003103
130 135 0.001526
130 140 0.000438
130 145 0.000000
130 150 0.000000
130 155 0.000000
130 160 0.000000
130 165 0.000000
130 170 0.000000
130 175 0.000000
135 -180 0.000000
135 -175 0.000000
135 -170 0.000000
135 -165 0.000000
135 -160 0.000000
135 -155 0.000000
135 -150 0.000000
135 -145 0.000000
135 -140 0.000000
135 -135 0.000000
135 -130 0.000000
135 -125 0.000000
135 -120 0.000000
135 -115 0.000000
135 -110 0.000000
135 -105 0.000000
135 -100 0.000000
135 -95 0.000000
135 -90 0.000000
135 -85 0.000000
135 -80 0.000000
135 -75 0.000000
135 -70 0.000000
135 -65 0.000000
135 -60 0.000000
135 -55 0.000000
135 -50 0.000000
135 -45 0.000000
135 -40 0.000000
135 -35 0.000000
135 -30 0.000000
135 -25 0.000000
135 -20 0.000000
135 -15 0.000000
135 -10 0.000000
135 -5 0.000000
135 0 0.000000
135 5 0.000000
135 10 0.000000
135 15 0.000000
135 20 0.000000
135 25 0.000000
135 30 0.000000
135 35 0.000000
135 40 0.000000
135 45 0.000000
135 50 0.000000
135 55 0.000000
135 60 0.000000
135 65 0.000000
135 70 0.000000
135 75 0.000000
135 80 0.000000
135 85 0.000000
135 90 0.000000
135 95 0.001068
135 100 0.003548
135 105 0.007152
135 110 0.011384
135 115 0.014321
135 120 0.014250
135 125 0.011216
135 130 0.006981
135 135 0.003433
135 140 0.000986
135 145 0.000000
135 150 0.000000
135 155 0.000000
135 160 0.000000
135 165 0.000000
135 170 0.000000
135 175 0.000000
140 -180 0.000000
140 -175 0.000000
140 -170 0.000000
140 -165 0.000000
140 -160 0.000000
140 -155 0.000000
140 -150 0.000000
140 -145 0.000000
140 -140 0.000000
140 -135 0.000000
140 -130 0.000000
140 -125 0.000000
140 -120 0.000000
140 -115 0.000000
140 -110 0.000000
140 -105 0.000000
140 -100 0.000000
140 -95 0.000000
140 -90 0.000000
140 -85 0.000000
140 -80 0.000000
140 -75 0.000000
140 -70 0.000000
140 -65 0.000000
140 -60 0.000000
140 -55 0.000000
140 -50 0.000000
140 -45 0.000000
140 -40 0.000000
140 -35 0.000000
140 -30 0.000000
140 -25 0.000000
140 -20 0.000000
140 -15 0.000000
140 -10 0.000000
140 -5 0.000000
140 0 0.000000
140 5 0.000000
140 10 0.000000
140 15 0.000000
140 20 0.000000
140 25 0.000000
140 30 0.000000
140 35 0.000000
140 40 0.000000
140 45 0.000000
140 50 0.000000
140 55 0.000000
140 60 0.000000
140 65 0.000000
140 70 0.000000
140 75 0.000000
140 80 0.000000
140 85 0.000000
140 90 0.000000
140 95 0.001893
140 100 0.006287
140 105 0.012672
140 110 0.020170
140 115 0.025375
140 120 0.025249
140 125 0.019873
140 130 0.012369
140 135 0.006083
140 140 0.001747
140 145 0.000000
140 150 0.000000
140 155 0.000000
140 160 0.000000
140 165 0.000000
140 170 0.000000
140 175 0.000000
145 -180 0.000000
145 -175 0.000000
145 -170 0.000000
145 -165 0.000000
145 -160 0.000000
145 -155 0.000000
145 -150 0.000000
145 -145 0.000000
145 -140 0.000000
145 -135 0.000000
145 -130 0.000000
145 -125 0.000000
145 -120 0.000000
145 -115 0.000000
145 -110 0.000000
145 -105 0.000000
145 -100 0.000000
145 -95 0.000000
145 -90 0.000000
145 -85 0.000000
145 -80 0.000000
145 -75 0.000000
145 -70 0.000000
145 -65 0.000000
145 -60 0.000000
145 -55 0.000000
145 -50 0.000000
145 -45 0.000000
145 -40 0.000000
145 -35 0.000000
145 -30 0.000000
145 -25 0.000000
145 -20 0.000000
145 -15 0.000000
145 -10 0.000000
145 -5 0.000000
145 0 0.000000
145 5 0.000000
145 10 0.000000
145 15 0.000000
145 20 0.000000
145 25 0.000000
145 30 0.000000
145 35 0.000000
145 40 0.000000
145 45 0.000000
145 50 0.000000
145 55 0.000000
145 60 0.000000
145 65 0.000000
145 70 0.000000
145 75 0.000000
145 80 0.000000
145 85 0.000000
145 90 0.000000
145 95 0.002637
145 100 0.008760
145 105 0.017657
145 110 0.028104
145 115 0.035357
145 120 0.035181
145 125 0.027690
145 130 0.017235
145 135 0.008476
145 140 0.002434
145 145 0.000000
145 150 0.000000
145 155 0.000000
145 160 0.000000
145 165 0.000000
145 170 0.000000
145 175 0.000000
150 -180 0.000000
150 -175 0.000000
150 -170 0.000000
150 -165 0.000000
150 -160 0.000000
150 -155 0.000000
150 -150 0.000000
150 -145 0.000000
150 -140 0.000000
150 -135 0.000000
150 -130 0.000000
150 -125 0.000000
150 -120 0.000000
150 -115 0.000000
150 -110 0.000000
150 -105 0.000000
150 -100 0.000000
150 -95 0.000000
150 -90 0.000000
150 -85 0.000000
150 -80 0.000000
150 -75 0.000000
150 -70 0.000000
150 -65 0.000000
150 -60 0.000000
150 -55 0.000000
150 -50 0.000000
150 -45 0.000000
150 -40 0.000000
150 -35 0.000000
150 -30 0.000000
150 -25 0.000000
150 -20 0.000000
150 -15 0.000000
150 -10 0.000000
150 -5 0.000000
150 0 0.000000
150 5 0.000000
150 10 0.000000
150 15 0.000000
150 20 0.000000
150 25 0.000000
150 30 0.000000
150 35 0.000000
150 40 0.000000
150 45 0.000000
150 50 0.000000
150 55 0.000000
150 60 0.000000
150 65 0.000000
150 70 0.000000
150 75 0.000000
150 80 0.000000
150 85 0.000000
150 90 0.000000
150 95 0.002885
150 100 0.009584
150 105 0.019319
150 110 0.030749
150 115 0.038685
150 120 0.038492
150 125 0.030297
150 130 0.018857
150 135 0.009274
150 140 0.002663
150 145 0.000000
150 150 0.000000
150 155 0.000000
150 160 0.000000
150 165 0.000000
150 170 0.000000
150 175 0.000000
155 -180 0.000000
155 -175 0.000000
155 -170 0.000000
155 -165 0.000000
155 -160 0.000000
155 -155 0.000000
155 -150 0.000000
155 -145 0.000000
155 -140 0.000000
155 -135 0.000000
155 -130 0.000000
155 -125 0.000000
155 -120 0.000000
155 -115 0.000000
155 -110 0.000000
155 -105 0.000000
155 -100 0.000000
155 -95 0.000000
155 -90 0.000000
155 -85 0.000000
155 -80 0.000000
155 -75 0.000000
155 -70 0.000000
155 -65 0.000000
155 -60 0.000000
155 -55 0.000000
155 -50 0.000000
155 -45 0.000000
155 -40 0.000000
155 -35 0.000000
155 -30 0.000000
155 -25 0.000000
155 -20 0.000000
155 -15 0.000000
155 -10 0.000000
155 -5 0.000000
155 0 0.000000
155 5 0.000000
155 10 0.000000
155 15 0.000000
155 20 0.000000
155 25 0.000000
155 30 0.000000
155 35 0.000000
155 40 0.000000
155 45 0.000000
155 50 0.000000
155 55 0.000000
155 60 0.000000
155 65 0.000000
155 70 0.000000
155 75 0.000000
155 80 0.000000
155 85 0.000000
155 90 0.000000
155 95 0.002475
155 100 0.008223
155 105 0.016575
155 110 0.026382
155 115 0.033191
155 120 0.033025
155 125 0.025994
155 130 0.016179
155 135 0.007957
155 140 0.002285
155 145 0.000000
155 150 0.000000
155 155 0.000000
155 160 0.000000
155 165 0.000000
155 170 0.000000
155 175 0.000000
160 -180 0.000000
160 -175 0.000000
160 -170 0.000000
160 -165 0.000000
160 -160 0.000000
160 -155 0.000000
160 -150 0.000000
160 -145 0.000000
160 -140 0.000000
160 -135 0.000000
160 -130 0.000000
160 -125 0.000000
160 -120 0.000000
160 -115 0.000000
160 -110 0.000000
160 -105 0.000000
160 -100 0.000000
160 -95 0.000000
160 -90 0.000000
160 -85 0.000000
160 -80 0.000000
160 -75 0.000000
160 -70 0.000000
160 -65 0.000000
160 -60 0.000000
160 -55 0.000000
160 -50 0.000000
160 -45 0.000000
160 -40 0.000000
160 -35 0.000000
160 -30 0.000000
160 -25 0.000000
160 -20 0.000000
160 -15 0.000000
160 -10 0.000000
160 -5 0.000000
160 0 0.000000
160 5 0.000000
160 10 0.000000
160 15 0.000000
160 20 0.000000
160 25 0.000000
160 30 0.000000
160 35 0.000000
160 40 0.000000
160 45 0.000000
160 50 0.000000
160 55 0.000000
160 60 0.000000
160 65 0.000000
160 70 0.000000
160 75 0.000000
160 80 0.000000
160 85 0.000000
160 90 0.000000
160 95 0.001663
160 100 0.005526
160 105 0.011138
160 110 0.017729
160 115 0.022304
160 120 0.022193
160 125 0.017468
160 130 0.010872
160 135 0.005347
160 140 0.001535
160 145 0.000000
160 150 0.000000
160 155 0.000000
160 160 0.000000
160 165 0.000000
160 170 0.000000
160 175 0.000000
165 -180 0.000000
165 -175 0.000000
165 -170 0.000000
165 -165 0.000000
165 -160 0.000000
165 -155 0.000000
165 -150 0.000000
165 -145 0.000000
165 -140 0.000000
165 -135 0.000000
165 -130 0.000000
165 -125 0.000000
165 -120 0.000000
165 -115 0.000000
165 -110 0.000000
165 -105 0.000000
165 -100 0.000000
165 -95 0.000000
165 -90 0.000000
165 -85 0.000000
165 -80 0.000000
165 -75 0.000000
165 -70 0.000000
165 -65 0.000000
165 -60 0.000000
165 -55 0.000000
165 -50 0.000000
165 -45 0.000000
165 -40 0.000000
165 -35 0.000000
165 -30 0.000000
165 -25 0.000000
165 -20 0.000000
165 -15 0.000000
165 -10 0.000000
165 -5 0.000000
165 0 0.000000
165 5 0.000000
165 10 0.000000
165 15 0.000000
165 20 0.000000
165 25 0.000000
165 30 0.000000
165 35 0.000000
165 40 0.000000
165 45 0.000000
165 50 0.000000
165 55 0.000000
165 60 0.000000
165 65 0.000000
165 70 0.000000
165 75 0.000000
165 80 0.000000
165 85 0.000000
165 90 0.000000
165 95 0.000875
165 100 0.002905
165 105 0.005856
165 110 0.009321
165 115 0.011727
165 120 0.011695
165 125 0.009390
165 130 0.006175
165 135 0.003619
165 140 0.001926
165 145 0.001218
165 150 0.001040
165 155 0.000697
165 160 0.000365
165 165 0.000141
165 170 0.000000
165 175 0.000000
170 -180 0.003355
170 -175 0.001288
170 -170 0.000154
170 -165 0.000000
170 -160 0.000000
170 -155 0.000000
170 -150 0.000000
170 -145 0.000000
170 -140 0.000000
170 -135 0.000000
170 -130 0.000000
170 -125 0.000000
170 -120 0.000000
170 -115 0.000000
170 -110 0.000000
170 -105 0.000000
170 -100 0.000000
170 -95 0.000000
170 -90 0.000000
170 -85 0.000000
170 -80 0.000000
170 -75 0.000000
170 -70 0.000000
170 -65 0.000000
170 -60 0.000000
170 -55 0.000000
170 -50 0.000000
170 -45 0.000000
170 -40 0.000000
170 -35 0.000000
170 -30 0.000000
170 -25 0.000000
170 -20 0.000000
170 -15 0.000000
170 -10 0.000000
170 -5 0.000000
170 0 0.000000
170 5 0.000000
170 10 0.000000
170 15 0.000000
170 20 0.000000
170 25 0.000000
170 30 0.000000
170 35 0.000000
170 40 0.000000
170 45 0.000000
170 50 0.000000
170 55 0.000000
170 60 0.000000
170 65 0.000000
170 70 0.000000
170 75 0.000000
170 80 0.000000
170 85 0.000000
170 90 0.000000
170 95 0.000341
170 100 0.001134
170 105 0.002286
170 110 0.003639
170 115 0.004578
170 120 0.004715
170 125 0.004807
170 130 0.005122
170 135 0.006516
170 140 0.008700
170 145 0.011344
170 150 0.013295
170 155 0.014377
170 160 0.014471
170 165 0.013047
170 170 0.009903
170 175 0.006455
175 -180 0.026122
175 -175 0.014688
175 -170 0.006660
175 -165 0.003047
175 -160 0.001185
175 -155 0.000368
175 -150 0.000000
175 -145 0.000000
175 -140 0.000000
175 -135 0.000000
175 -130 0.000000
175 -125 0.000000
175 -120 0.000000
175 -115 0.000000
175 -110 0.000000
175 -105 0.000000
175 -100 0.000000
175 -95 0.000000
175 -90 0.000000
175 -85 0.000000
175 -80 0.000000
175 -75 0.000000
175 -70 0.000000
175 -65 0.000000
175 -60 0.000000
175 -55 0.000000
175 -50 0.000000
175 -45 0.000000
175 -40 0.000000
175 -35 0.000000
175 -30 0.000000
175 -25 0.000000
175 -20 0.000000
175 -15 0.000000
175 -10 0.000000
175 -5 0.000000
175 0 0.000000
175 5 0.000000
175 10 0.000000
175 15 0.000000
175 20 0.000000
175 25 0.000000
175 30 0.000000
175 35 0.000000
175 40 0.000000
175 45 0.000000
175 50 0.000000
175 55 0.000000
175 60 0.000000
175 65 0.000000
175 70 0.000000
175 75 0.000000
175 80 0.000000
175 85 0.000000
175 90 0.000000
175 95 0.000000
175 100 0.000000
175 105 0.000000
175 110 0.000000
175 115 0.000000
175 120 0.000349
175 125 0.002669
175 130 0.007133
175 135 0.014415
175 140 0.024449
175 145 0.037121
175 150 0.048984
175 155 0.059104
175 160 0.065027
175 165 0.063868
175 170 0.054276
175 175 0.040318
