-180 -180 0.373327
-180 -175 0.290640
-180 -170 0.207779
-180 -165 0.139304
-180 -160 0.086182
-180 -155 0.051000
-180 -150 0.024706
-180 -145 0.009035
-180 -140 0.001467
-180 -135 0.000132
-180 -130 0.000000
-180 -125 0.000000
-180 -120 0.000000
-180 -115 0.000000
-180 -110 0.000000
-180 -105 0.000000
-180 -100 0.000000
-180 -95 0.000000
-180 -90 0.000000
-180 -85 0.000000
-180 -80 0.000000
-180 -75 0.000000
-180 -70 0.000000
-180 -65 0.000000
-180 -60 0.000000
-180 -55 0.000000
-180 -50 0.000040
-180 -45 0.000102
-180 -40 0.000194
-180 -35 0.000287
-180 -30 0.000334
-180 -25 0.000303
-180 -20 0.000217
-180 -15 0.000121
-180 -10 0.000409
-180 -5 0.001436
-180 0 0.003823
-180 5 0.007366
-180 10 0.011216
-180 15 0.014032
-180 20 0.014421
-180 25 0.012277
-180 30 0.008969
-180 35 0.006268
-180 40 0.005181
-180 45 0.005604
-180 50 0.008974
-180 55 0.015203
-180 60 0.022921
-180 65 0.032273
-180 70 0.038885
-180 75 0.039232
-180 80 0.033981
-180 85 0.027584
-180 90 0.024142
-180 95 0.025376
-180 100 0.031413
-180 105 0.038423
-180 110 0.043367
-180 115 0.045983
-180 120 0.048756
-180 125 0.056116
-180 130 0.072526
-180 135 0.096552
-180 140 0.123712
-180 145 0.155161
-180 150 0.193566
-180 155 0.248180
-180 160 0.317760
-180 165 0.392565
-180 170 0.439080
-180 175 0.431850
-175 -180 0.656100
-175 -175 0.504560
-175 -170 0.353978
-175 -165 0.233272
-175 -160 0.142944
-175 -155 0.085030
-175 -150 0.042816
-175 -145 0.017217
-175 -140 0.004016
-175 -135 0.001017
-175 -130 0.000048
-175 -125 0.000013
-175 -120 0.000000
-175 -115 0.000000
-175 -110 0.000000
-175 -105 0.000000
-175 -100 0.000000
-175 -95 0.000000
-175 -90 0.000000
-175 -85 0.000000
-175 -80 0.000000
-175 -75 0.000000
-175 -70 0.000000
-175 -65 0.000000
-175 -60 0.000000
-175 -55 0.000000
-175 -50 0.000728
-175 -45 0.001846
-175 -40 0.003502
-175 -35 0.005194
-175 -30 0.006028
-175 -25 0.005482
-175 -20 0.003911
-175 -15 0.002192
-175 -10 0.001759
-175 -5 0.003294
-175 0 0.008446
-175 5 0.016371
-175 10 0.025039
-175 15 0.031842
-175 20 0.033779
-175 25 0.030828
-175 30 0.025932
-175 35 0.022691
-175 40 0.022640
-175 45 0.025056
-175 50 0.032704
-175 55 0.044793
-175 60 0.059168
-175 65 0.077334
-175 70 0.089913
-175 75 0.090325
-175 80 0.080091
-175 85 0.068033
-175 90 0.062475
-175 95 0.066265
-175 100 0.079814
-175 105 0.093667
-175 110 0.101678
-175 115 0.103460
-175 120 0.102911
-175 125 0.106012
-175 130 0.122234
-175 135 0.149662
-175 140 0.185618
-175 145 0.238630
-175 150 0.314698
-175 155 0.425573
-175 160 0.562922
-175 165 0.701625
-175 170 0.783383
-175 175 0.765362
-170 -180 1.003760
-170 -175 0.764452
-170 -170 0.526008
-170 -165 0.339133
-170 -160 0.204212
-170 -155 0.122204
-170 -150 0.065576
-170 -145 0.030745
-170 -140 0.011049
-170 -135 0.004672
-170 -130 0.001280
-170 -125 0.000339
-170 -120 0.000000
-170 -115 0.000000
-170 -110 0.000000
-170 -105 0.000279
-170 -100 0.000756
-170 -95 0.001459
-170 -90 0.002210
-170 -85 0.002631
-170 -80 0.002466
-170 -75 0.001822
-170 -70 0.001062
-170 -65 0.000489
-170 -60 0.000088
-170 -55 0.000302
-170 -50 0.002469
-170 -45 0.005789
-170 -40 0.010415
-170 -35 0.014793
-170 -30 0.016612
-170 -25 0.014754
-170 -20 0.010376
-170 -15 0.005857
-170 -10 0.004536
-170 -5 0.008125
-170 0 0.019105
-170 5 0.035726
-170 10 0.053246
-170 15 0.066619
-170 20 0.070980
-170 25 0.067301
-170 30 0.061241
-170 35 0.058712
-170 40 0.061009
-170 45 0.066404
-170 50 0.079172
-170 55 0.098648
-170 60 0.122484
-170 65 0.154224
-170 70 0.176991
-170 75 0.179653
-170 80 0.163816
-170 85 0.143979
-170 90 0.133877
-170 95 0.137744
-170 100 0.158100
-170 105 0.178471
-170 110 0.188579
-170 115 0.187102
-170 120 0.177965
-170 125 0.170630
-170 130 0.180957
-170 135 0.208965
-170 140 0.256425
-170 145 0.340583
-170 150 0.468180
-170 155 0.651675
-170 160 0.873038
-170 165 1.087530
-170 170 1.209080
-170 175 1.176430
-165 -180 1.357043
-165 -175 1.031895
-165 -170 0.703847
-165 -165 0.448472
-165 -160 0.266997
-165 -155 0.160972
-165 -150 0.091564
-165 -145 0.047678
-165 -140 0.020856
-165 -135 0.009757
-165 -130 0.003008
-165 -125 0.000796
-165 -120 0.000000
-165 -115 0.000141
-165 -110 0.000839
-165 -105 0.002802
-165 -100 0.005795
-165 -95 0.009385
-165 -90 0.012313
-165 -85 0.013057
-165 -80 0.011167
-165 -75 0.007684
-165 -70 0.004199
-165 -65 0.001704
-165 -60 0.000306
-165 -55 0.001079
-165 -50 0.005857
-165 -45 0.013430
-165 -40 0.023988
-165 -35 0.033854
-165 -30 0.038324
-165 -25 0.034952
-165 -20 0.025833
-165 -15 0.016432
-165 -10 0.013481
-165 -5 0.021441
-165 0 0.042827
-165 5 0.073676
-165 10 0.104420
-165 15 0.125912
-165 20 0.131867
-165 25 0.126232
-165 30 0.118394
-165 35 0.117089
-165 40 0.123733
-165 45 0.136889
-165 50 0.160650
-165 55 0.193674
-165 60 0.231521
-165 65 0.277957
-165 70 0.308585
-165 75 0.310668
-165 80 0.288228
-165 85 0.260557
-165 90 0.245866
-165 95 0.248650
-165 100 0.273670
-165 105 0.298740
-165 110 0.309825
-165 115 0.303533
-165 120 0.282265
-165 125 0.260597
-165 130 0.261075
-165 135 0.287805
-165 140 0.349172
-165 145 0.467020
-165 150 0.644210
-165 155 0.894035
-165 160 1.190068
-165 165 1.471102
-165 170 1.629385
-165 175 1.586870
-160 -180 1.617597
-160 -175 1.237023
-160 -170 0.846200
-160 -165 0.539702
-160 -160 0.321100
-160 -155 0.196086
-160 -150 0.117767
-160 -145 0.066485
-160 -140 0.032913
-160 -135 0.016299
-160 -130 0.005531
-160 -125 0.001463
-160 -120 0.000000
-160 -115 0.000365
-160 -110 0.002172
-160 -105 0.006716
-160 -100 0.013540
-160 -95 0.021486
-160 -90 0.027844
-160 -85 0.029283
-160 -80 0.025186
-160 -75 0.017872
-160 -70 0.010501
-160 -65 0.004941
-160 -60 0.001630
-160 -55 0.002741
-160 -50 0.010282
-160 -45 0.022822
-160 -40 0.040568
-160 -35 0.057031
-160 -30 0.064847
-160 -25 0.059993
-160 -20 0.045506
-160 -15 0.030497
-160 -10 0.025883
-160 -5 0.040784
-160 0 0.077376
-160 5 0.129553
-160 10 0.180903
-160 15 0.216614
-160 20 0.227059
-160 25 0.219335
-160 30 0.207220
-160 35 0.203293
-160 40 0.212343
-160 45 0.235200
-160 50 0.275502
-160 55 0.330242
-160 60 0.388125
-160 65 0.448898
-160 70 0.482533
-160 75 0.479907
-160 80 0.450585
-160 85 0.417957
-160 90 0.404268
-160 95 0.410415
-160 100 0.440803
-160 105 0.467860
-160 110 0.474180
-160 115 0.454183
-160 120 0.410390
-160 125 0.366480
-160 130 0.352710
-160 135 0.377573
-160 140 0.455450
-160 145 0.603448
-160 150 0.815010
-160 155 1.102405
-160 160 1.434685
-160 165 1.745985
-160 170 1.922982
-160 175 1.878232
-155 -180 1.723572
-155 -175 1.338297
-155 -170 0.932968
-155 -165 0.606275
-155 -160 0.365882
-155 -155 0.225644
-155 -150 0.139193
-155 -145 0.081369
-155 -140 0.042725
-155 -135 0.021685
-155 -130 0.007945
-155 -125 0.002102
-155 -120 0.000000
-155 -115 0.000697
-155 -110 0.004142
-155 -105 0.012217
-155 -100 0.024216
-155 -95 0.037900
-155 -90 0.049085
-155 -85 0.051856
-155 -80 0.045741
-155 -75 0.034451
-155 -70 0.022526
-155 -65 0.012547
-155 -60 0.005768
-155 -55 0.006098
-155 -50 0.015085
-155 -45 0.031893
-155 -40 0.056918
-155 -35 0.080391
-155 -30 0.092810
-155 -25 0.088324
-155 -20 0.070195
-155 -15 0.051121
-155 -10 0.046410
-155 -5 0.072778
-155 0 0.131354
-155 5 0.215014
-155 10 0.298717
-155 15 0.359415
-155 20 0.380090
-155 25 0.368783
-155 30 0.343862
-155 35 0.326245
-155 40 0.330715
-155 45 0.366468
-155 50 0.435670
-155 55 0.529323
-155 60 0.620522
-155 65 0.696273
-155 70 0.723633
-155 75 0.702842
-155 80 0.654710
-155 85 0.608955
-155 90 0.591573
-155 95 0.598735
-155 100 0.632043
-155 105 0.659715
-155 110 0.661150
-155 115 0.625260
-155 120 0.557055
-155 125 0.490403
-155 130 0.464040
-155 135 0.490642
-155 140 0.588072
-155 145 0.758563
-155 150 0.980405
-155 155 1.260730
-155 160 1.571550
-155 165 1.857773
-155 170 2.021525
-155 175 1.978302
-150 -180 1.665365
-150 -175 1.321850
-150 -170 0.949883
-150 -165 0.635668
-150 -160 0.391863
-150 -155 0.241058
-150 -150 0.147120
-150 -145 0.084999
-150 -140 0.044936
-150 -135 0.022891
-150 -130 0.008913
-150 -125 0.002358
-150 -120 0.000000
-150 -115 0.001040
-150 -110 0.006185
-150 -105 0.017537
-150 -100 0.034244
-150 -95 0.052923
-150 -90 0.068424
-150 -85 0.072883
-150 -80 0.066516
-150 -75 0.053988
-150 -70 0.040196
-150 -65 0.027572
-150 -60 0.017624
-150 -55 0.015945
-150 -50 0.023540
-150 -45 0.041025
-150 -40 0.069014
-150 -35 0.095696
-150 -30 0.111281
-150 -25 0.109047
-150 -20 0.091706
-150 -15 0.073941
-150 -10 0.074384
-150 -5 0.117884
-150 0 0.205798
-150 5 0.332593
-150 10 0.465487
-150 15 0.569710
-150 20 0.613060
-150 25 0.597163
-150 30 0.544863
-150 35 0.491522
-150 40 0.475857
-150 45 0.522195
-150 50 0.631545
-150 55 0.781307
-150 60 0.918730
-150 65 1.008617
-150 70 1.019318
-150 75 0.965193
-150 80 0.883822
-150 85 0.812192
-150 90 0.783427
-150 95 0.789887
-150 100 0.829750
-150 105 0.865592
-150 110 0.871332
-150 115 0.824582
-150 120 0.732235
-150 125 0.639210
-150 130 0.596747
-150 135 0.623737
-150 140 0.737745
-150 145 0.919002
-150 150 1.128982
-150 155 1.363152
-150 160 1.602873
-150 165 1.815598
-150 170 1.933130
-150 175 1.886942
-145 -180 1.496507
-145 -175 1.210128
-145 -170 0.892923
-145 -165 0.610730
-145 -160 0.380837
-145 -155 0.229369
-145 -150 0.133674
-145 -145 0.073699
-145 -140 0.037926
-145 -135 0.019103
-145 -130 0.007804
-145 -125 0.002065
-145 -120 0.000000
-145 -115 0.001218
-145 -110 0.007376
-145 -105 0.020205
-145 -100 0.038924
-145 -95 0.059466
-145 -90 0.077168
-145 -85 0.083472
-145 -80 0.079727
-145 -75 0.070420
-145 -70 0.059033
-145 -65 0.046883
-145 -60 0.035374
-145 -55 0.031147
-145 -50 0.035009
-145 -45 0.049111
-145 -40 0.074774
-145 -35 0.100075
-145 -30 0.117008
-145 -25 0.118798
-145 -20 0.107052
-145 -15 0.097249
-145 -10 0.111881
-145 -5 0.183360
-145 0 0.315958
-145 5 0.506340
-145 10 0.710700
-145 15 0.877973
-145 20 0.952847
-145 25 0.923550
-145 30 0.819878
-145 35 0.700637
-145 40 0.641590
-145 45 0.686202
-145 50 0.837670
-145 55 1.053392
-145 60 1.247008
-145 65 1.355167
-145 70 1.346867
-145 75 1.248833
-145 80 1.117315
-145 85 1.000563
-145 90 0.945015
-145 95 0.942540
-145 100 0.990670
-145 105 1.041573
-145 110 1.060828
-145 115 1.011625
-145 120 0.901133
-145 125 0.785617
-145 130 0.727757
-145 135 0.752108
-145 140 0.871652
-145 145 1.047475
-145 150 1.231358
-145 155 1.404965
-145 160 1.561035
-145 165 1.688513
-145 170 1.744380
-145 175 1.683895
-140 -180 1.293180
-140 -175 1.059040
-140 -170 0.795472
-140 -165 0.550635
-140 -160 0.344212
-140 -155 0.200028
-140 -150 0.107997
-140 -145 0.054919
-140 -140 0.025918
-140 -135 0.012566
-140 -130 0.005331
-140 -125 0.001410
-140 -120 0.000000
-140 -115 0.001119
-140 -110 0.007528
-140 -105 0.019949
-140 -100 0.037972
-140 -95 0.057351
-140 -90 0.074718
-140 -85 0.082392
-140 -80 0.083082
-140 -75 0.080626
-140 -70 0.076190
-140 -65 0.068987
-140 -60 0.059558
-140 -55 0.053925
-140 -50 0.053208
-140 -45 0.060986
-140 -40 0.079645
-140 -35 0.099583
-140 -30 0.116143
-140 -25 0.123167
-140 -20 0.122346
-140 -15 0.130606
-140 -10 0.172570
-140 -5 0.285052
-140 0 0.475380
-140 5 0.741440
-140 10 1.028530
-140 15 1.269190
-140 20 1.383922
-140 25 1.339002
-140 30 1.168470
-140 35 0.959195
-140 40 0.829955
-140 45 0.846920
-140 50 1.020253
-140 55 1.286822
-140 60 1.529733
-140 65 1.657470
-140 70 1.638065
-140 75 1.502727
-140 80 1.320315
-140 85 1.150840
-140 90 1.058000
-140 95 1.037907
-140 100 1.092190
-140 105 1.159410
-140 110 1.197183
-140 115 1.154062
-140 120 1.034672
-140 125 0.903338
-140 130 0.831565
-140 135 0.848445
-140 140 0.959813
-140 145 1.116293
-140 150 1.268355
-140 155 1.385652
-140 160 1.471688
-140 165 1.529650
-140 170 1.531160
-140 175 1.454250
-135 -180 1.123435
-135 -175 0.922910
-135 -170 0.696453
-135 -165 0.483722
-135 -160 0.302450
-135 -155 0.170229
-135 -150 0.085361
-135 -145 0.039896
-135 -140 0.016144
-135 -135 0.007088
-135 -130 0.003165
-135 -125 0.001444
-135 -120 0.001167
-135 -115 0.002361
-135 -110 0.008367
-135 -105 0.018717
-135 -100 0.033650
-135 -95 0.049470
-135 -90 0.064057
-135 -85 0.071760
-135 -80 0.076274
-135 -75 0.080856
-135 -70 0.084851
-135 -65 0.085723
-135 -60 0.082869
-135 -55 0.080105
-135 -50 0.078847
-135 -45 0.083316
-135 -40 0.096193
-135 -35 0.111271
-135 -30 0.126977
-135 -25 0.139757
-135 -20 0.152740
-135 -15 0.187106
-135 -10 0.271688
-135 -5 0.443538
-135 0 0.710390
-135 5 1.068728
-135 10 1.446403
-135 15 1.759405
-135 20 1.907295
-135 25 1.833888
-135 30 1.576470
-135 35 1.251150
-135 40 1.020110
-135 45 0.971468
-135 50 1.122428
-135 55 1.399103
-135 60 1.664220
-135 65 1.806018
-135 70 1.790130
-135 75 1.642125
-135 80 1.431912
-135 85 1.225723
-135 90 1.100595
-135 95 1.061560
-135 100 1.119642
-135 105 1.202958
-135 110 1.264250
-135 115 1.240553
-135 120 1.129655
-135 125 0.996790
-135 130 0.916310
-135 135 0.924280
-135 140 1.018697
-135 145 1.150522
-135 150 1.273950
-135 155 1.351795
-135 160 1.393275
-135 165 1.405798
-135 170 1.367155
-135 175 1.273560
-130 -180 1.020180
-130 -175 0.832050
-130 -170 0.621745
-130 -165 0.429422
-130 -160 0.269343
-130 -155 0.149659
-130 -150 0.073123
-130 -145 0.033406
-130 -140 0.011629
-130 -135 0.004290
-130 -130 0.002702
-130 -125 0.003585
-130 -120 0.005520
-130 -115 0.007809
-130 -110 0.013814
-130 -105 0.021799
-130 -100 0.033137
-130 -95 0.045157
-130 -90 0.055749
-130 -85 0.061038
-130 -80 0.065490
-130 -75 0.073201
-130 -70 0.083549
-130 -65 0.093350
-130 -60 0.101456
-130 -55 0.107657
-130 -50 0.112258
-130 -45 0.119622
-130 -40 0.132872
-130 -35 0.147982
-130 -30 0.165660
-130 -25 0.185990
-130 -20 0.215494
-130 -15 0.282948
-130 -10 0.425677
-130 -5 0.680443
-130 0 1.051270
-130 5 1.523297
-130 10 1.997058
-130 15 2.367160
-130 20 2.520450
-130 25 2.388008
-130 30 2.015890
-130 35 1.549105
-130 40 1.185660
-130 45 1.031095
-130 50 1.108548
-130 55 1.345342
-130 60 1.598187
-130 65 1.746140
-130 70 1.750762
-130 75 1.625320
-130 80 1.427660
-130 85 1.223893
-130 90 1.095020
-130 95 1.053240
-130 100 1.118825
-130 105 1.215100
-130 110 1.293988
-130 115 1.289470
-130 120 1.192303
-130 125 1.065870
-130 130 0.979980
-130 135 0.979125
-130 140 1.055345
-130 145 1.164708
-130 150 1.267327
-130 155 1.323182
-130 160 1.344272
-130 165 1.335392
-130 170 1.275597
-130 175 1.171042
-125 -180 0.977155
-125 -175 0.789015
-125 -170 0.582973
-125 -165 0.403443
-125 -160 0.259282
-125 -155 0.149222
-125 -150 0.077620
-125 -145 0.037581
-125 -140 0.012702
-125 -135 0.003773
-125 -130 0.003277
-125 -125 0.006980
-125 -120 0.011758
-125 -115 0.015873
-125 -110 0.022968
-125 -105 0.029797
-125 -100 0.039312
-125 -95 0.049880
-125 -90 0.057580
-125 -85 0.059413
-125 -80 0.060350
-125 -75 0.066259
-125 -70 0.078349
-125 -65 0.093554
-125 -60 0.113246
-125 -55 0.132577
-125 -50 0.150327
-125 -45 0.170748
-125 -40 0.195092
-125 -35 0.218504
-125 -30 0.242065
-125 -25 0.271200
-125 -20 0.321805
-125 -15 0.436073
-125 -10 0.665887
-125 -5 1.044760
-125 0 1.561723
-125 5 2.174175
-125 10 2.739325
-125 15 3.130000
-125 20 3.234050
-125 25 2.990000
-125 30 2.464765
-125 35 1.832685
-125 40 1.316537
-125 45 1.030375
-125 50 0.995690
-125 55 1.150360
-125 60 1.354385
-125 65 1.490505
-125 70 1.519748
-125 75 1.444137
-125 80 1.303825
-125 85 1.157577
-125 90 1.076380
-125 95 1.070355
-125 100 1.159323
-125 105 1.266927
-125 110 1.347762
-125 115 1.343850
-125 120 1.250275
-125 125 1.128753
-125 130 1.040120
-125 135 1.036740
-125 140 1.104853
-125 145 1.203808
-125 150 1.295080
-125 155 1.339115
-125 160 1.347757
-125 165 1.321910
-125 170 1.247968
-125 175 1.135332
-120 -180 0.961732
-120 -175 0.767110
-120 -170 0.561405
-120 -165 0.391245
-120 -160 0.260950
-120 -155 0.159950
-120 -150 0.092375
-120 -145 0.049100
-120 -140 0.018794
-120 -135 0.005938
-120 -130 0.005520
-120 -125 0.011758
-120 -120 0.019806
-120 -115 0.026430
-120 -110 0.034588
-120 -105 0.039927
-120 -100 0.047141
-120 -95 0.056500
-120 -90 0.062807
-120 -85 0.063233
-120 -80 0.062724
-120 -75 0.067363
-120 -70 0.079612
-120 -65 0.096595
-120 -60 0.125162
-120 -55 0.157791
-120 -50 0.192501
-120 -45 0.232665
-120 -40 0.275647
-120 -35 0.312543
-120 -30 0.345102
-120 -25 0.387502
-120 -20 0.472402
-120 -15 0.656332
-120 -10 1.015958
-120 -5 1.576940
-120 0 2.300372
-120 5 3.095050
-120 10 3.751825
-120 15 4.112675
-120 20 4.081650
-120 25 3.641100
-120 30 2.907725
-120 35 2.086502
-120 40 1.414250
-120 45 0.996943
-120 50 0.839122
-120 55 0.892373
-120 60 1.025613
-120 65 1.135373
-120 70 1.184955
-120 75 1.168645
-120 80 1.107892
-120 85 1.052900
-120 90 1.055063
-120 95 1.117738
-120 100 1.252315
-120 105 1.384045
-120 110 1.467553
-120 115 1.453150
-120 120 1.349700
-120 125 1.220862
-120 130 1.122613
-120 135 1.117412
-120 140 1.187482
-120 145 1.290095
-120 150 1.381600
-120 155 1.417312
-120 160 1.409030
-120 165 1.355822
-120 170 1.260717
-120 175 1.133190
-115 -180 0.978475
-115 -175 0.774080
-115 -170 0.564850
-115 -165 0.395767
-115 -160 0.271088
-115 -155 0.173458
-115 -150 0.106274
-115 -145 0.058548
-115 -140 0.023789
-115 -135 0.007388
-115 -130 0.007350
-115 -125 0.015654
-115 -120 0.026369
-115 -115 0.035173
-115 -110 0.044427
-115 -105 0.049020
-115 -100 0.055105
-115 -95 0.064838
-115 -90 0.072107
-115 -85 0.073906
-115 -80 0.074840
-115 -75 0.079641
-115 -70 0.090993
-115 -65 0.105851
-115 -60 0.138991
-115 -55 0.183361
-115 -50 0.237913
-115 -45 0.304623
-115 -40 0.373690
-115 -35 0.429295
-115 -30 0.474637
-115 -25 0.536785
-115 -20 0.675080
-115 -15 0.963090
-115 -10 1.509157
-115 -5 2.322235
-115 0 3.318775
-115 5 4.330725
-115 10 5.063475
-115 15 5.322500
-115 20 5.049725
-115 25 4.312475
-115 30 3.312625
-115 35 2.288440
-115 40 1.479660
-115 45 0.962925
-115 50 0.710403
-115 55 0.677098
-115 60 0.741175
-115 65 0.818007
-115 70 0.879382
-115 75 0.917548
-115 80 0.942422
-115 85 0.992637
-115 90 1.094400
-115 95 1.236950
-115 100 1.418155
-115 105 1.569895
-115 110 1.647835
-115 115 1.610448
-115 120 1.488540
-115 125 1.347200
-115 130 1.241062
-115 135 1.235788
-115 140 1.312167
-115 145 1.421547
-115 150 1.515087
-115 155 1.541017
-115 160 1.512060
-115 165 1.426945
-115 170 1.308900
-115 175 1.163920
-110 -180 1.048785
-110 -175 0.830460
-110 -170 0.606948
-110 -165 0.420793
-110 -160 0.284385
-110 -155 0.179673
-110 -150 0.109228
-110 -145 0.059638
-110 -140 0.024905
-110 -135 0.007324
-110 -130 0.007726
-110 -125 0.016456
-110 -120 0.027720
-110 -115 0.037002
-110 -110 0.046515
-110 -105 0.050863
-110 -100 0.056818
-110 -95 0.067903
-110 -90 0.077972
-110 -85 0.084213
-110 -80 0.090404
-110 -75 0.098319
-110 -70 0.109538
-110 -65 0.120921
-110 -60 0.155596
-110 -55 0.209363
-110 -50 0.284335
-110 -45 0.379900
-110 -40 0.476313
-110 -35 0.553547
-110 -30 0.621208
-110 -25 0.720773
-110 -20 0.948382
-110 -15 1.393615
-110 -10 2.193820
-110 -5 3.321225
-110 0 4.627825
-110 5 5.844600
-110 10 6.583950
-110 15 6.630000
-110 20 5.999675
-110 25 4.883550
-110 30 3.594350
-110 35 2.392632
-110 40 1.502950
-110 45 0.945727
-110 50 0.651145
-110 55 0.569180
-110 60 0.586072
-110 65 0.640030
-110 70 0.713523
-110 75 0.800060
-110 80 0.902858
-110 85 1.046543
-110 90 1.237110
-110 95 1.448010
-110 100 1.665638
-110 105 1.830042
-110 110 1.893300
-110 115 1.820493
-110 120 1.663397
-110 125 1.493570
-110 130 1.374220
-110 135 1.367648
-110 140 1.455525
-110 145 1.578640
-110 150 1.683060
-110 155 1.706610
-110 160 1.660830
-110 165 1.547940
-110 170 1.408880
-110 175 1.246365
-105 -180 1.191940
-105 -175 0.957250
-105 -170 0.705883
-105 -165 0.479717
-105 -160 0.308185
-105 -155 0.182159
-105 -150 0.102035
-105 -145 0.052698
-105 -140 0.022121
-105 -135 0.005818
-105 -130 0.006404
-105 -125 0.013641
-105 -120 0.022978
-105 -115 0.030703
-105 -110 0.039332
-105 -105 0.043886
-105 -100 0.050551
-105 -95 0.063176
-105 -90 0.076738
-105 -85 0.088504
-105 -80 0.101260
-105 -75 0.114278
-105 -70 0.126853
-105 -65 0.136548
-105 -60 0.172934
-105 -55 0.235210
-105 -50 0.329257
-105 -45 0.452835
-105 -40 0.576510
-105 -35 0.681865
-105 -30 0.789680
-105 -25 0.955247
-105 -20 1.309330
-105 -15 1.953027
-105 -10 3.034575
-105 -5 4.470250
-105 0 6.036450
-105 5 7.367275
-105 10 8.002325
-105 15 7.735475
-105 20 6.690200
-105 25 5.193875
-105 30 3.663075
-105 35 2.361327
-105 40 1.475775
-105 45 0.956760
-105 50 0.691477
-105 55 0.618485
-105 60 0.630062
-105 65 0.685725
-105 70 0.774975
-105 75 0.896362
-105 80 1.053575
-105 85 1.261143
-105 90 1.509620
-105 95 1.756030
-105 100 1.977150
-105 105 2.122750
-105 110 2.143898
-105 115 2.019600
-105 120 1.819777
-105 125 1.624210
-105 130 1.505103
-105 135 1.508813
-105 140 1.615922
-105 145 1.755230
-105 150 1.871457
-105 155 1.896862
-105 160 1.840050
-105 165 1.711912
-105 170 1.563455
-105 175 1.393123
-100 -180 1.413105
-100 -175 1.153605
-100 -170 0.860443
-100 -165 0.575910
-100 -160 0.349353
-100 -155 0.188212
-100 -150 0.091272
-100 -145 0.041862
-100 -140 0.017123
-100 -135 0.003730
-100 -130 0.004180
-100 -125 0.008903
-100 -120 0.014998
-100 -115 0.020069
-100 -110 0.026739
-100 -105 0.031123
-100 -100 0.037879
-100 -95 0.050266
-100 -90 0.065063
-100 -85 0.079988
-100 -80 0.097014
-100 -75 0.114598
-100 -70 0.130083
-100 -65 0.143835
-100 -60 0.186905
-100 -55 0.261490
-100 -50 0.376885
-100 -45 0.529443
-100 -40 0.683638
-100 -35 0.828417
-100 -30 0.998352
-100 -25 1.257975
-100 -20 1.760680
-100 -15 2.606750
-100 -10 3.924275
-100 -5 5.561125
-100 0 7.225650
-100 5 8.491450
-100 10 8.884400
-100 15 8.255000
-100 20 6.844550
-100 25 5.085575
-100 30 3.450775
-100 35 2.174183
-100 40 1.389050
-100 45 0.980243
-100 50 0.804195
-100 55 0.786907
-100 60 0.826510
-100 65 0.902650
-100 70 1.010405
-100 75 1.157900
-100 80 1.352213
-100 85 1.599670
-100 90 1.878630
-100 95 2.131353
-100 100 2.328190
-100 105 2.429047
-100 110 2.386945
-100 115 2.203385
-100 120 1.959157
-100 125 1.742787
-100 130 1.630003
-100 135 1.648742
-100 140 1.781022
-100 145 1.947412
-100 150 2.091727
-100 155 2.141470
-100 160 2.092398
-100 165 1.961797
-100 170 1.804133
-100 175 1.622090
-95 -180 1.653987
-95 -175 1.361463
-95 -170 1.021470
-95 -165 0.676073
-95 -160 0.391360
-95 -155 0.193786
-95 -150 0.078629
-95 -145 0.029894
-95 -140 0.011706
-95 -135 0.001948
-95 -130 0.002145
-95 -125 0.004569
-95 -120 0.007696
-95 -115 0.010319
-95 -110 0.014481
-95 -105 0.017735
-95 -100 0.022930
-95 -95 0.032429
-95 -90 0.045045
-95 -85 0.059063
-95 -80 0.076011
-95 -75 0.095857
-95 -70 0.114975
-95 -65 0.139080
-95 -60 0.195430
-95 -55 0.288020
-95 -50 0.427515
-95 -45 0.609993
-95 -40 0.800955
-95 -35 1.002613
-95 -30 1.264010
-95 -25 1.649250
-95 -20 2.307030
-95 -15 3.313700
-95 -10 4.740250
-95 -5 6.371325
-95 0 7.887425
-95 5 8.872525
-95 10 8.914300
-95 15 7.957100
-95 20 6.334675
-95 25 4.515825
-95 30 2.957675
-95 35 1.838448
-95 40 1.232660
-95 45 0.980088
-95 50 0.928407
-95 55 0.994862
-95 60 1.082078
-95 65 1.187450
-95 70 1.306810
-95 75 1.462042
-95 80 1.665175
-95 85 1.922055
-95 90 2.203257
-95 95 2.440060
-95 100 2.597125
-95 105 2.643075
-95 110 2.535750
-95 115 2.309372
-95 120 2.046890
-95 125 1.841987
-95 130 1.756983
-95 135 1.800238
-95 140 1.956727
-95 145 2.149480
-95 150 2.325848
-95 155 2.415052
-95 160 2.388412
-95 165 2.264205
-95 170 2.090288
-95 175 1.883828
-90 -180 1.842340
-90 -175 1.506327
-90 -170 1.122672
-90 -165 0.732060
-90 -160 0.407783
-90 -155 0.188726
-90 -150 0.063321
-90 -145 0.018311
-90 -140 0.006591
-90 -135 0.000633
-90 -130 0.000759
-90 -125 0.001616
-90 -120 0.002722
-90 -115 0.003664
-90 -110 0.005888
-90 -105 0.008093
-90 -100 0.011675
-90 -95 0.017902
-90 -90 0.026667
-90 -85 0.036709
-90 -80 0.049640
-90 -75 0.069116
-90 -70 0.092649
-90 -65 0.132740
-90 -60 0.209738
-90 -55 0.327385
-90 -50 0.495923
-90 -45 0.709875
-90 -40 0.945875
-90 -35 1.222660
-90 -30 1.599583
-90 -25 2.127155
-90 -20 2.914800
-90 -15 3.987750
-90 -10 5.335000
-90 -5 6.707325
-90 0 7.821550
-90 5 8.348775
-90 10 8.007200
-90 15 6.843800
-90 20 5.227600
-90 25 3.579850
-90 30 2.270853
-90 35 1.409420
-90 40 1.019832
-90 45 0.929593
-90 50 1.001730
-90 55 1.149905
-90 60 1.281218
-90 65 1.404475
-90 70 1.514728
-90 75 1.650895
-90 80 1.833910
-90 85 2.076738
-90 90 2.346620
-90 95 2.569825
-90 100 2.703375
-90 105 2.720425
-90 110 2.585100
-90 115 2.361473
-90 120 2.124633
-90 125 1.961337
-90 130 1.907910
-90 135 1.962377
-90 140 2.119978
-90 145 2.325548
-90 150 2.533350
-90 155 2.673200
-90 160 2.682200
-90 165 2.569125
-90 170 2.368003
-90 175 2.116763
-85 -180 1.887285
-85 -175 1.506082
-85 -170 1.098378
-85 -165 0.701300
-85 -160 0.378573
-85 -155 0.167537
-85 -150 0.048059
-85 -145 0.010407
-85 -140 0.003416
-85 -135 0.000125
-85 -130 0.000000
-85 -125 0.000000
-85 -120 0.000000
-85 -115 0.000018
-85 -110 0.000917
-85 -105 0.002176
-85 -100 0.004253
-85 -95 0.007618
-85 -90 0.012548
-85 -85 0.018290
-85 -80 0.026503
-85 -75 0.043810
-85 -70 0.070256
-85 -65 0.124395
-85 -60 0.220686
-85 -55 0.365032
-85 -50 0.568100
-85 -45 0.823095
-85 -40 1.124270
-85 -35 1.502615
-85 -30 2.014553
-85 -25 2.679575
-85 -20 3.537475
-85 -15 4.543125
-85 -10 5.609625
-85 -5 6.507100
-85 0 7.054750
-85 5 7.067450
-85 10 6.416750
-85 15 5.221100
-85 20 3.813175
-85 25 2.503575
-85 30 1.538162
-85 35 0.962575
-85 40 0.769967
-85 45 0.805963
-85 50 0.963203
-85 55 1.160583
-85 60 1.311593
-85 65 1.429338
-85 70 1.508887
-85 75 1.602103
-85 80 1.741493
-85 85 1.950877
-85 90 2.200345
-85 95 2.421645
-85 100 2.568000
-85 105 2.614125
-85 110 2.527225
-85 115 2.383405
-85 120 2.240152
-85 125 2.160928
-85 130 2.152292
-85 135 2.212825
-85 140 2.347360
-85 145 2.536700
-85 150 2.745375
-85 155 2.907450
-85 160 2.929650
-85 165 2.804300
-85 170 2.551625
-85 175 2.230440
-80 -180 1.725127
-80 -175 1.321473
-80 -170 0.928070
-80 -165 0.573675
-80 -160 0.299698
-80 -155 0.127581
-80 -150 0.031658
-80 -145 0.004992
-80 -140 0.001497
-80 -135 0.000035
-80 -130 0.000000
-80 -125 0.000000
-80 -120 0.000000
-80 -115 0.000002
-80 -110 0.000094
-80 -105 0.000224
-80 -100 0.000463
-80 -95 0.001088
-80 -90 0.002716
-80 -85 0.005013
-80 -80 0.009577
-80 -75 0.024004
-80 -70 0.051807
-80 -65 0.115187
-80 -60 0.226369
-80 -55 0.396993
-80 -50 0.640900
-80 -45 0.950842
-80 -40 1.337795
-80 -35 1.834525
-80 -30 2.475433
-80 -25 3.235525
-80 -20 4.074175
-80 -15 4.880775
-80 -10 5.525600
-80 -5 5.851225
-80 0 5.817925
-80 5 5.395100
-80 10 4.584400
-80 15 3.521525
-80 20 2.445545
-80 25 1.533970
-80 30 0.910750
-80 35 0.579122
-80 40 0.519818
-80 45 0.616030
-80 50 0.796068
-80 55 0.992012
-80 60 1.131195
-80 65 1.224210
-80 70 1.266843
-80 75 1.312793
-80 80 1.400675
-80 85 1.563688
-80 90 1.781182
-80 95 2.001558
-80 100 2.184378
-80 105 2.309225
-80 110 2.346598
-80 115 2.360577
-80 120 2.380972
-80 125 2.432100
-80 130 2.488450
-80 135 2.551775
-80 140 2.634225
-80 145 2.757050
-80 150 2.903375
-80 155 3.020050
-80 160 3.006125
-80 165 2.836900
-80 170 2.521600
-80 175 2.130485
-75 -180 1.402192
-75 -175 1.015395
-75 -170 0.675515
-75 -165 0.398585
-75 -160 0.200678
-75 -155 0.082081
-75 -150 0.017468
-75 -145 0.001844
-75 -140 0.000475
-75 -135 0.000000
-75 -130 0.000000
-75 -125 0.000000
-75 -120 0.000000
-75 -115 0.000000
-75 -110 0.000000
-75 -105 0.000000
-75 -100 0.000000
-75 -95 0.000039
-75 -90 0.000299
-75 -85 0.000667
-75 -80 0.002375
-75 -75 0.012392
-75 -70 0.038703
-75 -65 0.104399
-75 -60 0.224860
-75 -55 0.422720
-75 -50 0.714732
-75 -45 1.095845
-75 -40 1.582185
-75 -35 2.192350
-75 -30 2.921350
-75 -25 3.698025
-75 -20 4.418525
-75 -15 4.937150
-75 -10 5.124725
-75 -5 4.928100
-75 0 4.437875
-75 5 3.744300
-75 10 2.925925
-75 15 2.092992
-75 20 1.371363
-75 25 0.820133
-75 30 0.470125
-75 35 0.306400
-75 40 0.309335
-75 45 0.404755
-75 50 0.553865
-75 55 0.707120
-75 60 0.810922
-75 65 0.871048
-75 70 0.885770
-75 75 0.898870
-75 80 0.946703
-75 85 1.063295
-75 90 1.240703
-75 95 1.449755
-75 100 1.666290
-75 105 1.882620
-75 110 2.073983
-75 115 2.276797
-75 120 2.489963
-75 125 2.691000
-75 130 2.827425
-75 135 2.900350
-75 140 2.922400
-75 145 2.944775
-75 150 2.973125
-75 155 2.978425
-75 160 2.877525
-75 165 2.638300
-75 170 2.267405
-75 175 1.833648
-70 -180 1.005088
-70 -175 0.677125
-70 -170 0.418320
-70 -165 0.230504
-70 -160 0.110609
-70 -155 0.042947
-70 -150 0.007384
-70 -145 0.000256
-70 -140 0.000034
-70 -135 0.000000
-70 -130 0.000000
-70 -125 0.000000
-70 -120 0.000000
-70 -115 0.000000
-70 -110 0.000000
-70 -105 0.000000
-70 -100 0.000000
-70 -95 0.000000
-70 -90 0.000000
-70 -85 0.000000
-70 -80 0.000727
-70 -75 0.007396
-70 -70 0.032307
-70 -65 0.096221
-70 -60 0.220860
-70 -55 0.441568
-70 -50 0.774315
-70 -45 1.220490
-70 -40 1.785400
-70 -35 2.460395
-70 -30 3.195125
-70 -25 3.883375
-70 -20 4.396900
-70 -15 4.598700
-70 -10 4.403950
-70 -5 3.860475
-70 0 3.133700
-70 5 2.374640
-70 10 1.674748
-70 15 1.095255
-70 20 0.668513
-70 25 0.379723
-70 30 0.209660
-70 35 0.140880
-70 40 0.158676
-70 45 0.223576
-70 50 0.318060
-70 55 0.413405
-70 60 0.476115
-70 65 0.507735
-70 70 0.507308
-70 75 0.503053
-70 80 0.522123
-70 85 0.593143
-70 90 0.720555
-70 95 0.901002
-70 100 1.131778
-70 105 1.420048
-70 110 1.746442
-70 115 2.114625
-70 120 2.493492
-70 125 2.821100
-70 130 3.029475
-70 135 3.115150
-70 140 3.084925
-70 145 3.001300
-70 150 2.891250
-70 155 2.753975
-70 160 2.542800
-70 165 2.232967
-70 170 1.835995
-70 175 1.408227
-65 -180 0.625805
-65 -175 0.383740
-65 -170 0.213287
-65 -165 0.105245
-65 -160 0.047034
-65 -155 0.017147
-65 -150 0.002212
-65 -145 0.000018
-65 -140 0.000000
-65 -135 0.000000
-65 -130 0.000000
-65 -125 0.000000
-65 -120 0.000000
-65 -115 0.000000
-65 -110 0.000000
-65 -105 0.000000
-65 -100 0.000000
-65 -95 0.000000
-65 -90 0.000000
-65 -85 0.000000
-65 -80 0.000348
-65 -75 0.004654
-65 -70 0.028754
-65 -65 0.088569
-65 -60 0.212219
-65 -55 0.447362
-65 -50 0.801388
-65 -45 1.283277
-65 -40 1.872335
-65 -35 2.524550
-65 -30 3.152600
-65 -25 3.643675
-65 -20 3.894375
-65 -15 3.817925
-65 -10 3.391950
-65 -5 2.731350
-65 0 2.001818
-65 5 1.353725
-65 10 0.849058
-65 15 0.501023
-65 20 0.285448
-65 25 0.158155
-65 30 0.086049
-65 35 0.058614
-65 40 0.067944
-65 45 0.098243
-65 50 0.143584
-65 55 0.190058
-65 60 0.220456
-65 65 0.233267
-65 70 0.228301
-65 75 0.220030
-65 80 0.226169
-65 85 0.266153
-65 90 0.349855
-65 95 0.489405
-65 100 0.698197
-65 105 0.996973
-65 110 1.378985
-65 115 1.829978
-65 120 2.303860
-65 125 2.713450
-65 130 2.979550
-65 135 3.081975
-65 140 3.015900
-65 145 2.840675
-65 150 2.604550
-65 155 2.338433
-65 160 2.037665
-65 165 1.692348
-65 170 1.318453
-65 175 0.951075
-60 -180 0.337398
-60 -175 0.183478
-60 -170 0.087429
-60 -165 0.035559
-60 -160 0.014107
-60 -155 0.004475
-60 -150 0.000293
-60 -145 0.000000
-60 -140 0.000000
-60 -135 0.000000
-60 -130 0.000000
-60 -125 0.000000
-60 -120 0.000000
-60 -115 0.000000
-60 -110 0.000000
-60 -105 0.000000
-60 -100 0.000000
-60 -95 0.000000
-60 -90 0.000000
-60 -85 0.000000
-60 -80 0.000085
-60 -75 0.002477
-60 -70 0.025917
-60 -65 0.081107
-60 -60 0.200063
-60 -55 0.438180
-60 -50 0.786935
-60 -45 1.256485
-60 -40 1.795750
-60 -35 2.331282
-60 -30 2.763975
-60 -25 3.005700
-60 -20 3.014200
-60 -15 2.766325
-60 -10 2.288193
-60 -5 1.710965
-60 0 1.143175
-60 5 0.693192
-60 10 0.383047
-60 15 0.200356
-60 20 0.106927
-60 25 0.060437
-60 30 0.034345
-60 35 0.023434
-60 40 0.023643
-60 45 0.030471
-60 50 0.043244
-60 55 0.057602
-60 60 0.067225
-60 65 0.070848
-60 70 0.068888
-60 75 0.065826
-60 80 0.069592
-60 85 0.090044
-60 90 0.137470
-60 95 0.230428
-60 100 0.391460
-60 105 0.648490
-60 110 1.008445
-60 115 1.452853
-60 120 1.935188
-60 125 2.362712
-60 130 2.651125
-60 135 2.761125
-60 140 2.678400
-60 145 2.452720
-60 150 2.146015
-60 155 1.811843
-60 160 1.478815
-60 165 1.149195
-60 170 0.839052
-60 175 0.563268
-55 -180 0.150997
-55 -175 0.071768
-55 -170 0.028345
-55 -165 0.008375
-55 -160 0.002854
-55 -155 0.000789
-55 -150 0.000000
-55 -145 0.000000
-55 -140 0.000000
-55 -135 0.000000
-55 -130 0.000000
-55 -125 0.000000
-55 -120 0.000000
-55 -115 0.000000
-55 -110 0.000000
-55 -105 0.000000
-55 -100 0.000000
-55 -95 0.000000
-55 -90 0.000000
-55 -85 0.000000
-55 -80 0.000000
-55 -75 0.001561
-55 -70 0.024097
-55 -65 0.073955
-55 -60 0.182302
-55 -55 0.403135
-55 -50 0.711777
-55 -45 1.113578
-55 -40 1.538800
-55 -35 1.903737
-55 -30 2.124313
-55 -25 2.154640
-55 -20 2.011820
-55 -15 1.719123
-55 -10 1.319750
-55 -5 0.921600
-55 0 0.564342
-55 5 0.309010
-55 10 0.150400
-55 15 0.069503
-55 20 0.036314
-55 25 0.023315
-55 30 0.015010
-55 35 0.010260
-55 40 0.007372
-55 45 0.005985
-55 50 0.006315
-55 55 0.008041
-55 60 0.009770
-55 65 0.010736
-55 70 0.010723
-55 75 0.010162
-55 80 0.011471
-55 85 0.018790
-55 90 0.039566
-55 95 0.090686
-55 100 0.194399
-55 105 0.378337
-55 110 0.663142
-55 115 1.035422
-55 120 1.458045
-55 125 1.846928
-55 130 2.118620
-55 135 2.218955
-55 140 2.130322
-55 145 1.894292
-55 150 1.578368
-55 155 1.244307
-55 160 0.939357
-55 165 0.671853
-55 170 0.452360
-55 175 0.278855
-50 -180 0.059637
-50 -175 0.024597
-50 -170 0.007734
-50 -165 0.001037
-50 -160 0.000083
-50 -155 0.000027
-50 -150 0.000000
-50 -145 0.000000
-50 -140 0.000000
-50 -135 0.000000
-50 -130 0.000000
-50 -125 0.000000
-50 -120 0.000000
-50 -115 0.000000
-50 -110 0.000000
-50 -105 0.000000
-50 -100 0.000000
-50 -95 0.000000
-50 -90 0.000000
-50 -85 0.000000
-50 -80 0.000000
-50 -75 0.001056
-50 -70 0.020651
-50 -65 0.062785
-50 -60 0.152897
-50 -55 0.335002
-50 -50 0.576067
-50 -45 0.873188
-50 -40 1.157830
-50 -35 1.356265
-50 -30 1.413732
-50 -25 1.322253
-50 -20 1.131992
-50 -15 0.883903
-50 -10 0.615617
-50 -5 0.397070
-50 0 0.219674
-50 5 0.106988
-50 10 0.044534
-50 15 0.017213
-50 20 0.008984
-50 25 0.007106
-50 30 0.005490
-50 35 0.003933
-50 40 0.002325
-50 45 0.001104
-50 50 0.000254
-50 55 0.000000
-50 60 0.000000
-50 65 0.000000
-50 70 0.000000
-50 75 0.000000
-50 80 0.001025
-50 85 0.003996
-50 90 0.012302
-50 95 0.037453
-50 100 0.096488
-50 105 0.210295
-50 110 0.406740
-50 115 0.676830
-50 120 0.995417
-50 125 1.295857
-50 130 1.505988
-50 135 1.572612
-50 140 1.484720
-50 145 1.279713
-50 150 1.018968
-50 155 0.752735
-50 160 0.527245
-50 165 0.346807
-50 170 0.214474
-50 175 0.120912
-45 -180 0.016558
-45 -175 0.005639
-45 -170 0.001318
-45 -165 0.000064
-45 -160 0.000000
-45 -155 0.000000
-45 -150 0.000000
-45 -145 0.000000
-45 -140 0.000000
-45 -135 0.000000
-45 -130 0.000000
-45 -125 0.000000
-45 -120 0.000000
-45 -115 0.000000
-45 -110 0.000000
-45 -105 0.000000
-45 -100 0.000000
-45 -95 0.000000
-45 -90 0.000000
-45 -85 0.000000
-45 -80 0.000000
-45 -75 0.000539
-45 -70 0.014890
-45 -65 0.045993
-45 -60 0.110801
-45 -55 0.239472
-45 -50 0.400758
-45 -45 0.586695
-45 -40 0.744635
-45 -35 0.823523
-45 -30 0.797635
-45 -25 0.678940
-45 -20 0.520425
-45 -15 0.357965
-45 -10 0.212696
-45 -5 0.120736
-45 0 0.055699
-45 5 0.021771
-45 10 0.006386
-45 15 0.000808
-45 20 0.000000
-45 25 0.000000
-45 30 0.000000
-45 35 0.000000
-45 40 0.000000
-45 45 0.000000
-45 50 0.000000
-45 55 0.000000
-45 60 0.000000
-45 65 0.000000
-45 70 0.000000
-45 75 0.000000
-45 80 0.000416
-45 85 0.001458
-45 90 0.004276
-45 95 0.015287
-45 100 0.045536
-45 105 0.107128
-45 110 0.226673
-45 115 0.397920
-45 120 0.606070
-45 125 0.805922
-45 130 0.943600
-45 135 0.976870
-45 140 0.901645
-45 145 0.749352
-45 150 0.567357
-45 155 0.388620
-45 160 0.248768
-45 165 0.146458
-45 170 0.079464
-45 175 0.038412
-40 -180 0.002793
-40 -175 0.000802
-40 -170 0.000156
-40 -165 0.000000
-40 -160 0.000000
-40 -155 0.000000
-40 -150 0.000000
-40 -145 0.000000
-40 -140 0.000000
-40 -135 0.000000
-40 -130 0.000000
-40 -125 0.000000
-40 -120 0.000000
-40 -115 0.000000
-40 -110 0.000000
-40 -105 0.000000
-40 -100 0.000000
-40 -95 0.000000
-40 -90 0.000000
-40 -85 0.000000
-40 -80 0.000000
-40 -75 0.000257
-40 -70 0.009349
-40 -65 0.029995
-40 -60 0.071063
-40 -55 0.148948
-40 -50 0.240830
-40 -45 0.336682
-40 -40 0.404520
-40 -35 0.417720
-40 -30 0.370358
-40 -25 0.279662
-40 -20 0.183189
-40 -15 0.102813
-40 -10 0.043981
-40 -5 0.019309
-40 0 0.005656
-40 5 0.001305
-40 10 0.000343
-40 15 0.000017
-40 20 0.000000
-40 25 0.000000
-40 30 0.000000
-40 35 0.000000
-40 40 0.000000
-40 45 0.000000
-40 50 0.000000
-40 55 0.000000
-40 60 0.000000
-40 65 0.000000
-40 70 0.000000
-40 75 0.000000
-40 80 0.000000
-40 85 0.000000
-40 90 0.000000
-40 95 0.003655
-40 100 0.017838
-40 105 0.048386
-40 110 0.115608
-40 115 0.213173
-40 120 0.331640
-40 125 0.443420
-40 130 0.514665
-40 135 0.520223
-40 140 0.462542
-40 145 0.365685
-40 150 0.260353
-40 155 0.161810
-40 160 0.092306
-40 165 0.046781
-40 170 0.020795
-40 175 0.007555
-35 -180 0.000133
-35 -175 0.000000
-35 -170 0.000000
-35 -165 0.000000
-35 -160 0.000000
-35 -155 0.000000
-35 -150 0.000000
-35 -145 0.000000
-35 -140 0.000000
-35 -135 0.000000
-35 -130 0.000000
-35 -125 0.000000
-35 -120 0.000000
-35 -115 0.000000
-35 -110 0.000000
-35 -105 0.000000
-35 -100 0.000000
-35 -95 0.000000
-35 -90 0.000000
-35 -85 0.000000
-35 -80 0.000000
-35 -75 0.000064
-35 -70 0.004680
-35 -65 0.016270
-35 -60 0.038076
-35 -55 0.077246
-35 -50 0.120613
-35 -45 0.160053
-35 -40 0.181354
-35 -35 0.174738
-35 -30 0.142856
-35 -25 0.097682
-35 -20 0.056784
-35 -15 0.028019
-35 -10 0.009030
-35 -5 0.003633
-35 0 0.000956
-35 5 0.000000
-35 10 0.000000
-35 15 0.000000
-35 20 0.000000
-35 25 0.000000
-35 30 0.000000
-35 35 0.000000
-35 40 0.000000
-35 45 0.000000
-35 50 0.000000
-35 55 0.000000
-35 60 0.000000
-35 65 0.000000
-35 70 0.000000
-35 75 0.000000
-35 80 0.000000
-35 85 0.000000
-35 90 0.000000
-35 95 0.002562
-35 100 0.011535
-35 105 0.028498
-35 110 0.064643
-35 115 0.113394
-35 120 0.168220
-35 125 0.215372
-35 130 0.239434
-35 135 0.230678
-35 140 0.193926
-35 145 0.144009
-35 150 0.096375
-35 155 0.054297
-35 160 0.028030
-35 165 0.012411
-35 170 0.004275
-35 175 0.000689
-30 -180 0.000000
-30 -175 0.000000
-30 -170 0.000000
-30 -165 0.000000
-30 -160 0.000000
-30 -155 0.000000
-30 -150 0.000000
-30 -145 0.000000
-30 -140 0.000000
-30 -135 0.000000
-30 -130 0.000000
-30 -125 0.000000
-30 -120 0.000000
-30 -115 0.000000
-30 -110 0.000000
-30 -105 0.000000
-30 -100 0.000000
-30 -95 0.000000
-30 -90 0.000000
-30 -85 0.000000
-30 -80 0.000000
-30 -75 0.000000
-30 -70 0.001783
-30 -65 0.006941
-30 -60 0.015836
-30 -55 0.030102
-30 -50 0.044524
-30 -45 0.055019
-30 -40 0.057491
-30 -35 0.050945
-30 -30 0.038556
-30 -25 0.024551
-30 -20 0.013315
-30 -15 0.006565
-30 -10 0.002178
-30 -5 0.001026
-30 0 0.000341
-30 5 0.000000
-30 10 0.000000
-30 15 0.000000
-30 20 0.000000
-30 25 0.000000
-30 30 0.000000
-30 35 0.000000
-30 40 0.000000
-30 45 0.000000
-30 50 0.000000
-30 55 0.000000
-30 60 0.000000
-30 65 0.000000
-30 70 0.000000
-30 75 0.000000
-30 80 0.000000
-30 85 0.000000
-30 90 0.000000
-30 95 0.001699
-30 100 0.007242
-30 105 0.016354
-30 110 0.033798
-30 115 0.054523
-30 120 0.073987
-30 125 0.086774
-30 130 0.088274
-30 135 0.077372
-30 140 0.058280
-30 145 0.038256
-30 150 0.023161
-30 155 0.011111
-30 160 0.005272
-30 165 0.002351
-30 170 0.000733
-30 175 0.000000
-25 -180 0.000000
-25 -175 0.000000
-25 -170 0.000000
-25 -165 0.000000
-25 -160 0.000000
-25 -155 0.000000
-25 -150 0.000000
-25 -145 0.000000
-25 -140 0.000000
-25 -135 0.000000
-25 -130 0.000000
-25 -125 0.000000
-25 -120 0.000000
-25 -115 0.000000
-25 -110 0.000000
-25 -105 0.000000
-25 -100 0.000000
-25 -95 0.000000
-25 -90 0.000000
-25 -85 0.000000
-25 -80 0.000000
-25 -75 0.000000
-25 -70 0.000441
-25 -65 0.002192
-25 -60 0.004776
-25 -55 0.008461
-25 -50 0.011779
-25 -45 0.013222
-25 -40 0.012087
-25 -35 0.009100
-25 -30 0.005706
-25 -25 0.002859
-25 -20 0.000921
-25 -15 0.000362
-25 -10 0.000021
-25 -5 0.000000
-25 0 0.000000
-25 5 0.000000
-25 10 0.000000
-25 15 0.000000
-25 20 0.000000
-25 25 0.000000
-25 30 0.000000
-25 35 0.000000
-25 40 0.000000
-25 45 0.000000
-25 50 0.000000
-25 55 0.000000
-25 60 0.000000
-25 65 0.000000
-25 70 0.000000
-25 75 0.000000
-25 80 0.000000
-25 85 0.000000
-25 90 0.000000
-25 95 0.001036
-25 100 0.004146
-25 105 0.008936
-25 110 0.016359
-25 115 0.023698
-25 120 0.028420
-25 125 0.028912
-25 130 0.025197
-25 135 0.018796
-25 140 0.011531
-25 145 0.005616
-25 150 0.002438
-25 155 0.000424
-25 160 0.000000
-25 165 0.000000
-25 170 0.000000
-25 175 0.000000
-20 -180 0.000000
-20 -175 0.000000
-20 -170 0.000000
-20 -165 0.000000
-20 -160 0.000000
-20 -155 0.000000
-20 -150 0.000000
-20 -145 0.000000
-20 -140 0.000000
-20 -135 0.000000
-20 -130 0.000000
-20 -125 0.000000
-20 -120 0.000000
-20 -115 0.000000
-20 -110 0.000000
-20 -105 0.000000
-20 -100 0.000000
-20 -95 0.000000
-20 -90 0.000000
-20 -85 0.000000
-20 -80 0.000000
-20 -75 0.000000
-20 -70 0.000162
-20 -65 0.000807
-20 -60 0.001730
-20 -55 0.002932
-20 -50 0.003925
-20 -45 0.004146
-20 -40 0.003452
-20 -35 0.002262
-20 -30 0.001165
-20 -25 0.000418
-20 -20 0.000000
-20 -15 0.000000
-20 -10 0.000000
-20 -5 0.000000
-20 0 0.000000
-20 5 0.000000
-20 10 0.000000
-20 15 0.000000
-20 20 0.000000
-20 25 0.000000
-20 30 0.000000
-20 35 0.000000
-20 40 0.000000
-20 45 0.000000
-20 50 0.000000
-20 55 0.000000
-20 60 0.000000
-20 65 0.000000
-20 70 0.000000
-20 75 0.000000
-20 80 0.000000
-20 85 0.000000
-20 90 0.000000
-20 95 0.000500
-20 100 0.001890
-20 105 0.003898
-20 110 0.006356
-20 115 0.008198
-20 120 0.008363
-20 125 0.006744
-20 130 0.004295
-20 135 0.002157
-20 140 0.000691
-20 145 0.000000
-20 150 0.000000
-20 155 0.000000
-20 160 0.000000
-20 165 0.000000
-20 170 0.000000
-20 175 0.000000
-15 -180 0.000000
-15 -175 0.000000
-15 -170 0.000000
-15 -165 0.000000
-15 -160 0.000000
-15 -155 0.000000
-15 -150 0.000000
-15 -145 0.000000
-15 -140 0.000000
-15 -135 0.000000
-15 -130 0.000000
-15 -125 0.000000
-15 -120 0.000000
-15 -115 0.000000
-15 -110 0.000000
-15 -105 0.000000
-15 -100 0.000000
-15 -95 0.000000
-15 -90 0.000000
-15 -85 0.000000
-15 -80 0.000000
-15 -75 0.000000
-15 -70 0.000000
-15 -65 0.000000
-15 -60 0.000000
-15 -55 0.000000
-15 -50 0.000000
-15 -45 0.000000
-15 -40 0.000000
-15 -35 0.000000
-15 -30 0.000000
-15 -25 0.000000
-15 -20 0.000000
-15 -15 0.000000
-15 -10 0.000000
-15 -5 0.000000
-15 0 0.000000
-15 5 0.000000
-15 10 0.000000
-15 15 0.000000
-15 20 0.000000
-15 25 0.000000
-15 30 0.000000
-15 35 0.000000
-15 40 0.000000
-15 45 0.000000
-15 50 0.000000
-15 55 0.000000
-15 60 0.000000
-15 65 0.000000
-15 70 0.000000
-15 75 0.000000
-15 80 0.000000
-15 85 0.000000
-15 90 0.000000
-15 95 0.000128
-15 100 0.000485
-15 105 0.001000
-15 110 0.001630
-15 115 0.002103
-15 120 0.002145
-15 125 0.001730
-15 130 0.001101
-15 135 0.000553
-15 140 0.000177
-15 145 0.000000
-15 150 0.000000
-15 155 0.000000
-15 160 0.000000
-15 165 0.000000
-15 170 0.000000
-15 175 0.000000
-10 -180 0.000000
-10 -175 0.000000
-10 -170 0.000000
-10 -165 0.000000
-10 -160 0.000000
-10 -155 0.000000
-10 -150 0.000000
-10 -145 0.000000
-10 -140 0.000000
-10 -135 0.000000
-10 -130 0.000000
-10 -125 0.000000
-10 -120 0.000000
-10 -115 0.000000
-10 -110 0.000000
-10 -105 0.000000
-10 -100 0.000000
-10 -95 0.000000
-10 -90 0.000000
-10 -85 0.000000
-10 -80 0.000000
-10 -75 0.000000
-10 -70 0.000000
-10 -65 0.000000
-10 -60 0.000000
-10 -55 0.000000
-10 -50 0.000000
-10 -45 0.000000
-10 -40 0.000000
-10 -35 0.000000
-10 -30 0.000000
-10 -25 0.000000
-10 -20 0.000000
-10 -15 0.000000
-10 -10 0.000000
-10 -5 0.000000
-10 0 0.000000
-10 5 0.000000
-10 10 0.000000
-10 15 0.000000
-10 20 0.000000
-10 25 0.000000
-10 30 0.000000
-10 35 0.000000
-10 40 0.000000
-10 45 0.000000
-10 50 0.000000
-10 55 0.000000
-10 60 0.000000
-10 65 0.000000
-10 70 0.000000
-10 75 0.000000
-10 80 0.000000
-10 85 0.000000
-10 90 0.000000
-10 95 0.000000
-10 100 0.000000
-10 105 0.000000
-10 110 0.000000
-10 115 0.000000
-10 120 0.000000
-10 125 0.000000
-10 130 0.000000
-10 135 0.000000
-10 140 0.000000
-10 145 0.000000
-10 150 0.000000
-10 155 0.000000
-10 160 0.000000
-10 165 0.000000
-10 170 0.000000
-10 175 0.000000
-5 -180 0.000000
-5 -175 0.000000
-5 -170 0.000000
-5 -165 0.000000
-5 -160 0.000000
-5 -155 0.000000
-5 -150 0.000000
-5 -145 0.000000
-5 -140 0.000000
-5 -135 0.000000
-5 -130 0.000000
-5 -125 0.000000
-5 -120 0.000000
-5 -115 0.000000
-5 -110 0.000000
-5 -105 0.000000
-5 -100 0.000000
-5 -95 0.000000
-5 -90 0.000000
-5 -85 0.000000
-5 -80 0.000000
-5 -75 0.000000
-5 -70 0.000000
-5 -65 0.000000
-5 -60 0.000000
-5 -55 0.000000
-5 -50 0.000000
-5 -45 0.000000
-5 -40 0.000000
-5 -35 0.000000
-5 -30 0.000000
-5 -25 0.000000
-5 -20 0.000000
-5 -15 0.000000
-5 -10 0.000000
-5 -5 0.000000
-5 0 0.000000
-5 5 0.000000
-5 10 0.000000
-5 15 0.000000
-5 20 0.000000
-5 25 0.000000
-5 30 0.000000
-5 35 0.000000
-5 40 0.000000
-5 45 0.000000
-5 50 0.000000
-5 55 0.000000
-5 60 0.000000
-5 65 0.000000
-5 70 0.000000
-5 75 0.000000
-5 80 0.000000
-5 85 0.000000
-5 90 0.000000
-5 95 0.000000
-5 100 0.000000
-5 105 0.000000
-5 110 0.000000
-5 115 0.000000
-5 120 0.000000
-5 125 0.000000
-5 130 0.000000
-5 135 0.000000
-5 140 0.000000
-5 145 0.000000
-5 150 0.000000
-5 155 0.000000
-5 160 0.000000
-5 165 0.000000
-5 170 0.000000
-5 175 0.000000
0 -180 0.000000
0 -175 0.000000
0 -170 0.000000
0 -165 0.000000
0 -160 0.000000
0 -155 0.000000
0 -150 0.000000
0 -145 0.000000
0 -140 0.000000
0 -135 0.000000
0 -130 0.000000
0 -125 0.000000
0 -120 0.000000
0 -115 0.000000
0 -110 0.000000
0 -105 0.000000
0 -100 0.000000
0 -95 0.000000
0 -90 0.000000
0 -85 0.000000
0 -80 0.000000
0 -75 0.000000
0 -70 0.000000
0 -65 0.000000
0 -60 0.000000
0 -55 0.000000
0 -50 0.000000
0 -45 0.000000
0 -40 0.000000
0 -35 0.000000
0 -30 0.000000
0 -25 0.000000
0 -20 0.000000
0 -15 0.000000
0 -10 0.000000
0 -5 0.000000
0 0 0.000000
0 5 0.000000
0 10 0.000000
0 15 0.000000
0 20 0.000000
0 25 0.000000
0 30 0.000000
0 35 0.000000
0 40 0.000000
0 45 0.000000
0 50 0.000000
0 55 0.000000
0 60 0.000000
0 65 0.000000
0 70 0.000000
0 75 0.000000
0 80 0.000000
0 85 0.000000
0 90 0.000000
0 95 0.000000
0 100 0.000000
0 105 0.000000
0 110 0.000000
0 115 0.000000
0 120 0.000000
0 125 0.000000
0 130 0.000000
0 135 0.000000
0 140 0.000000
0 145 0.000000
0 150 0.000000
0 155 0.000000
0 160 0.000000
0 165 0.000000
0 170 0.000000
0 175 0.000000
5 -180 0.000000
5 -175 0.000000
5 -170 0.000000
5 -165 0.000000
5 -160 0.000000
5 -155 0.000000
5 -150 0.000000
5 -145 0.000000
5 -140 0.000000
5 -135 0.000000
5 -130 0.000000
5 -125 0.000000
5 -120 0.000000
5 -115 0.000000
5 -110 0.000000
5 -105 0.000000
5 -100 0.000000
5 -95 0.000000
5 -90 0.000000
5 -85 0.000000
5 -80 0.000000
5 -75 0.000000
5 -70 0.000000
5 -65 0.000000
5 -60 0.000000
5 -55 0.000000
5 -50 0.000000
5 -45 0.000000
5 -40 0.000000
5 -35 0.000000
5 -30 0.000000
5 -25 0.000000
5 -20 0.000000
5 -15 0.000000
5 -10 0.000000
5 -5 0.000000
5 0 0.000000
5 5 0.000000
5 10 0.000000
5 15 0.000000
5 20 0.000000
5 25 0.000000
5 30 0.000000
5 35 0.000000
5 40 0.000000
5 45 0.000000
5 50 0.000000
5 55 0.000000
5 60 0.000000
5 65 0.000000
5 70 0.000000
5 75 0.000000
5 80 0.000000
5 85 0.000000
5 90 0.000000
5 95 0.000000
5 100 0.000000
5 105 0.000000
5 110 0.000000
5 115 0.000000
5 120 0.000000
5 125 0.000000
5 130 0.000000
5 135 0.000000
5 140 0.000000
5 145 0.000000
5 150 0.000000
5 155 0.000000
5 160 0.000000
5 165 0.000000
5 170 0.000000
5 175 0.000000
10 -180 0.000000
10 -175 0.000000
10 -170 0.000000
10 -165 0.000000
10 -160 0.000000
10 -155 0.000000
10 -150 0.000000
10 -145 0.000000
10 -140 0.000000
10 -135 0.000000
10 -130 0.000000
10 -125 0.000000
10 -120 0.000000
10 -115 0.000000
10 -110 0.000000
10 -105 0.000000
10 -100 0.000000
10 -95 0.000000
10 -90 0.000000
10 -85 0.000000
10 -80 0.000000
10 -75 0.000000
10 -70 0.000000
10 -65 0.000000
10 -60 0.000000
10 -55 0.000000
10 -50 0.000000
10 -45 0.000000
10 -40 0.000000
10 -35 0.000000
10 -30 0.000000
10 -25 0.000000
10 -20 0.000000
10 -15 0.000000
10 -10 0.000000
10 -5 0.000000
10 0 0.000000
10 5 0.000000
10 10 0.000000
10 15 0.000000
10 20 0.000000
10 25 0.000000
10 30 0.000000
10 35 0.000000
10 40 0.000000
10 45 0.000000
10 50 0.000000
10 55 0.000000
10 60 0.000000
10 65 0.000000
10 70 0.000000
10 75 0.000000
10 80 0.000000
10 85 0.000000
10 90 0.000000
10 95 0.000000
10 100 0.000000
10 105 0.000000
10 110 0.000000
10 115 0.000000
10 120 0.000000
10 125 0.000000
10 130 0.000000
10 135 0.000000
10 140 0.000000
10 145 0.000000
10 150 0.000000
10 155 0.000000
10 160 0.000000
10 165 0.000000
10 170 0.000000
10 175 0.000000
15 -180 0.000000
15 -175 0.000000
15 -170 0.000000
15 -165 0.000000
15 -160 0.000000
15 -155 0.000000
15 -150 0.000000
15 -145 0.000000
15 -140 0.000000
15 -135 0.000000
15 -130 0.000000
15 -125 0.000000
15 -120 0.000000
15 -115 0.000000
15 -110 0.000000
15 -105 0.000000
15 -100 0.000000
15 -95 0.000000
15 -90 0.000000
15 -85 0.000000
15 -80 0.000000
15 -75 0.000000
15 -70 0.000000
15 -65 0.000000
15 -60 0.000000
15 -55 0.000000
15 -50 0.000000
15 -45 0.000000
15 -40 0.000000
15 -35 0.000000
15 -30 0.000000
15 -25 0.000000
15 -20 0.000000
15 -15 0.000000
15 -10 0.000000
15 -5 0.000000
15 0 0.000000
15 5 0.000000
15 10 0.000000
15 15 0.000000
15 20 0.000000
15 25 0.000000
15 30 0.000000
15 35 0.000000
15 40 0.000322
15 45 0.001365
15 50 0.002943
15 55 0.004943
15 60 0.006593
15 65 0.006986
15 70 0.005882
15 75 0.003936
15 80 0.002092
15 85 0.000779
15 90 0.000078
15 95 0.000000
15 100 0.000000
15 105 0.000000
15 110 0.000000
15 115 0.000000
15 120 0.000000
15 125 0.000000
15 130 0.000000
15 135 0.000000
15 140 0.000000
15 145 0.000000
15 150 0.000000
15 155 0.000000
15 160 0.000000
15 165 0.000000
15 170 0.000000
15 175 0.000000
20 -180 0.000000
20 -175 0.000000
20 -170 0.000000
20 -165 0.000000
20 -160 0.000000
20 -155 0.000000
20 -150 0.000000
20 -145 0.000034
20 -140 0.000170
20 -135 0.000364
20 -130 0.000617
20 -125 0.001009
20 -120 0.001327
20 -115 0.001583
20 -110 0.001738
20 -105 0.001698
20 -100 0.001396
20 -95 0.000922
20 -90 0.000509
20 -85 0.000221
20 -80 0.000016
20 -75 0.000000
20 -70 0.000000
20 -65 0.000000
20 -60 0.000000
20 -55 0.000000
20 -50 0.000000
20 -45 0.000000
20 -40 0.000000
20 -35 0.000000
20 -30 0.000000
20 -25 0.000000
20 -20 0.000000
20 -15 0.000000
20 -10 0.000000
20 -5 0.000000
20 0 0.000000
20 5 0.000000
20 10 0.000000
20 15 0.000000
20 20 0.000036
20 25 0.000449
20 30 0.001842
20 35 0.004574
20 40 0.010447
20 45 0.020357
20 50 0.031787
20 55 0.042637
20 60 0.048567
20 65 0.046118
20 70 0.035853
20 75 0.022479
20 80 0.011291
20 85 0.003911
20 90 0.000338
20 95 0.000000
20 100 0.000000
20 105 0.000000
20 110 0.000000
20 115 0.000000
20 120 0.000000
20 125 0.000000
20 130 0.000000
20 135 0.000000
20 140 0.000000
20 145 0.000000
20 150 0.000000
20 155 0.000000
20 160 0.000000
20 165 0.000000
20 170 0.000000
20 175 0.000000
25 -180 0.000000
25 -175 0.000000
25 -170 0.000000
25 -165 0.000000
25 -160 0.000000
25 -155 0.000115
25 -150 0.000756
25 -145 0.002097
25 -140 0.004605
25 -135 0.007521
25 -130 0.010116
25 -125 0.012167
25 -120 0.012583
25 -115 0.012073
25 -110 0.011146
25 -105 0.009665
25 -100 0.007534
25 -95 0.004836
25 -90 0.002671
25 -85 0.001158
25 -80 0.000083
25 -75 0.000000
25 -70 0.000000
25 -65 0.000000
25 -60 0.000000
25 -55 0.000000
25 -50 0.000000
25 -45 0.000000
25 -40 0.000000
25 -35 0.000000
25 -30 0.000000
25 -25 0.000000
25 -20 0.000000
25 -15 0.000000
25 -10 0.000000
25 -5 0.000000
25 0 0.000000
25 5 0.000000
25 10 0.000000
25 15 0.000369
25 20 0.002364
25 25 0.010929
25 30 0.029641
25 35 0.060193
25 40 0.103229
25 45 0.151124
25 50 0.188485
25 55 0.206002
25 60 0.197194
25 65 0.163081
25 70 0.113284
25 75 0.065052
25 80 0.030254
25 85 0.009638
25 90 0.000794
25 95 0.000000
25 100 0.000000
25 105 0.000000
25 110 0.000000
25 115 0.000000
25 120 0.000000
25 125 0.000000
25 130 0.000000
25 135 0.000000
25 140 0.000000
25 145 0.000000
25 150 0.000000
25 155 0.000000
25 160 0.000000
25 165 0.000000
25 170 0.000000
25 175 0.000000
30 -180 0.000000
30 -175 0.000000
30 -170 0.000000
30 -165 0.000000
30 -160 0.000000
30 -155 0.001080
30 -150 0.004991
30 -145 0.012236
30 -140 0.023230
30 -135 0.034574
30 -130 0.042188
30 -125 0.044452
30 -120 0.040259
30 -115 0.033658
30 -110 0.027332
30 -105 0.021672
30 -100 0.016296
30 -95 0.010427
30 -90 0.005759
30 -85 0.002496
30 -80 0.000180
30 -75 0.000000
30 -70 0.000000
30 -65 0.000000
30 -60 0.000000
30 -55 0.000000
30 -50 0.000000
30 -45 0.000000
30 -40 0.000000
30 -35 0.000000
30 -30 0.000000
30 -25 0.000000
30 -20 0.000000
30 -15 0.000000
30 -10 0.000000
30 -5 0.000000
30 0 0.000011
30 5 0.000618
30 10 0.002064
30 15 0.009042
30 20 0.035084
30 25 0.098044
30 30 0.204687
30 35 0.347933
30 40 0.504123
30 45 0.627247
30 50 0.676975
30 55 0.648165
30 60 0.552520
30 65 0.413440
30 70 0.265130
30 75 0.143759
30 80 0.063739
30 85 0.018846
30 90 0.001535
30 95 0.000000
30 100 0.000000
30 105 0.000000
30 110 0.000000
30 115 0.000000
30 120 0.000000
30 125 0.000000
30 130 0.000000
30 135 0.000000
30 140 0.000000
30 145 0.000000
30 150 0.000000
30 155 0.000000
30 160 0.000000
30 165 0.000000
30 170 0.000000
30 175 0.000000
35 -180 0.000000
35 -175 0.000000
35 -170 0.000000
35 -165 0.000330
35 -160 0.000919
35 -155 0.004380
35 -150 0.014312
35 -145 0.031672
35 -140 0.056394
35 -135 0.081451
35 -130 0.097564
35 -125 0.100607
35 -120 0.088908
35 -115 0.071503
35 -110 0.054714
35 -105 0.040646
35 -100 0.029046
35 -95 0.018130
35 -90 0.009816
35 -85 0.004254
35 -80 0.000306
35 -75 0.000000
35 -70 0.000000
35 -65 0.000000
35 -60 0.000000
35 -55 0.000000
35 -50 0.000000
35 -45 0.000000
35 -40 0.000000
35 -35 0.000000
35 -30 0.000000
35 -25 0.000000
35 -20 0.000000
35 -15 0.000000
35 -10 0.000124
35 -5 0.000739
35 0 0.002636
35 5 0.009548
35 10 0.026612
35 15 0.073654
35 20 0.191699
35 25 0.413330
35 30 0.738733
35 35 1.121633
35 40 1.471745
35 45 1.674435
35 50 1.665185
35 55 1.472560
35 60 1.163253
35 65 0.811025
35 70 0.491317
35 75 0.254715
35 80 0.108723
35 85 0.031160
35 90 0.002797
35 95 0.000000
35 100 0.000000
35 105 0.000000
35 110 0.000000
35 115 0.000000
35 120 0.000000
35 125 0.000000
35 130 0.000000
35 135 0.000000
35 140 0.000000
35 145 0.000000
35 150 0.000000
35 155 0.000000
35 160 0.000000
35 165 0.000000
35 170 0.000000
35 175 0.000000
40 -180 0.003959
40 -175 0.003177
40 -170 0.002014
40 -165 0.002019
40 -160 0.003135
40 -155 0.010188
40 -150 0.028961
40 -145 0.060386
40 -140 0.102997
40 -135 0.145316
40 -130 0.171363
40 -125 0.173586
40 -120 0.150478
40 -115 0.117714
40 -110 0.086230
40 -105 0.060736
40 -100 0.041443
40 -95 0.025258
40 -90 0.013363
40 -85 0.005727
40 -80 0.000412
40 -75 0.000000
40 -70 0.000000
40 -65 0.000000
40 -60 0.000016
40 -55 0.000221
40 -50 0.000509
40 -45 0.000922
40 -40 0.001308
40 -35 0.001453
40 -30 0.001262
40 -25 0.000857
40 -20 0.000484
40 -15 0.000952
40 -10 0.003189
40 -5 0.010366
40 0 0.029141
40 5 0.072012
40 10 0.156508
40 15 0.328813
40 20 0.662805
40 25 1.192730
40 30 1.885238
40 35 2.614200
40 40 3.181000
40 45 3.386900
40 50 3.170500
40 55 2.642325
40 60 1.967785
40 65 1.296337
40 70 0.748835
40 75 0.373742
40 80 0.154501
40 85 0.043222
40 90 0.004347
40 95 0.000000
40 100 0.000000
40 105 0.000000
40 110 0.000000
40 115 0.000000
40 120 0.000000
40 125 0.000000
40 130 0.000000
40 135 0.000000
40 140 0.000000
40 145 0.000000
40 150 0.000000
40 155 0.000249
40 160 0.000913
40 165 0.001873
40 170 0.003039
40 175 0.003900
45 -180 0.010887
45 -175 0.008738
45 -170 0.005539
45 -165 0.004776
45 -160 0.006461
45 -155 0.017624
45 -150 0.045591
45 -145 0.090777
45 -140 0.149510
45 -135 0.207279
45 -130 0.242879
45 -125 0.244970
45 -120 0.212709
45 -115 0.166555
45 -110 0.120353
45 -105 0.081736
45 -100 0.052785
45 -95 0.030753
45 -90 0.015322
45 -85 0.006081
45 -80 0.000438
45 -75 0.000000
45 -70 0.000000
45 -65 0.000000
45 -60 0.000083
45 -55 0.001158
45 -50 0.002671
45 -45 0.005015
45 -40 0.007754
45 -35 0.009533
45 -30 0.009859
45 -25 0.008830
45 -20 0.007256
45 -15 0.008253
45 -10 0.015354
45 -5 0.039930
45 0 0.101022
45 5 0.225784
45 10 0.448385
45 15 0.841100
45 20 1.500578
45 25 2.435482
45 30 3.553425
45 35 4.625975
45 40 5.334025
45 45 5.413750
45 50 4.846950
45 55 3.863300
45 60 2.748450
45 65 1.729608
45 70 0.961395
45 75 0.465395
45 80 0.187580
45 85 0.052251
45 90 0.006027
45 95 0.000000
45 100 0.000000
45 105 0.000000
45 110 0.000000
45 115 0.000000
45 120 0.000000
45 125 0.000000
45 130 0.000000
45 135 0.000000
45 140 0.000000
45 145 0.000000
45 150 0.000000
45 155 0.000684
45 160 0.002510
45 165 0.005151
45 170 0.008357
45 175 0.010725
50 -180 0.021078
50 -175 0.016916
50 -170 0.010725
50 -165 0.008501
50 -160 0.010427
50 -155 0.024648
50 -150 0.058324
50 -145 0.110594
50 -140 0.175541
50 -135 0.238981
50 -130 0.278942
50 -125 0.281910
50 -120 0.247447
50 -115 0.196382
50 -110 0.142151
50 -105 0.094409
50 -100 0.057869
50 -95 0.031962
50 -90 0.014644
50 -85 0.005406
50 -80 0.001272
50 -75 0.001767
50 -70 0.002707
50 -65 0.003265
50 -60 0.003649
50 -55 0.005963
50 -50 0.009402
50 -45 0.015088
50 -40 0.021640
50 -35 0.025694
50 -30 0.026004
50 -25 0.023268
50 -20 0.020639
50 -15 0.024686
50 -10 0.046601
50 -5 0.109940
50 0 0.250710
50 5 0.511095
50 10 0.939435
50 15 1.622043
50 20 2.650625
50 25 3.979625
50 30 5.442975
50 35 6.712125
50 40 7.380175
50 45 7.177025
50 50 6.174425
50 55 4.729975
50 60 3.231050
50 65 1.953445
50 70 1.051595
50 75 0.496985
50 80 0.196789
50 85 0.055878
50 90 0.007439
50 95 0.000000
50 100 0.000000
50 105 0.000000
50 110 0.000000
50 115 0.000000
50 120 0.000000
50 125 0.000000
50 130 0.000000
50 135 0.000000
50 140 0.000000
50 145 0.000000
50 150 0.000000
50 155 0.001324
50 160 0.004860
50 165 0.009973
50 170 0.016180
50 175 0.020764
55 -180 0.032047
55 -175 0.025720
55 -170 0.016306
55 -165 0.012027
55 -160 0.013352
55 -155 0.027823
55 -150 0.060707
55 -145 0.109467
55 -140 0.167123
55 -135 0.223533
55 -130 0.261832
55 -125 0.268707
55 -120 0.243451
55 -115 0.201319
55 -110 0.150768
55 -105 0.101078
55 -100 0.060022
55 -95 0.031402
55 -90 0.012879
55 -85 0.004328
55 -80 0.003020
55 -75 0.005416
55 -70 0.008298
55 -65 0.010010
55 -60 0.010779
55 -55 0.014376
55 -50 0.019975
55 -45 0.029938
55 -40 0.041559
55 -35 0.048738
55 -30 0.049079
55 -25 0.044849
55 -20 0.042886
55 -15 0.054907
55 -10 0.102097
55 -5 0.221738
55 0 0.467232
55 5 0.891358
55 10 1.547150
55 15 2.508950
55 20 3.821000
55 25 5.363625
55 30 6.907875
55 35 8.082325
55 40 8.483925
55 45 7.917975
55 50 6.562325
55 55 4.850225
55 60 3.197125
55 65 1.869217
55 70 0.981983
55 75 0.456723
55 80 0.179139
55 85 0.052981
55 90 0.008022
55 95 0.000000
55 100 0.000000
55 105 0.000000
55 110 0.000000
55 115 0.000000
55 120 0.000000
55 125 0.000000
55 130 0.000000
55 135 0.000000
55 140 0.000000
55 145 0.000000
55 150 0.000000
55 155 0.002012
55 160 0.007389
55 165 0.015163
55 170 0.024601
55 175 0.031571
60 -180 0.038320
60 -175 0.030755
60 -170 0.019498
60 -165 0.013528
60 -160 0.013587
60 -155 0.025297
60 -150 0.051413
60 -145 0.088195
60 -140 0.129323
60 -135 0.170199
60 -130 0.202258
60 -125 0.214382
60 -120 0.205302
60 -115 0.181576
60 -110 0.144415
60 -105 0.100411
60 -100 0.059504
60 -95 0.030065
60 -90 0.011184
60 -85 0.003677
60 -80 0.005637
60 -75 0.010743
60 -70 0.016460
60 -65 0.019857
60 -60 0.021120
60 -55 0.025594
60 -50 0.032945
60 -45 0.046962
60 -40 0.063385
60 -35 0.073391
60 -30 0.073378
60 -25 0.068028
60 -20 0.069001
60 -15 0.092605
60 -10 0.171660
60 -5 0.353410
60 0 0.700632
60 5 1.264190
60 10 2.083545
60 15 3.190750
60 20 4.556750
60 25 6.006250
60 30 7.296250
60 35 8.100775
60 40 8.119700
60 45 7.278975
60 50 5.823000
60 55 4.165775
60 60 2.661775
60 65 1.514330
60 70 0.781210
60 75 0.359888
60 80 0.140449
60 85 0.043648
60 90 0.007329
60 95 0.000000
60 100 0.000000
60 105 0.000000
60 110 0.000000
60 115 0.000000
60 120 0.000000
60 125 0.000000
60 130 0.000000
60 135 0.000000
60 140 0.000000
60 145 0.000000
60 150 0.000000
60 155 0.002406
60 160 0.008835
60 165 0.018131
60 170 0.029416
60 175 0.037750
65 -180 0.036091
65 -175 0.028965
65 -170 0.018363
65 -165 0.012097
65 -160 0.011002
65 -155 0.018481
65 -150 0.035380
65 -145 0.057869
65 -140 0.081426
65 -135 0.105759
65 -130 0.129458
65 -125 0.144430
65 -120 0.149303
65 -115 0.143328
65 -110 0.122062
65 -105 0.088718
65 -100 0.053367
65 -95 0.026593
65 -90 0.009331
65 -85 0.003677
65 -80 0.008666
65 -75 0.016799
65 -70 0.025737
65 -65 0.031049
65 -60 0.032699
65 -55 0.036776
65 -50 0.044146
65 -45 0.059747
65 -40 0.078052
65 -35 0.088884
65 -30 0.087815
65 -25 0.082607
65 -20 0.090069
65 -15 0.128776
65 -10 0.240439
65 -5 0.471332
65 0 0.878030
65 5 1.494528
65 10 2.332625
65 15 3.372900
65 20 4.527100
65 25 5.612975
65 30 6.432450
65 35 6.770150
65 40 6.474500
65 45 5.573725
65 50 4.307500
65 55 2.989175
65 60 1.857930
65 65 1.033545
65 70 0.525443
65 75 0.240678
65 80 0.093467
65 85 0.030489
65 90 0.005571
65 95 0.000000
65 100 0.000000
65 105 0.000000
65 110 0.000000
65 115 0.000000
65 120 0.000000
65 125 0.000000
65 130 0.000000
65 135 0.000000
65 140 0.000000
65 145 0.000000
65 150 0.000000
65 155 0.002266
65 160 0.008321
65 165 0.017076
65 170 0.027705
65 175 0.035554
70 -180 0.026811
70 -175 0.021518
70 -170 0.013642
70 -165 0.008600
70 -160 0.007095
70 -155 0.010782
70 -150 0.019486
70 -145 0.030259
70 -140 0.040449
70 -135 0.051814
70 -130 0.066720
70 -125 0.080156
70 -120 0.091227
70 -115 0.095682
70 -110 0.086989
70 -105 0.065836
70 -100 0.040295
70 -95 0.019989
70 -90 0.006766
70 -85 0.003763
70 -80 0.010640
70 -75 0.020734
70 -70 0.031767
70 -65 0.038323
70 -60 0.040025
70 -55 0.042470
70 -50 0.047906
70 -45 0.061577
70 -40 0.077617
70 -35 0.086659
70 -30 0.084243
70 -25 0.080789
70 -20 0.096128
70 -15 0.147879
70 -10 0.278780
70 -5 0.522780
70 0 0.917422
70 5 1.473390
70 10 2.176470
70 15 2.974225
70 20 3.760200
70 25 4.390175
70 30 4.742175
70 35 4.717975
70 40 4.290075
70 45 3.534700
70 50 2.632850
70 55 1.771543
70 60 1.073720
70 65 0.587330
70 70 0.296250
70 75 0.136221
70 80 0.053006
70 85 0.018158
70 90 0.003511
70 95 0.000000
70 100 0.000000
70 105 0.000000
70 110 0.000000
70 115 0.000000
70 120 0.000000
70 125 0.000000
70 130 0.000000
70 135 0.000000
70 140 0.000000
70 145 0.000000
70 150 0.000000
70 155 0.001684
70 160 0.006181
70 165 0.012685
70 170 0.020581
70 175 0.026412
75 -180 0.015730
75 -175 0.012624
75 -170 0.008003
75 -165 0.004861
75 -160 0.003647
75 -155 0.004791
75 -150 0.007792
75 -145 0.010888
75 -140 0.013103
75 -135 0.016578
75 -130 0.024659
75 -125 0.034857
75 -120 0.046219
75 -115 0.054054
75 -110 0.052726
75 -105 0.041709
75 -100 0.026249
75 -95 0.013182
75 -90 0.004549
75 -85 0.003670
75 -80 0.010378
75 -75 0.020223
75 -70 0.030984
75 -65 0.037378
75 -60 0.038754
75 -55 0.039285
75 -50 0.041958
75 -45 0.051318
75 -40 0.062313
75 -35 0.068063
75 -30 0.064882
75 -25 0.063978
75 -20 0.084997
75 -15 0.141864
75 -10 0.270120
75 -5 0.486175
75 0 0.805397
75 5 1.219353
75 10 1.701827
75 15 2.196745
75 20 2.615275
75 25 2.868875
75 30 2.905700
75 35 2.708500
75 40 2.317220
75 45 1.808650
75 50 1.289010
75 55 0.838300
75 60 0.496127
75 65 0.268572
75 70 0.135050
75 75 0.062420
75 80 0.024104
75 85 0.008722
75 90 0.001778
75 95 0.000000
75 100 0.000000
75 105 0.000000
75 110 0.000000
75 115 0.000000
75 120 0.000000
75 125 0.000000
75 130 0.000000
75 135 0.000000
75 140 0.000000
75 145 0.000000
75 150 0.000000
75 155 0.000988
75 160 0.003627
75 165 0.007442
75 170 0.012075
75 175 0.015496
80 -180 0.007295
80 -175 0.005855
80 -170 0.003712
80 -165 0.002077
80 -160 0.001196
80 -155 0.001191
80 -150 0.001872
80 -145 0.002442
80 -140 0.002656
80 -135 0.003554
80 -130 0.007084
80 -125 0.012145
80 -120 0.018615
80 -115 0.023859
80 -110 0.024658
80 -105 0.020253
80 -100 0.013133
80 -95 0.006729
80 -90 0.002393
80 -85 0.002831
80 -80 0.008004
80 -75 0.015598
80 -70 0.023898
80 -65 0.028830
80 -60 0.029697
80 -55 0.029032
80 -50 0.029567
80 -45 0.034510
80 -40 0.040358
80 -35 0.043081
80 -30 0.040177
80 -25 0.041266
80 -20 0.062936
80 -15 0.114258
80 -10 0.219496
80 -5 0.380525
80 0 0.596583
80 5 0.850113
80 10 1.115862
80 15 1.353300
80 20 1.508402
80 25 1.542162
80 30 1.447030
80 35 1.241930
80 40 0.980482
80 45 0.710550
80 50 0.477205
80 55 0.298168
80 60 0.173380
80 65 0.094256
80 70 0.047213
80 75 0.021973
80 80 0.008268
80 85 0.002876
80 90 0.000598
80 95 0.000000
80 100 0.000000
80 105 0.000000
80 110 0.000000
80 115 0.000000
80 120 0.000000
80 125 0.000000
80 130 0.000000
80 135 0.000000
80 140 0.000000
80 145 0.000000
80 150 0.000000
80 155 0.000458
80 160 0.001682
80 165 0.003452
80 170 0.005600
80 175 0.007187
85 -180 0.001391
85 -175 0.001116
85 -170 0.000708
85 -165 0.000354
85 -160 0.000111
85 -155 0.000000
85 -150 0.000000
85 -145 0.000000
85 -140 0.000000
85 -135 0.000362
85 -130 0.001805
85 -125 0.003868
85 -120 0.006556
85 -115 0.008778
85 -110 0.009275
85 -105 0.007724
85 -100 0.005062
85 -95 0.002606
85 -90 0.000935
85 -85 0.001727
85 -80 0.004884
85 -75 0.009517
85 -70 0.014580
85 -65 0.017590
85 -60 0.018006
85 -55 0.017032
85 -50 0.016548
85 -45 0.018384
85 -40 0.020639
85 -35 0.021502
85 -30 0.019617
85 -25 0.021522
85 -20 0.039250
85 -15 0.077262
85 -10 0.149407
85 -5 0.249804
85 0 0.369693
85 5 0.491220
85 10 0.597045
85 15 0.667382
85 20 0.682488
85 25 0.634537
85 30 0.535490
85 35 0.406290
85 40 0.282550
85 45 0.181466
85 50 0.111850
85 55 0.067965
85 60 0.041129
85 65 0.023827
85 70 0.012183
85 75 0.005727
85 80 0.001993
85 85 0.000616
85 90 0.000124
85 95 0.000000
85 100 0.000000
85 105 0.000000
85 110 0.000000
85 115 0.000000
85 120 0.000000
85 125 0.000000
85 130 0.000000
85 135 0.000000
85 140 0.000000
85 145 0.000000
85 150 0.000000
85 155 0.000087
85 160 0.000321
85 165 0.000658
85 170 0.001068
85 175 0.001370
90 -180 0.000000
90 -175 0.000000
90 -170 0.000000
90 -165 0.000000
90 -160 0.000000
90 -155 0.000000
90 -150 0.000000
90 -145 0.000000
90 -140 0.000000
90 -135 0.000000
90 -130 0.000000
90 -125 0.000000
90 -120 0.000000
90 -115 0.000000
90 -110 0.000000
90 -105 0.000000
90 -100 0.000000
90 -95 0.000000
90 -90 0.000000
90 -85 0.000833
90 -80 0.002357
90 -75 0.004592
90 -70 0.007036
90 -65 0.008488
90 -60 0.008628
90 -55 0.007795
90 -50 0.007047
90 -45 0.007138
90 -40 0.007240
90 -35 0.006945
90 -30 0.005719
90 -25 0.007203
90 -20 0.018992
90 -15 0.042476
90 -10 0.084315
90 -5 0.136907
90 0 0.191334
90 5 0.234816
90 10 0.259620
90 15 0.262840
90 20 0.244099
90 25 0.206768
90 30 0.160879
90 35 0.112346
90 40 0.073354
90 45 0.044741
90 50 0.027033
90 55 0.016502
90 60 0.009990
90 65 0.005476
90 70 0.002385
90 75 0.000879
90 80 0.000202
90 85 0.000000
90 90 0.000000
90 95 0.000000
90 100 0.000000
90 105 0.000000
90 110 0.000000
90 115 0.000000
90 120 0.000000
90 125 0.000000
90 130 0.000000
90 135 0.000000
90 140 0.000000
90 145 0.000000
90 150 0.000000
90 155 0.000000
90 160 0.000000
90 165 0.000000
90 170 0.000000
90 175 0.000000
95 -180 0.000000
95 -175 0.000000
95 -170 0.000000
95 -165 0.000000
95 -160 0.000000
95 -155 0.000000
95 -150 0.000000
95 -145 0.000000
95 -140 0.000000
95 -135 0.000000
95 -130 0.000000
95 -125 0.000000
95 -120 0.000000
95 -115 0.000000
95 -110 0.000000
95 -105 0.000000
95 -100 0.000000
95 -95 0.000000
95 -90 0.000000
95 -85 0.000214
95 -80 0.000604
95 -75 0.001178
95 -70 0.001805
95 -65 0.002177
95 -60 0.002151
95 -55 0.001804
95 -50 0.001419
95 -45 0.001212
95 -40 0.001057
95 -35 0.000946
95 -30 0.000734
95 -25 0.001792
95 -20 0.007799
95 -15 0.019055
95 -10 0.037469
95 -5 0.058251
95 0 0.076384
95 5 0.085942
95 10 0.085532
95 15 0.077834
95 20 0.065825
95 25 0.050907
95 30 0.036345
95 35 0.022335
95 40 0.012285
95 45 0.005418
95 50 0.002059
95 55 0.000863
95 60 0.000511
95 65 0.000245
95 70 0.000077
95 75 0.000000
95 80 0.000000
95 85 0.000000
95 90 0.000000
95 95 0.000000
95 100 0.000000
95 105 0.000000
95 110 0.000000
95 115 0.000000
95 120 0.000000
95 125 0.000000
95 130 0.000000
95 135 0.000000
95 140 0.000000
95 145 0.000000
95 150 0.000000
95 155 0.000000
95 160 0.000000
95 165 0.000000
95 170 0.000000
95 175 0.000000
100 -180 0.000000
100 -175 0.000000
100 -170 0.000000
100 -165 0.000000
100 -160 0.000000
100 -155 0.000000
100 -150 0.000000
100 -145 0.000000
100 -140 0.000000
100 -135 0.000000
100 -130 0.000000
100 -125 0.000000
100 -120 0.000000
100 -115 0.000000
100 -110 0.000000
100 -105 0.000000
100 -100 0.000000
100 -95 0.000000
100 -90 0.000000
100 -85 0.000000
100 -80 0.000000
100 -75 0.000000
100 -70 0.000000
100 -65 0.000000
100 -60 0.000000
100 -55 0.000000
100 -50 0.000000
100 -45 0.000000
100 -40 0.000000
100 -35 0.000000
100 -30 0.000000
100 -25 0.000214
100 -20 0.002245
100 -15 0.005784
100 -10 0.011928
100 -5 0.018807
100 0 0.024420
100 5 0.026294
100 10 0.023952
100 15 0.018828
100 20 0.013030
100 25 0.007678
100 30 0.004411
100 35 0.002053
100 40 0.001021
100 45 0.000340
100 50 0.000085
100 55 0.000000
100 60 0.000000
100 65 0.000000
100 70 0.000000
100 75 0.000000
100 80 0.000000
100 85 0.000000
100 90 0.000000
100 95 0.000000
100 100 0.000000
100 105 0.000000
100 110 0.000000
100 115 0.000000
100 120 0.000000
100 125 0.000000
100 130 0.000000
100 135 0.000000
100 140 0.000000
100 145 0.000000
100 150 0.000000
100 155 0.000000
100 160 0.000000
100 165 0.000000
100 170 0.000000
100 175 0.000000
105 -180 0.000000
105 -175 0.000000
105 -170 0.000000
105 -165 0.000000
105 -160 0.000000
105 -155 0.000000
105 -150 0.000000
105 -145 0.000000
105 -140 0.000000
105 -135 0.000000
105 -130 0.000000
105 -125 0.000000
105 -120 0.000000
105 -115 0.000000
105 -110 0.000000
105 -105 0.000000
105 -100 0.000000
105 -95 0.000000
105 -90 0.000000
105 -85 0.000000
105 -80 0.000000
105 -75 0.000000
105 -70 0.000000
105 -65 0.000000
105 -60 0.000000
105 -55 0.000000
105 -50 0.000000
105 -45 0.000000
105 -40 0.000000
105 -35 0.000000
105 -30 0.000000
105 -25 0.000000
105 -20 0.000603
105 -15 0.001677
105 -10 0.003704
105 -5 0.006042
105 0 0.007972
105 5 0.008564
105 10 0.007524
105 15 0.005408
105 20 0.003169
105 25 0.001308
105 30 0.000449
105 35 0.000000
105 40 0.000000
105 45 0.000000
105 50 0.000000
105 55 0.000000
105 60 0.000000
105 65 0.000000
105 70 0.000000
105 75 0.000000
105 80 0.000000
105 85 0.000000
105 90 0.000000
105 95 0.000000
105 100 0.000000
105 105 0.000000
105 110 0.000000
105 115 0.000000
105 120 0.000000
105 125 0.000000
105 130 0.000000
105 135 0.000000
105 140 0.000000
105 145 0.000000
105 150 0.000000
105 155 0.000000
105 160 0.000000
105 165 0.000000
105 170 0.000000
105 175 0.000000
110 -180 0.000000
110 -175 0.000000
110 -170 0.000000
110 -165 0.000000
110 -160 0.000000
110 -155 0.000000
110 -150 0.000000
110 -145 0.000000
110 -140 0.000000
110 -135 0.000000
110 -130 0.000000
110 -125 0.000000
110 -120 0.000000
110 -115 0.000000
110 -110 0.000000
110 -105 0.000000
110 -100 0.000000
110 -95 0.000000
110 -90 0.000000
110 -85 0.000000
110 -80 0.000000
110 -75 0.000000
110 -70 0.000000
110 -65 0.000000
110 -60 0.000000
110 -55 0.000000
110 -50 0.000000
110 -45 0.000000
110 -40 0.000000
110 -35 0.000000
110 -30 0.000000
110 -25 0.000000
110 -20 0.000000
110 -15 0.000000
110 -10 0.000000
110 -5 0.000000
110 0 0.000000
110 5 0.000000
110 10 0.000000
110 15 0.000000
110 20 0.000000
110 25 0.000000
110 30 0.000000
110 35 0.000000
110 40 0.000000
110 45 0.000000
110 50 0.000000
110 55 0.000000
110 60 0.000000
110 65 0.000000
110 70 0.000000
110 75 0.000000
110 80 0.000000
110 85 0.000000
110 90 0.000000
110 95 0.000000
110 100 0.000000
110 105 0.000000
110 110 0.000000
110 115 0.000000
110 120 0.000000
110 125 0.000000
110 130 0.000000
110 135 0.000000
110 140 0.000000
110 145 0.000000
110 150 0.000000
110 155 0.000000
110 160 0.000000
110 165 0.000000
110 170 0.000000
110 175 0.000000
115 -180 0.000000
115 -175 0.000000
115 -170 0.000000
115 -165 0.000000
115 -160 0.000000
115 -155 0.000000
115 -150 0.000000
115 -145 0.000000
115 -140 0.000000
115 -135 0.000000
115 -130 0.000000
115 -125 0.000000
115 -120 0.000000
115 -115 0.000000
115 -110 0.000000
115 -105 0.000000
115 -100 0.000000
115 -95 0.000000
115 -90 0.000000
115 -85 0.000000
115 -80 0.000000
115 -75 0.000000
115 -70 0.000000
115 -65 0.000000
115 -60 0.000371
115 -55 0.000931
115 -50 0.001762
115 -45 0.002604
115 -40 0.003010
115 -35 0.002724
115 -30 0.001932
115 -25 0.001075
115 -20 0.000470
115 -15 0.000041
115 -10 0.000000
115 -5 0.000000
115 0 0.000000
115 5 0.000000
115 10 0.000000
115 15 0.000000
115 20 0.000000
115 25 0.000000
115 30 0.000000
115 35 0.000000
115 40 0.000000
115 45 0.000000
115 50 0.000000
115 55 0.000000
115 60 0.000000
115 65 0.000000
115 70 0.000000
115 75 0.000000
115 80 0.000000
115 85 0.000000
115 90 0.000000
115 95 0.000000
115 100 0.000000
115 105 0.000000
115 110 0.000000
115 115 0.000000
115 120 0.000000
115 125 0.000000
115 130 0.000000
115 135 0.000000
115 140 0.000000
115 145 0.000000
115 150 0.000000
115 155 0.000000
115 160 0.000000
115 165 0.000000
115 170 0.000000
115 175 0.000000
120 -180 0.000000
120 -175 0.000000
120 -170 0.000000
120 -165 0.000000
120 -160 0.000000
120 -155 0.000000
120 -150 0.000000
120 -145 0.000000
120 -140 0.000000
120 -135 0.000000
120 -130 0.000000
120 -125 0.000000
120 -120 0.000000
120 -115 0.000000
120 -110 0.000000
120 -105 0.000000
120 -100 0.000000
120 -95 0.000000
120 -90 0.000000
120 -85 0.000000
120 -80 0.000000
120 -75 0.000000
120 -70 0.000000
120 -65 0.000000
120 -60 0.001206
120 -55 0.003027
120 -50 0.005727
120 -45 0.008466
120 -40 0.009786
120 -35 0.008855
120 -30 0.006279
120 -25 0.003494
120 -20 0.001528
120 -15 0.000134
120 -10 0.000000
120 -5 0.000000
120 0 0.000000
120 5 0.000000
120 10 0.000000
120 15 0.000000
120 20 0.000000
120 25 0.000000
120 30 0.000000
120 35 0.000000
120 40 0.000000
120 45 0.000000
120 50 0.000000
120 55 0.000000
120 60 0.000000
120 65 0.000000
120 70 0.000000
120 75 0.000000
120 80 0.000000
120 85 0.000000
120 90 0.000000
120 95 0.000000
120 100 0.000000
120 105 0.000000
120 110 0.000000
120 115 0.000000
120 120 0.000000
120 125 0.000000
120 130 0.000000
120 135 0.000000
120 140 0.000000
120 145 0.000000
120 150 0.000000
120 155 0.000000
120 160 0.000000
120 165 0.000000
120 170 0.000000
120 175 0.000000
125 -180 0.000000
125 -175 0.000000
125 -170 0.000000
125 -165 0.000000
125 -160 0.000000
125 -155 0.000000
125 -150 0.000000
125 -145 0.000000
125 -140 0.000000
125 -135 0.000000
125 -130 0.000000
125 -125 0.000000
125 -120 0.000000
125 -115 0.000000
125 -110 0.000000
125 -105 0.000000
125 -100 0.000000
125 -95 0.000000
125 -90 0.000000
125 -85 0.000000
125 -80 0.000000
125 -75 0.000000
125 -70 0.000000
125 -65 0.000000
125 -60 0.002421
125 -55 0.006077
125 -50 0.011496
125 -45 0.016993
125 -40 0.019644
125 -35 0.017775
125 -30 0.012605
125 -25 0.007013
125 -20 0.003066
125 -15 0.000269
125 -10 0.000000
125 -5 0.000000
125 0 0.000000
125 5 0.000000
125 10 0.000000
125 15 0.000000
125 20 0.000000
125 25 0.000000
125 30 0.000000
125 35 0.000000
125 40 0.000000
125 45 0.000000
125 50 0.000000
125 55 0.000000
125 60 0.000000
125 65 0.000000
125 70 0.000000
125 75 0.000000
125 80 0.000000
125 85 0.000000
125 90 0.000000
125 95 0.000000
125 100 0.000000
125 105 0.000000
125 110 0.000000
125 115 0.000000
125 120 0.000000
125 125 0.000000
125 130 0.000000
125 135 0.000000
125 140 0.000000
125 145 0.000000
125 150 0.000000
125 155 0.000000
125 160 0.000000
125 165 0.000000
125 170 0.000000
125 175 0.000000
130 -180 0.000000
130 -175 0.000000
130 -170 0.000000
130 -165 0.000000
130 -160 0.000000
130 -155 0.000000
130 -150 0.000000
130 -145 0.000000
130 -140 0.000000
130 -135 0.000000
130 -130 0.000000
130 -125 0.000000
130 -120 0.000000
130 -115 0.000000
130 -110 0.000000
130 -105 0.000000
130 -100 0.000000
130 -95 0.000000
130 -90 0.000000
130 -85 0.000000
130 -80 0.000000
130 -75 0.000000
130 -70 0.000000
130 -65 0.000000
130 -60 0.003836
130 -55 0.009628
130 -50 0.018214
130 -45 0.026924
130 -40 0.031123
130 -35 0.028163
130 -30 0.019971
130 -25 0.011112
130 -20 0.004858
130 -15 0.000426
130 -10 0.000000
130 -5 0.000000
130 0 0.000000
130 5 0.000000
130 10 0.000000
130 15 0.000000
130 20 0.000000
130 25 0.000000
130 30 0.000000
130 35 0.000000
130 40 0.000000
130 45 0.000000
130 50 0.000000
130 55 0.000000
130 60 0.000000
130 65 0.000000
130 70 0.000000
130 75 0.000000
130 80 0.000000
130 85 0.000000
130 90 0.000000
130 95 0.000000
130 100 0.000000
130 105 0.000000
130 110 0.000000
130 115 0.000000
130 120 0.000000
130 125 0.000000
130 130 0.000000
130 135 0.000000
130 140 0.000000
130 145 0.000000
130 150 0.000000
130 155 0.000000
130 160 0.000000
130 165 0.000000
130 170 0.000000
130 175 0.000000
135 -180 0.000000
135 -175 0.000000
135 -170 0.000000
135 -165 0.000000
135 -160 0.000000
135 -155 0.000000
135 -150 0.000000
135 -145 0.000000
135 -140 0.000000
135 -135 0.000000
135 -130 0.000000
135 -125 0.000000
135 -120 0.000000
135 -115 0.000000
135 -110 0.000000
135 -105 0.000000
135 -100 0.000000
135 -95 0.000000
135 -90 0.000000
135 -85 0.000000
135 -80 0.000000
135 -75 0.000000
135 -70 0.000000
135 -65 0.000000
135 -60 0.004803
135 -55 0.012055
135 -50 0.022804
135 -45 0.033709
135 -40 0.038967
135 -35 0.035260
135 -30 0.025004
135 -25 0.013912
135 -20 0.006083
135 -15 0.000534
135 -10 0.000000
135 -5 0.000000
135 0 0.000000
135 5 0.000000
135 10 0.000000
135 15 0.000000
135 20 0.000000
135 25 0.000000
135 30 0.000000
135 35 0.000000
135 40 0.000000
135 45 0.000000
135 50 0.000000
135 55 0.000000
135 60 0.000000
135 65 0.000000
135 70 0.000000
135 75 0.000000
135 80 0.000000
135 85 0.000000
135 90 0.000000
135 95 0.000000
135 100 0.000000
135 105 0.000000
135 110 0.000000
135 115 0.000000
135 120 0.000000
135 125 0.000000
135 130 0.000000
135 135 0.000000
135 140 0.000000
135 145 0.000000
135 150 0.000000
135 155 0.000000
135 160 0.000000
135 165 0.000000
135 170 0.000000
135 175 0.000000
140 -180 0.000000
140 -175 0.000000
140 -170 0.000000
140 -165 0.000000
140 -160 0.000000
140 -155 0.000000
140 -150 0.000000
140 -145 0.000000
140 -140 0.000000
140 -135 0.000000
140 -130 0.000000
140 -125 0.000000
140 -120 0.000000
140 -115 0.000000
140 -110 0.000000
140 -105 0.000000
140 -100 0.000000
140 -95 0.000000
140 -90 0.000000
140 -85 0.000000
140 -80 0.000000
140 -75 0.000000
140 -70 0.000000
140 -65 0.000000
140 -60 0.004755
140 -55 0.011935
140 -50 0.022577
140 -45 0.033374
140 -40 0.038579
140 -35 0.034910
140 -30 0.024755
140 -25 0.013774
140 -20 0.006022
140 -15 0.000528
140 -10 0.000000
140 -5 0.000000
140 0 0.000000
140 5 0.000000
140 10 0.000000
140 15 0.000000
140 20 0.000000
140 25 0.000000
140 30 0.000000
140 35 0.000000
140 40 0.000000
140 45 0.000000
140 50 0.000000
140 55 0.000000
140 60 0.000000
140 65 0.000000
140 70 0.000000
140 75 0.000000
140 80 0.000000
140 85 0.000000
140 90 0.000000
140 95 0.000000
140 100 0.000000
140 105 0.000000
140 110 0.000000
140 115 0.000000
140 120 0.000000
140 125 0.000000
140 130 0.000000
140 135 0.000000
140 140 0.000000
140 145 0.000000
140 150 0.000000
140 155 0.000000
140 160 0.000000
140 165 0.000000
140 170 0.000000
140 175 0.000000
145 -180 0.000000
145 -175 0.000000
145 -170 0.000000
145 -165 0.000000
145 -160 0.000000
145 -155 0.000000
145 -150 0.000000
145 -145 0.000000
145 -140 0.000000
145 -135 0.000000
145 -130 0.000000
145 -125 0.000000
145 -120 0.000000
145 -115 0.000000
145 -110 0.000000
145 -105 0.000000
145 -100 0.000000
145 -95 0.000000
145 -90 0.000000
145 -85 0.000000
145 -80 0.000000
145 -75 0.000000
145 -70 0.000000
145 -65 0.000000
145 -60 0.003724
145 -55 0.009347
145 -50 0.017682
145 -45 0.026137
145 -40 0.030214
145 -35 0.027340
145 -30 0.019387
145 -25 0.010788
145 -20 0.004716
145 -15 0.000414
145 -10 0.000000
145 -5 0.000000
145 0 0.000000
145 5 0.000000
145 10 0.000000
145 15 0.000000
145 20 0.000000
145 25 0.000000
145 30 0.000000
145 35 0.000000
145 40 0.000000
145 45 0.000000
145 50 0.000000
145 55 0.000000
145 60 0.000000
145 65 0.000000
145 70 0.000000
145 75 0.000000
145 80 0.000000
145 85 0.000000
145 90 0.000000
145 95 0.000000
145 100 0.000000
145 105 0.000000
145 110 0.000000
145 115 0.000000
145 120 0.000000
145 125 0.000000
145 130 0.000000
145 135 0.000000
145 140 0.000000
145 145 0.000000
145 150 0.000000
145 155 0.000000
145 160 0.000000
145 165 0.000000
145 170 0.000000
145 175 0.000000
150 -180 0.000000
150 -175 0.000000
150 -170 0.000000
150 -165 0.000000
150 -160 0.000000
150 -155 0.000000
150 -150 0.000000
150 -145 0.000000
150 -140 0.000000
150 -135 0.000000
150 -130 0.000000
150 -125 0.000000
150 -120 0.000000
150 -115 0.000000
150 -110 0.000000
150 -105 0.000000
150 -100 0.000000
150 -95 0.000000
150 -90 0.000000
150 -85 0.000000
150 -80 0.000000
150 -75 0.000000
150 -70 0.000000
150 -65 0.000000
150 -60 0.002307
150 -55 0.005789
150 -50 0.010952
150 -45 0.016189
150 -40 0.018715
150 -35 0.016935
150 -30 0.012009
150 -25 0.006682
150 -20 0.002921
150 -15 0.000256
150 -10 0.000000
150 -5 0.000000
150 0 0.000000
150 5 0.000000
150 10 0.000000
150 15 0.000000
150 20 0.000000
150 25 0.000000
150 30 0.000000
150 35 0.000000
150 40 0.000000
150 45 0.000000
150 50 0.000000
150 55 0.000000
150 60 0.000000
150 65 0.000000
150 70 0.000000
150 75 0.000000
150 80 0.000000
150 85 0.000000
150 90 0.000000
150 95 0.000000
150 100 0.000000
150 105 0.000000
150 110 0.000000
150 115 0.000000
150 120 0.000000
150 125 0.000000
150 130 0.000000
150 135 0.000000
150 140 0.000000
150 145 0.000000
150 150 0.000000
150 155 0.000000
150 160 0.000000
150 165 0.000000
150 170 0.000000
150 175 0.000000
155 -180 0.000000
155 -175 0.000000
155 -170 0.000000
155 -165 0.000000
155 -160 0.000000
155 -155 0.000000
155 -150 0.000000
155 -145 0.000000
155 -140 0.000000
155 -135 0.000000
155 -130 0.000000
155 -125 0.000000
155 -120 0.000000
155 -115 0.000000
155 -110 0.000000
155 -105 0.000000
155 -100 0.000000
155 -95 0.000000
155 -90 0.000000
155 -85 0.000000
155 -80 0.000000
155 -75 0.000000
155 -70 0.000000
155 -65 0.000000
155 -60 0.001129
155 -55 0.002834
155 -50 0.005362
155 -45 0.007926
155 -40 0.009162
155 -35 0.008291
155 -30 0.005879
155 -25 0.003271
155 -20 0.001430
155 -15 0.000125
155 -10 0.000000
155 -5 0.000000
155 0 0.000000
155 5 0.000000
155 10 0.000000
155 15 0.000000
155 20 0.000000
155 25 0.000000
155 30 0.000000
155 35 0.000000
155 40 0.000000
155 45 0.000000
155 50 0.000000
155 55 0.000000
155 60 0.000000
155 65 0.000000
155 70 0.000000
155 75 0.000000
155 80 0.000000
155 85 0.000000
155 90 0.000000
155 95 0.000000
155 100 0.000000
155 105 0.000000
155 110 0.000000
155 115 0.000000
155 120 0.000000
155 125 0.000407
155 130 0.001043
155 135 0.001983
155 140 0.002951
155 145 0.003440
155 150 0.003144
155 155 0.002256
155 160 0.001274
155 165 0.000566
155 170 0.000066
155 175 0.000000
160 -180 0.003923
160 -175 0.002532
160 -170 0.001252
160 -165 0.000480
160 -160 0.000027
160 -155 0.000000
160 -150 0.000000
160 -145 0.000000
160 -140 0.000000
160 -135 0.000000
160 -130 0.000000
160 -125 0.000000
160 -120 0.000000
160 -115 0.000000
160 -110 0.000000
160 -105 0.000000
160 -100 0.000000
160 -95 0.000000
160 -90 0.000000
160 -85 0.000000
160 -80 0.000000
160 -75 0.000000
160 -70 0.000000
160 -65 0.000000
160 -60 0.000316
160 -55 0.000793
160 -50 0.001501
160 -45 0.002218
160 -40 0.002564
160 -35 0.002321
160 -30 0.001646
160 -25 0.000916
160 -20 0.000400
160 -15 0.000035
160 -10 0.000000
160 -5 0.000000
160 0 0.000000
160 5 0.000000
160 10 0.000000
160 15 0.000000
160 20 0.000000
160 25 0.000000
160 30 0.000000
160 35 0.000000
160 40 0.000000
160 45 0.000000
160 50 0.000000
160 55 0.000000
160 60 0.000000
160 65 0.000000
160 70 0.000000
160 75 0.000000
160 80 0.000000
160 85 0.000000
160 90 0.000000
160 95 0.000000
160 100 0.000000
160 105 0.000000
160 110 0.000000
160 115 0.000000
160 120 0.000000
160 125 0.001226
160 130 0.003141
160 135 0.005973
160 140 0.008889
160 145 0.010532
160 150 0.010014
160 155 0.008301
160 160 0.006578
160 165 0.005774
160 170 0.005141
160 175 0.004891
165 -180 0.022967
165 -175 0.016990
165 -170 0.010746
165 -165 0.005937
165 -160 0.002655
165 -155 0.001260
165 -150 0.000483
165 -145 0.000111
165 -140 0.000024
165 -135 0.000000
165 -130 0.000000
165 -125 0.000000
165 -120 0.000000
165 -115 0.000000
165 -110 0.000000
165 -105 0.000000
165 -100 0.000000
165 -95 0.000000
165 -90 0.000000
165 -85 0.000000
165 -80 0.000000
165 -75 0.000000
165 -70 0.000000
165 -65 0.000000
165 -60 0.000000
165 -55 0.000000
165 -50 0.000000
165 -45 0.000000
165 -40 0.000000
165 -35 0.000000
165 -30 0.000000
165 -25 0.000000
165 -20 0.000000
165 -15 0.000000
165 -10 0.000000
165 -5 0.000000
165 0 0.000000
165 5 0.000000
165 10 0.000000
165 15 0.000000
165 20 0.000000
165 25 0.000000
165 30 0.000000
165 35 0.000000
165 40 0.000000
165 45 0.000000
165 50 0.000000
165 55 0.000000
165 60 0.000000
165 65 0.000000
165 70 0.000000
165 75 0.000000
165 80 0.000000
165 85 0.000000
165 90 0.000000
165 95 0.000000
165 100 0.000000
165 105 0.000000
165 110 0.000000
165 115 0.000036
165 120 0.000187
165 125 0.002827
165 130 0.006909
165 135 0.012767
165 140 0.018617
165 145 0.022106
165 150 0.022101
165 155 0.021133
165 160 0.021373
165 165 0.024009
165 170 0.026091
165 175 0.026506
170 -180 0.071673
170 -175 0.056160
170 -170 0.040173
170 -165 0.026787
170 -160 0.016238
170 -155 0.009808
170 -150 0.004849
170 -145 0.001784
170 -140 0.000278
170 -135 0.000000
170 -130 0.000000
170 -125 0.000000
170 -120 0.000000
170 -115 0.000000
170 -110 0.000000
170 -105 0.000000
170 -100 0.000000
170 -95 0.000000
170 -90 0.000000
170 -85 0.000000
170 -80 0.000000
170 -75 0.000000
170 -70 0.000000
170 -65 0.000000
170 -60 0.000000
170 -55 0.000000
170 -50 0.000000
170 -45 0.000000
170 -40 0.000000
170 -35 0.000000
170 -30 0.000000
170 -25 0.000000
170 -20 0.000000
170 -15 0.000000
170 -10 0.000000
170 -5 0.000000
170 0 0.000000
170 5 0.000000
170 10 0.000000
170 15 0.000000
170 20 0.000000
170 25 0.000000
170 30 0.000000
170 35 0.000000
170 40 0.000000
170 45 0.000000
170 50 0.000153
170 55 0.000595
170 60 0.001234
170 65 0.002022
170 70 0.002622
170 75 0.002688
170 80 0.002210
170 85 0.001498
170 90 0.000915
170 95 0.000568
170 100 0.000426
170 105 0.000522
170 110 0.000822
170 115 0.001503
170 120 0.003180
170 125 0.008987
170 130 0.018029
170 135 0.029881
170 140 0.041330
170 145 0.048691
170 150 0.051110
170 155 0.053625
170 160 0.059427
170 165 0.070356
170 170 0.079304
170 175 0.080955
175 -180 0.176230
175 -175 0.139483
175 -170 0.101912
175 -165 0.069892
175 -160 0.043719
175 -155 0.026221
175 -150 0.012722
175 -145 0.004515
175 -140 0.000637
175 -135 0.000000
175 -130 0.000000
175 -125 0.000000
175 -120 0.000000
175 -115 0.000000
175 -110 0.000000
175 -105 0.000000
175 -100 0.000000
175 -95 0.000000
175 -90 0.000000
175 -85 0.000000
175 -80 0.000000
175 -75 0.000000
175 -70 0.000000
175 -65 0.000000
175 -60 0.000000
175 -55 0.000000
175 -50 0.000000
175 -45 0.000000
175 -40 0.000000
175 -35 0.000000
175 -30 0.000000
175 -25 0.000000
175 -20 0.000000
175 -15 0.000000
175 -10 0.000046
175 -5 0.000187
175 0 0.000632
175 5 0.001347
175 10 0.002220
175 15 0.002998
175 20 0.003301
175 25 0.002949
175 30 0.002124
175 35 0.001214
175 40 0.000541
175 45 0.000125
175 50 0.000521
175 55 0.002041
175 60 0.004234
175 65 0.006961
175 70 0.009050
175 75 0.009317
175 80 0.008039
175 85 0.006634
175 90 0.006291
175 95 0.007527
175 100 0.009679
175 105 0.011800
175 110 0.013295
175 115 0.014408
175 120 0.016956
175 125 0.024596
175 130 0.037902
175 135 0.055623
175 140 0.073501
175 145 0.089014
175 150 0.102189
175 155 0.120641
175 160 0.146380
175 165 0.178278
175 170 0.200497
175 175 0.200526
