-180 -180 0.263408
-180 -175 0.198420
-180 -170 0.133200
-180 -165 0.079304
-180 -160 0.041163
-180 -155 0.020269
-180 -150 0.009874
-180 -145 0.003862
-180 -140 0.001282
-180 -135 0.000365
-180 -130 0.000000
-180 -125 0.000000
-180 -120 0.000000
-180 -115 0.000000
-180 -110 0.000000
-180 -105 0.000000
-180 -100 0.000366
-180 -95 0.001246
-180 -90 0.002521
-180 -85 0.004032
-180 -80 0.005097
-180 -75 0.005097
-180 -70 0.004032
-180 -65 0.002521
-180 -60 0.001246
-180 -55 0.000366
-180 -50 0.000000
-180 -45 0.000000
-180 -40 0.000000
-180 -35 0.000000
-180 -30 0.000000
-180 -25 0.000000
-180 -20 0.000000
-180 -15 0.000000
-180 -10 0.000000
-180 -5 0.000000
-180 0 0.000000
-180 5 0.000000
-180 10 0.000000
-180 15 0.000000
-180 20 0.000000
-180 25 0.000000
-180 30 0.000000
-180 35 0.000000
-180 40 0.000000
-180 45 0.001592
-180 50 0.004218
-180 55 0.008367
-180 60 0.015029
-180 65 0.022290
-180 70 0.031809
-180 75 0.045554
-180 80 0.064005
-180 85 0.083723
-180 90 0.100286
-180 95 0.106908
-180 100 0.099764
-180 105 0.081770
-180 110 0.061699
-180 115 0.044263
-180 120 0.034412
-180 125 0.031962
-180 130 0.034533
-180 135 0.048072
-180 140 0.074858
-180 145 0.116837
-180 150 0.172341
-180 155 0.234097
-180 160 0.286825
-180 165 0.320263
-180 170 0.331272
-180 175 0.313470
-175 -180 0.485528
-175 -175 0.381525
-175 -170 0.268127
-175 -165 0.170727
-175 -160 0.098834
-175 -155 0.054215
-175 -150 0.029541
-175 -145 0.013844
-175 -140 0.005752
-175 -135 0.001952
-175 -130 0.000347
-175 -125 0.000149
-175 -120 0.000008
-175 -115 0.000000
-175 -110 0.000000
-175 -105 0.000000
-175 -100 0.000894
-175 -95 0.003040
-175 -90 0.006468
-175 -85 0.010600
-175 -80 0.013864
-175 -75 0.014518
-175 -70 0.012204
-175 -65 0.008250
-175 -60 0.004520
-175 -55 0.002101
-175 -50 0.001309
-175 -45 0.001779
-175 -40 0.002516
-175 -35 0.002794
-175 -30 0.002427
-175 -25 0.001662
-175 -20 0.000925
-175 -15 0.000456
-175 -10 0.000630
-175 -5 0.001870
-175 0 0.004416
-175 5 0.007620
-175 10 0.010806
-175 15 0.012536
-175 20 0.012378
-175 25 0.010755
-175 30 0.008982
-175 35 0.007959
-175 40 0.007527
-175 45 0.011225
-175 50 0.017601
-175 55 0.028844
-175 60 0.046417
-175 65 0.065187
-175 70 0.085398
-175 75 0.108834
-175 80 0.137183
-175 85 0.167316
-175 90 0.193532
-175 95 0.207569
-175 100 0.201475
-175 105 0.177715
-175 110 0.149023
-175 115 0.121934
-175 120 0.106477
-175 125 0.102695
-175 130 0.105095
-175 135 0.120625
-175 140 0.152043
-175 145 0.205315
-175 150 0.280102
-175 155 0.370125
-175 160 0.460270
-175 165 0.529622
-175 170 0.567238
-175 175 0.555850
-170 -180 0.774567
-170 -175 0.630655
-170 -170 0.460403
-170 -165 0.307365
-170 -160 0.189878
-170 -155 0.110181
-170 -150 0.063936
-170 -145 0.033730
-170 -140 0.016499
-170 -135 0.007101
-170 -130 0.002412
-170 -125 0.001036
-170 -120 0.000057
-170 -115 0.000000
-170 -110 0.000000
-170 -105 0.000000
-170 -100 0.001679
-170 -95 0.005910
-170 -90 0.013589
-170 -85 0.023125
-170 -80 0.031682
-170 -75 0.035069
-170 -70 0.031405
-170 -65 0.022746
-170 -60 0.013400
-170 -55 0.007150
-170 -50 0.004936
-170 -45 0.006051
-170 -40 0.008550
-170 -35 0.009497
-170 -30 0.008249
-170 -25 0.006002
-170 -20 0.004337
-170 -15 0.004147
-170 -10 0.006370
-170 -5 0.011785
-170 0 0.020388
-170 5 0.029874
-170 10 0.038552
-170 15 0.042536
-170 20 0.040702
-170 25 0.034766
-170 30 0.029019
-170 35 0.026020
-170 40 0.025652
-170 45 0.034204
-170 50 0.048601
-170 55 0.073507
-170 60 0.110567
-170 65 0.148994
-170 70 0.185114
-170 75 0.220695
-170 80 0.260145
-170 85 0.302825
-170 90 0.342407
-170 95 0.369820
-170 100 0.369655
-170 105 0.341910
-170 110 0.302577
-170 115 0.261085
-170 120 0.234828
-170 125 0.226091
-170 130 0.225131
-170 135 0.239057
-170 140 0.270415
-170 145 0.331017
-170 150 0.422635
-170 155 0.539390
-170 160 0.670770
-170 165 0.783000
-170 170 0.856050
-170 175 0.859903
-165 -180 1.090500
-165 -175 0.917802
-165 -170 0.694967
-165 -165 0.484057
-165 -160 0.314735
-165 -155 0.189865
-165 -150 0.113400
-165 -145 0.062608
-165 -140 0.031709
-165 -135 0.014121
-165 -130 0.005345
-165 -125 0.002295
-165 -120 0.000127
-165 -115 0.000000
-165 -110 0.000000
-165 -105 0.000000
-165 -100 0.002458
-165 -95 0.008914
-165 -90 0.021698
-165 -85 0.037862
-165 -80 0.053392
-165 -75 0.061003
-165 -70 0.056463
-165 -65 0.042244
-165 -60 0.025666
-165 -55 0.014423
-165 -50 0.010302
-165 -45 0.012249
-165 -40 0.017309
-165 -35 0.019225
-165 -30 0.016698
-165 -25 0.012452
-165 -20 0.009894
-165 -15 0.010996
-165 -10 0.017534
-165 -5 0.030594
-165 0 0.050023
-165 5 0.070964
-165 10 0.089954
-165 15 0.099330
-165 20 0.096167
-165 25 0.083741
-165 30 0.070708
-165 35 0.063154
-165 40 0.062001
-165 45 0.076688
-165 50 0.101891
-165 55 0.146177
-165 60 0.210180
-165 65 0.274942
-165 70 0.329518
-165 75 0.375793
-165 80 0.422530
-165 85 0.475570
-165 90 0.530118
-165 95 0.578052
-165 100 0.592013
-165 105 0.566523
-165 110 0.519068
-165 115 0.461450
-165 120 0.419122
-165 125 0.399202
-165 130 0.387910
-165 135 0.392160
-165 140 0.414420
-165 145 0.472633
-165 150 0.571337
-165 155 0.704272
-165 160 0.871950
-165 165 1.028012
-165 170 1.143195
-165 175 1.175372
-160 -180 1.387975
-160 -175 1.203015
-160 -170 0.939628
-160 -165 0.676160
-160 -160 0.454423
-160 -155 0.280250
-160 -150 0.169506
-160 -145 0.095989
-160 -140 0.049500
-160 -135 0.022637
-160 -130 0.009343
-160 -125 0.004012
-160 -120 0.000222
-160 -115 0.000011
-160 -110 0.000107
-160 -105 0.000243
-160 -100 0.003240
-160 -95 0.011232
-160 -90 0.028500
-160 -85 0.050597
-160 -80 0.073222
-160 -75 0.086218
-160 -70 0.082297
-160 -65 0.063369
-160 -60 0.039534
-160 -55 0.023125
-160 -50 0.016889
-160 -45 0.019589
-160 -40 0.027678
-160 -35 0.030742
-160 -30 0.026702
-160 -25 0.020409
-160 -20 0.018186
-160 -15 0.024220
-160 -10 0.040642
-160 -5 0.068335
-160 0 0.105674
-160 5 0.143514
-160 10 0.175787
-160 15 0.191843
-160 20 0.187359
-160 25 0.166609
-160 30 0.142957
-160 35 0.127704
-160 40 0.122935
-160 45 0.140726
-160 50 0.174088
-160 55 0.236689
-160 60 0.328248
-160 65 0.421242
-160 70 0.495730
-160 75 0.553785
-160 80 0.608413
-160 85 0.672872
-160 90 0.744533
-160 95 0.818303
-160 100 0.852677
-160 105 0.833345
-160 110 0.778672
-160 115 0.702333
-160 120 0.635610
-160 125 0.593985
-160 130 0.564053
-160 135 0.554300
-160 140 0.565240
-160 145 0.618990
-160 150 0.719305
-160 155 0.855890
-160 160 1.044558
-160 165 1.233260
-160 170 1.387370
-160 175 1.456087
-155 -180 1.601190
-155 -175 1.423030
-155 -170 1.139652
-155 -165 0.839047
-155 -160 0.573275
-155 -155 0.355660
-155 -150 0.214038
-155 -145 0.121826
-155 -140 0.062800
-155 -135 0.029132
-155 -130 0.012866
-155 -125 0.005525
-155 -120 0.000306
-155 -115 0.000107
-155 -110 0.001041
-155 -105 0.002362
-155 -100 0.006844
-155 -95 0.016602
-155 -90 0.037113
-155 -85 0.062440
-155 -80 0.089299
-155 -75 0.106203
-155 -70 0.103256
-155 -65 0.080927
-155 -60 0.051964
-155 -55 0.031890
-155 -50 0.024464
-155 -45 0.028173
-155 -40 0.038978
-155 -35 0.042526
-155 -30 0.036400
-155 -25 0.028005
-155 -20 0.026990
-155 -15 0.041268
-155 -10 0.073043
-155 -5 0.123861
-155 0 0.188481
-155 5 0.252225
-155 10 0.303195
-155 15 0.327797
-155 20 0.320410
-155 25 0.286822
-155 30 0.245706
-155 35 0.215922
-155 40 0.200504
-155 45 0.214068
-155 50 0.248211
-155 55 0.322333
-155 60 0.434320
-155 65 0.550225
-155 70 0.641605
-155 75 0.710897
-155 80 0.772550
-155 85 0.848695
-155 90 0.938708
-155 95 1.041723
-155 100 1.102315
-155 105 1.095525
-155 110 1.036725
-155 115 0.938823
-155 120 0.836242
-155 125 0.758280
-155 130 0.697690
-155 135 0.670130
-155 140 0.671740
-155 145 0.725313
-155 150 0.827770
-155 155 0.961410
-155 160 1.153720
-155 165 1.356360
-155 170 1.536075
-155 175 1.640537
-150 -180 1.673220
-150 -175 1.520315
-150 -170 1.244093
-150 -165 0.932467
-150 -160 0.641740
-150 -155 0.396647
-150 -150 0.233876
-150 -145 0.130699
-150 -140 0.065444
-150 -135 0.029956
-150 -130 0.013936
-150 -125 0.005985
-150 -120 0.000331
-150 -115 0.000243
-150 -110 0.002362
-150 -105 0.005357
-150 -100 0.012059
-150 -95 0.023973
-150 -90 0.046408
-150 -85 0.072384
-150 -80 0.099670
-150 -75 0.117003
-150 -70 0.113657
-150 -65 0.089190
-150 -60 0.058425
-150 -55 0.037061
-150 -50 0.029727
-150 -45 0.034263
-150 -40 0.046102
-150 -35 0.049326
-150 -30 0.042063
-150 -25 0.033796
-150 -20 0.037015
-150 -15 0.064030
-150 -10 0.116437
-150 -5 0.197852
-150 0 0.298015
-150 5 0.396643
-150 10 0.472690
-150 15 0.511027
-150 20 0.504725
-150 25 0.460002
-150 30 0.399612
-150 35 0.349300
-150 40 0.310610
-150 45 0.301243
-150 50 0.316170
-150 55 0.383300
-150 60 0.500815
-150 65 0.633130
-150 70 0.743452
-150 75 0.829265
-150 80 0.898975
-150 85 0.982882
-150 90 1.084390
-150 95 1.212603
-150 100 1.305198
-150 105 1.323810
-150 110 1.273108
-150 115 1.157485
-150 120 1.010045
-150 125 0.878383
-150 130 0.770798
-150 135 0.718812
-150 140 0.712562
-150 145 0.771645
-150 150 0.877862
-150 155 1.003025
-150 160 1.178460
-150 165 1.369045
-150 170 1.551425
-150 175 1.679582
-145 -180 1.590992
-145 -175 1.470990
-145 -170 1.225143
-145 -165 0.931067
-145 -160 0.641732
-145 -155 0.393022
-145 -150 0.223984
-145 -145 0.119762
-145 -140 0.056255
-145 -135 0.024497
-145 -130 0.011857
-145 -125 0.005092
-145 -120 0.000282
-145 -115 0.000433
-145 -110 0.004214
-145 -105 0.009558
-145 -100 0.019660
-145 -95 0.034732
-145 -90 0.057947
-145 -85 0.081835
-145 -80 0.104929
-145 -75 0.117963
-145 -70 0.111795
-145 -65 0.086117
-145 -60 0.057340
-145 -55 0.037708
-145 -50 0.032334
-145 -45 0.038031
-145 -40 0.049257
-145 -35 0.051411
-145 -30 0.043991
-145 -25 0.038287
-145 -20 0.049053
-145 -15 0.094189
-145 -10 0.174227
-145 -5 0.296545
-145 0 0.442428
-145 5 0.585780
-145 10 0.692380
-145 15 0.746503
-145 20 0.741835
-145 25 0.685272
-145 30 0.601768
-145 35 0.522643
-145 40 0.445295
-145 45 0.392647
-145 50 0.365865
-145 55 0.402982
-145 60 0.504993
-145 65 0.640278
-145 70 0.767430
-145 75 0.874495
-145 80 0.957858
-145 85 1.053127
-145 90 1.166890
-145 95 1.321815
-145 100 1.455618
-145 105 1.513092
-145 110 1.482328
-145 115 1.353740
-145 120 1.157353
-145 125 0.959635
-145 130 0.791458
-145 135 0.706695
-145 140 0.688590
-145 145 0.752888
-145 150 0.863433
-145 155 0.979522
-145 160 1.126467
-145 165 1.285820
-145 170 1.447190
-145 175 1.575535
-140 -180 1.384313
-140 -175 1.285297
-140 -170 1.077485
-140 -165 0.822710
-140 -160 0.563975
-140 -155 0.341133
-140 -150 0.186571
-140 -145 0.093784
-140 -140 0.040085
-140 -135 0.015866
-140 -130 0.007913
-140 -125 0.003398
-140 -120 0.000188
-140 -115 0.000607
-140 -110 0.005907
-140 -105 0.013397
-140 -100 0.027169
-140 -95 0.045997
-140 -90 0.070115
-140 -85 0.091870
-140 -80 0.109491
-140 -75 0.115921
-140 -70 0.104982
-140 -65 0.077799
-140 -60 0.052284
-140 -55 0.035788
-140 -50 0.034139
-140 -45 0.042701
-140 -40 0.054648
-140 -35 0.058176
-140 -30 0.053835
-140 -25 0.054217
-140 -20 0.075430
-140 -15 0.142708
-140 -10 0.256965
-140 -5 0.431178
-140 0 0.636058
-140 5 0.836728
-140 10 0.981223
-140 15 1.050640
-140 20 1.042013
-140 25 0.967507
-140 30 0.855035
-140 35 0.738498
-140 40 0.608142
-140 45 0.494163
-140 50 0.407235
-140 55 0.396695
-140 60 0.469645
-140 65 0.600640
-140 70 0.746557
-140 75 0.879767
-140 80 0.982313
-140 85 1.092688
-140 90 1.218178
-140 95 1.396485
-140 100 1.569602
-140 105 1.667025
-140 110 1.657865
-140 115 1.518825
-140 120 1.278970
-140 125 1.018480
-140 130 0.789940
-140 135 0.669787
-140 140 0.633613
-140 145 0.697290
-140 150 0.810463
-140 155 0.921742
-140 160 1.040340
-140 165 1.160160
-140 170 1.279835
-140 175 1.376020
-135 -180 1.153288
-135 -175 1.059427
-135 -170 0.883572
-135 -165 0.670708
-135 -160 0.452813
-135 -155 0.268498
-135 -150 0.138958
-135 -145 0.063585
-135 -140 0.023562
-135 -135 0.007998
-135 -130 0.004137
-135 -125 0.001777
-135 -120 0.000098
-135 -115 0.000667
-135 -110 0.006601
-135 -105 0.015323
-135 -100 0.031480
-135 -95 0.053132
-135 -90 0.078482
-135 -85 0.099513
-135 -80 0.113526
-135 -75 0.114833
-135 -70 0.099829
-135 -65 0.071570
-135 -60 0.048530
-135 -55 0.035173
-135 -50 0.038366
-135 -45 0.051906
-135 -40 0.068148
-135 -35 0.077794
-135 -30 0.081526
-135 -25 0.092698
-135 -20 0.128824
-135 -15 0.222666
-135 -10 0.376035
-135 -5 0.606855
-135 0 0.879193
-135 5 1.148678
-135 10 1.348907
-135 15 1.451220
-135 20 1.450485
-135 25 1.358518
-135 30 1.204257
-135 35 1.026128
-135 40 0.816577
-135 45 0.620980
-135 50 0.463705
-135 55 0.399482
-135 60 0.441183
-135 65 0.562775
-135 70 0.722213
-135 75 0.875617
-135 80 0.996132
-135 85 1.122865
-135 90 1.258808
-135 95 1.452252
-135 100 1.651892
-135 105 1.776640
-135 110 1.782082
-135 115 1.636032
-135 120 1.369103
-135 125 1.065298
-135 130 0.791770
-135 135 0.640970
-135 140 0.582540
-135 145 0.635808
-135 150 0.747372
-135 155 0.859575
-135 160 0.960615
-135 165 1.049117
-135 170 1.125220
-135 175 1.173400
-130 -180 0.971065
-130 -175 0.871278
-130 -170 0.716702
-130 -165 0.537883
-130 -160 0.356675
-130 -155 0.207689
-130 -150 0.101337
-130 -145 0.040822
-130 -140 0.012313
-130 -135 0.003060
-130 -130 0.001580
-130 -125 0.000679
-130 -120 0.000038
-130 -115 0.000575
-130 -110 0.005928
-130 -105 0.014539
-130 -100 0.030831
-130 -95 0.053238
-130 -90 0.079153
-130 -85 0.100308
-130 -80 0.112749
-130 -75 0.111660
-130 -70 0.095424
-130 -65 0.069153
-130 -60 0.049945
-130 -55 0.042279
-130 -50 0.053625
-130 -45 0.076416
-130 -40 0.103532
-130 -35 0.126937
-130 -30 0.144808
-130 -25 0.171888
-130 -20 0.228602
-130 -15 0.357353
-130 -10 0.563525
-130 -5 0.866255
-130 0 1.224133
-130 5 1.575405
-130 10 1.840495
-130 15 1.974183
-130 20 1.966477
-130 25 1.831560
-130 30 1.603957
-130 35 1.333503
-130 40 1.027513
-130 45 0.746640
-130 50 0.526147
-130 55 0.413100
-130 60 0.422922
-130 65 0.524123
-130 70 0.682145
-130 75 0.843832
-130 80 0.981887
-130 85 1.130875
-130 90 1.283175
-130 95 1.485310
-130 100 1.694200
-130 105 1.826925
-130 110 1.836588
-130 115 1.692487
-130 120 1.427453
-130 125 1.114675
-130 130 0.822727
-130 135 0.649825
-130 140 0.566677
-130 145 0.600527
-130 150 0.706785
-130 155 0.825675
-130 160 0.921615
-130 165 0.991105
-130 170 1.029960
-130 175 1.027945
-125 -180 0.890833
-125 -175 0.775393
-125 -170 0.625185
-125 -165 0.462125
-125 -160 0.301328
-125 -155 0.173358
-125 -150 0.080944
-125 -145 0.028599
-125 -140 0.006550
-125 -135 0.000417
-125 -130 0.000000
-125 -125 0.000000
-125 -120 0.000000
-125 -115 0.000388
-125 -110 0.004434
-125 -105 0.012236
-125 -100 0.026775
-125 -95 0.047688
-125 -90 0.072989
-125 -85 0.094053
-125 -80 0.106608
-125 -75 0.106522
-125 -70 0.092745
-125 -65 0.071457
-125 -60 0.057117
-125 -55 0.058409
-125 -50 0.082672
-125 -45 0.122935
-125 -40 0.173953
-125 -35 0.225462
-125 -30 0.270738
-125 -25 0.325040
-125 -20 0.413910
-125 -15 0.590340
-125 -10 0.872610
-125 -5 1.276377
-125 0 1.757070
-125 5 2.219458
-125 10 2.564100
-125 15 2.716025
-125 20 2.659275
-125 25 2.419412
-125 30 2.053520
-125 35 1.637995
-125 40 1.214050
-125 45 0.848278
-125 50 0.580400
-125 55 0.432495
-125 60 0.415455
-125 65 0.486907
-125 70 0.624515
-125 75 0.778070
-125 80 0.930380
-125 85 1.109742
-125 90 1.294328
-125 95 1.512143
-125 100 1.722238
-125 105 1.845385
-125 110 1.843532
-125 115 1.701123
-125 120 1.455432
-125 125 1.163263
-125 130 0.883915
-125 135 0.706668
-125 140 0.609038
-125 145 0.622928
-125 150 0.720335
-125 155 0.845005
-125 160 0.942510
-125 165 1.005422
-125 170 1.020657
-125 175 0.980475
-120 -180 0.906718
-120 -175 0.769657
-120 -170 0.608557
-120 -165 0.442710
-120 -160 0.284602
-120 -155 0.163461
-120 -150 0.075859
-120 -145 0.026602
-120 -140 0.006785
-120 -135 0.000766
-120 -130 0.000000
-120 -125 0.000000
-120 -120 0.000000
-120 -115 0.000204
-120 -110 0.003027
-120 -105 0.010288
-120 -100 0.022920
-120 -95 0.042037
-120 -90 0.066857
-120 -85 0.088023
-120 -80 0.101793
-120 -75 0.104854
-120 -70 0.096068
-120 -65 0.082214
-120 -60 0.075715
-120 -55 0.093016
-120 -50 0.139861
-120 -45 0.211610
-120 -40 0.303340
-120 -35 0.399018
-120 -30 0.485425
-120 -25 0.578945
-120 -20 0.715120
-120 -15 0.961295
-120 -10 1.355498
-120 -5 1.905305
-120 0 2.554200
-120 5 3.154175
-120 10 3.571325
-120 15 3.693400
-120 20 3.508300
-120 25 3.074550
-120 30 2.497173
-120 35 1.893075
-120 40 1.343482
-120 45 0.905527
-120 50 0.612127
-120 55 0.446767
-120 60 0.409873
-120 65 0.448750
-120 70 0.555075
-120 75 0.692708
-120 80 0.861605
-120 85 1.085603
-120 90 1.327800
-120 95 1.583198
-120 100 1.806100
-120 105 1.917125
-120 110 1.890845
-120 115 1.737160
-120 120 1.502778
-120 125 1.233545
-120 130 0.978262
-120 135 0.808030
-120 140 0.709047
-120 145 0.709850
-120 150 0.800345
-120 155 0.928730
-120 160 1.027517
-120 165 1.088338
-120 170 1.088950
-120 175 1.021942
-115 -180 1.004002
-115 -175 0.850050
-115 -170 0.670177
-115 -165 0.484500
-115 -160 0.308358
-115 -155 0.176086
-115 -150 0.081350
-115 -145 0.028934
-115 -140 0.008128
-115 -135 0.001101
-115 -130 0.000630
-115 -125 0.001615
-115 -120 0.003071
-115 -115 0.004651
-115 -110 0.007398
-115 -105 0.013811
-115 -100 0.023428
-115 -95 0.039271
-115 -90 0.062273
-115 -85 0.082513
-115 -80 0.097754
-115 -75 0.105131
-115 -70 0.104611
-115 -65 0.103497
-115 -60 0.114759
-115 -55 0.163646
-115 -50 0.253073
-115 -45 0.381765
-115 -40 0.540730
-115 -35 0.703892
-115 -30 0.847615
-115 -25 0.990455
-115 -20 1.189588
-115 -15 1.538542
-115 -10 2.105265
-115 -5 2.882825
-115 0 3.769400
-115 5 4.529850
-115 10 4.967600
-115 15 4.943375
-115 20 4.485175
-115 25 3.729800
-115 30 2.863350
-115 35 2.048342
-115 40 1.389565
-115 45 0.910842
-115 50 0.620185
-115 55 0.460520
-115 60 0.417442
-115 65 0.434630
-115 70 0.513730
-115 75 0.641607
-115 80 0.833303
-115 85 1.114592
-115 90 1.437433
-115 95 1.760215
-115 100 2.024955
-115 105 2.142685
-115 110 2.093200
-115 115 1.912288
-115 120 1.658083
-115 125 1.382993
-115 130 1.131007
-115 135 0.956813
-115 140 0.855425
-115 145 0.842637
-115 150 0.921463
-115 155 1.045092
-115 160 1.140658
-115 165 1.201547
-115 170 1.199803
-115 175 1.126193
-110 -180 1.173642
-110 -175 1.006223
-110 -170 0.798452
-110 -165 0.575290
-110 -160 0.361470
-110 -155 0.202690
-110 -150 0.091497
-110 -145 0.032257
-110 -140 0.009167
-110 -135 0.001235
-110 -130 0.001538
-110 -125 0.003941
-110 -120 0.007495
-110 -115 0.011153
-110 -110 0.014261
-110 -105 0.018903
-110 -100 0.024217
-110 -95 0.034882
-110 -90 0.054193
-110 -85 0.072772
-110 -80 0.090550
-110 -75 0.104108
-110 -70 0.115275
-110 -65 0.132114
-110 -60 0.169367
-110 -55 0.261465
-110 -50 0.408290
-110 -45 0.613598
-110 -40 0.859325
-110 -35 1.109895
-110 -30 1.332530
-110 -25 1.551693
-110 -20 1.857825
-110 -15 2.377605
-110 -10 3.203100
-110 -5 4.290425
-110 0 5.444875
-110 5 6.319850
-110 10 6.645350
-110 15 6.298550
-110 20 5.407600
-110 25 4.232875
-110 30 3.056050
-110 35 2.064577
-110 40 1.349940
-110 45 0.877402
-110 50 0.618117
-110 55 0.488117
-110 60 0.461458
-110 65 0.487223
-110 70 0.569595
-110 75 0.715792
-110 80 0.948318
-110 85 1.297702
-110 90 1.714917
-110 95 2.129250
-110 100 2.465857
-110 105 2.612750
-110 110 2.542700
-110 115 2.310847
-110 120 1.986610
-110 125 1.648433
-110 130 1.354225
-110 135 1.152033
-110 140 1.043170
-110 145 1.021287
-110 150 1.090145
-110 155 1.202630
-110 160 1.287775
-110 165 1.347098
-110 170 1.352012
-110 175 1.288280
-105 -180 1.443660
-105 -175 1.260352
-105 -170 1.009047
-105 -165 0.722982
-105 -160 0.446060
-105 -155 0.241446
-105 -150 0.102918
-105 -145 0.033589
-105 -140 0.008569
-105 -135 0.001082
-105 -130 0.002888
-105 -125 0.007398
-105 -120 0.014070
-105 -115 0.020938
-105 -110 0.025382
-105 -105 0.027748
-105 -100 0.027821
-105 -95 0.031627
-105 -90 0.044832
-105 -85 0.059656
-105 -80 0.080024
-105 -75 0.102180
-105 -70 0.131359
-105 -65 0.175757
-105 -60 0.252142
-105 -55 0.400455
-105 -50 0.618620
-105 -45 0.916720
-105 -40 1.264690
-105 -35 1.618945
-105 -30 1.943325
-105 -25 2.273597
-105 -20 2.742275
-105 -15 3.514150
-105 -10 4.673675
-105 -5 6.108525
-105 0 7.482200
-105 5 8.336900
-105 10 8.354575
-105 15 7.498275
-105 20 6.060925
-105 25 4.447575
-105 30 3.011750
-105 35 1.930805
-105 40 1.234538
-105 45 0.822627
-105 50 0.626895
-105 55 0.558503
-105 60 0.587878
-105 65 0.673682
-105 70 0.816113
-105 75 1.030973
-105 80 1.336495
-105 85 1.761695
-105 90 2.264003
-105 95 2.756850
-105 100 3.155550
-105 105 3.324500
-105 110 3.221400
-105 115 2.909050
-105 120 2.468090
-105 125 2.011068
-105 130 1.625668
-105 135 1.366105
-105 140 1.238328
-105 145 1.210075
-105 150 1.277248
-105 155 1.389018
-105 160 1.477930
-105 165 1.551553
-105 170 1.581282
-105 175 1.543482
-100 -180 1.806790
-100 -175 1.602115
-100 -170 1.293840
-100 -165 0.924970
-100 -160 0.565117
-100 -155 0.297615
-100 -150 0.120564
-100 -145 0.035568
-100 -140 0.007568
-100 -135 0.000860
-100 -130 0.004228
-100 -125 0.010830
-100 -120 0.020599
-100 -115 0.030653
-100 -110 0.036327
-100 -105 0.035992
-100 -100 0.030680
-100 -95 0.027425
-100 -90 0.034165
-100 -85 0.045310
-100 -80 0.069352
-100 -75 0.102132
-100 -70 0.152793
-100 -65 0.230033
-100 -60 0.354135
-100 -55 0.567345
-100 -50 0.870165
-100 -45 1.275675
-100 -40 1.737470
-100 -35 2.207530
-100 -30 2.649975
-100 -25 3.118925
-100 -20 3.791150
-100 -15 4.858250
-100 -10 6.353575
-100 -5 8.069500
-100 0 9.517450
-100 5 10.163700
-100 10 9.698850
-100 15 8.241050
-100 20 6.272600
-100 25 4.317325
-100 30 2.747025
-100 35 1.689640
-100 40 1.080458
-100 45 0.765780
-100 50 0.654370
-100 55 0.676860
-100 60 0.808388
-100 65 1.014725
-100 70 1.283417
-100 75 1.616407
-100 80 2.012985
-100 85 2.492758
-100 90 3.035100
-100 95 3.555600
-100 100 3.978650
-100 105 4.156475
-100 110 4.023250
-100 115 3.631225
-100 120 3.064700
-100 125 2.465415
-100 130 1.961148
-100 135 1.626123
-100 140 1.474773
-100 145 1.447658
-100 150 1.524500
-100 155 1.646750
-100 160 1.748475
-100 165 1.843468
-100 170 1.904493
-100 175 1.895497
-95 -180 2.229655
-95 -175 1.981795
-95 -170 1.601098
-95 -165 1.140192
-95 -160 0.694832
-95 -155 0.361868
-95 -150 0.143732
-95 -145 0.040397
-95 -140 0.007726
-95 -135 0.000899
-95 -130 0.004829
-95 -125 0.012369
-95 -120 0.023526
-95 -115 0.035009
-95 -110 0.041095
-95 -105 0.038913
-95 -100 0.030279
-95 -95 0.022248
-95 -90 0.023836
-95 -85 0.031958
-95 -80 0.059789
-95 -75 0.104148
-95 -70 0.177583
-95 -65 0.289375
-95 -60 0.463890
-95 -55 0.741545
-95 -50 1.130653
-95 -45 1.642767
-95 -40 2.218263
-95 -35 2.811600
-95 -30 3.396000
-95 -25 4.044725
-95 -20 4.958200
-95 -15 6.315475
-95 -10 8.050025
-95 -5 9.847475
-95 0 11.118300
-95 5 11.335275
-95 10 10.282875
-95 15 8.269700
-95 20 5.931525
-95 25 3.834750
-95 30 2.297648
-95 35 1.371878
-95 40 0.899830
-95 45 0.701418
-95 50 0.687170
-95 55 0.818685
-95 60 1.081535
-95 65 1.442173
-95 70 1.871790
-95 75 2.339595
-95 80 2.816950
-95 85 3.303750
-95 90 3.816225
-95 95 4.289925
-95 100 4.684625
-95 105 4.860100
-95 110 4.728175
-95 115 4.305750
-95 120 3.667425
-95 125 2.967375
-95 130 2.375227
-95 135 1.987472
-95 140 1.834455
-95 145 1.826925
-95 150 1.923202
-95 155 2.053690
-95 160 2.160050
-95 165 2.263485
-95 170 2.337740
-95 175 2.333988
-90 -180 2.589175
-90 -175 2.278890
-90 -170 1.824242
-90 -165 1.285688
-90 -160 0.780465
-90 -155 0.403285
-90 -150 0.158986
-90 -145 0.044683
-90 -140 0.008923
-90 -135 0.001219
-90 -130 0.004304
-90 -125 0.011026
-90 -120 0.020971
-90 -115 0.031207
-90 -110 0.036450
-90 -105 0.033672
-90 -100 0.024788
-90 -95 0.015574
-90 -90 0.014408
-90 -85 0.020601
-90 -80 0.050677
-90 -75 0.104032
-90 -70 0.195260
-90 -65 0.333995
-90 -60 0.552883
-90 -55 0.889253
-90 -50 1.363640
-90 -45 1.986052
-90 -40 2.690200
-90 -35 3.442350
-90 -30 4.223125
-90 -25 5.108625
-90 -20 6.272300
-90 -15 7.815450
-90 -10 9.548275
-90 -5 11.090500
-90 0 11.873600
-90 5 11.488950
-90 10 9.875750
-90 15 7.503425
-90 20 5.061000
-90 25 3.061875
-90 30 1.717375
-90 35 0.999978
-90 40 0.689072
-90 45 0.605270
-90 50 0.682640
-90 55 0.914660
-90 60 1.301055
-90 65 1.804272
-90 70 2.380078
-90 75 2.955325
-90 80 3.471000
-90 85 3.907125
-90 90 4.329875
-90 95 4.706800
-90 100 5.048200
-90 105 5.235700
-90 110 5.160775
-90 115 4.785975
-90 120 4.169850
-90 125 3.468025
-90 130 2.881150
-90 135 2.517825
-90 140 2.419925
-90 145 2.461978
-90 150 2.574100
-90 155 2.673975
-90 160 2.727825
-90 165 2.775150
-90 170 2.798850
-90 175 2.747525
-85 -180 2.768200
-85 -175 2.382215
-85 -170 1.872268
-85 -165 1.297378
-85 -160 0.782197
-85 -155 0.401277
-85 -150 0.157830
-85 -145 0.045608
-85 -140 0.010438
-85 -135 0.001752
-85 -130 0.002996
-85 -125 0.007675
-85 -120 0.014597
-85 -115 0.021723
-85 -110 0.025319
-85 -105 0.023141
-85 -100 0.016608
-85 -95 0.009592
-85 -90 0.008554
-85 -85 0.014501
-85 -80 0.044541
-85 -75 0.101402
-85 -70 0.199982
-85 -65 0.352900
-85 -60 0.609045
-85 -55 1.006168
-85 -50 1.581485
-85 -45 2.345178
-85 -40 3.231875
-85 -35 4.215475
-85 -30 5.262225
-85 -25 6.412125
-85 -20 7.743700
-85 -15 9.228450
-85 -10 10.591850
-85 -5 11.490050
-85 0 11.527650
-85 5 10.505100
-85 10 8.523600
-85 15 6.113975
-85 20 3.881025
-85 25 2.198773
-85 30 1.153103
-85 35 0.660872
-85 40 0.489053
-85 45 0.485133
-85 50 0.618467
-85 55 0.904705
-85 60 1.357000
-85 65 1.933103
-85 70 2.578250
-85 75 3.185750
-85 80 3.674875
-85 85 4.016350
-85 90 4.324750
-85 95 4.602300
-85 100 4.906825
-85 105 5.145900
-85 110 5.196875
-85 115 4.965650
-85 120 4.496250
-85 125 3.939625
-85 130 3.506175
-85 135 3.291175
-85 140 3.328800
-85 145 3.447875
-85 150 3.548025
-85 155 3.541725
-85 160 3.444325
-85 165 3.329050
-85 170 3.203325
-85 175 3.026675
-80 -180 2.666175
-80 -175 2.218790
-80 -170 1.698910
-80 -165 1.151828
-80 -160 0.689018
-80 -155 0.352017
-80 -150 0.139539
-80 -145 0.042508
-80 -140 0.011659
-80 -135 0.002295
-80 -130 0.001630
-80 -125 0.004175
-80 -120 0.007940
-80 -115 0.011816
-80 -110 0.013772
-80 -105 0.012587
-80 -100 0.009034
-80 -95 0.005124
-80 -90 0.004723
-80 -85 0.010089
-80 -80 0.035939
-80 -75 0.088276
-80 -70 0.182914
-80 -65 0.339662
-80 -60 0.631798
-80 -55 1.106360
-80 -50 1.816600
-80 -45 2.774275
-80 -40 3.907525
-80 -35 5.180300
-80 -30 6.510475
-80 -25 7.865175
-80 -20 9.190775
-80 -15 10.325225
-80 -10 10.988675
-80 -5 10.984975
-80 0 10.191075
-80 5 8.649300
-80 10 6.569100
-80 15 4.426800
-80 20 2.634450
-80 25 1.389143
-80 30 0.673235
-80 35 0.381860
-80 40 0.311275
-80 45 0.349483
-80 50 0.493718
-80 55 0.769127
-80 60 1.197567
-80 65 1.739967
-80 70 2.341158
-80 75 2.885625
-80 80 3.287475
-80 85 3.521000
-80 90 3.729650
-80 95 3.943325
-80 100 4.249875
-80 105 4.582300
-80 110 4.818775
-80 115 4.824100
-80 120 4.633175
-80 125 4.381625
-80 130 4.252625
-80 135 4.301275
-80 140 4.524700
-80 145 4.707525
-80 150 4.727425
-80 155 4.512175
-80 160 4.153050
-80 165 3.767600
-80 170 3.405025
-80 175 3.046500
-75 -180 2.285758
-75 -175 1.812193
-75 -170 1.336805
-75 -165 0.879947
-75 -160 0.520180
-75 -155 0.264005
-75 -150 0.105794
-75 -145 0.034009
-75 -140 0.010836
-75 -135 0.002377
-75 -130 0.000693
-75 -125 0.001776
-75 -120 0.003378
-75 -115 0.005027
-75 -110 0.005859
-75 -105 0.005355
-75 -100 0.003843
-75 -95 0.002169
-75 -90 0.002297
-75 -85 0.007053
-75 -80 0.026993
-75 -75 0.070170
-75 -70 0.152953
-75 -65 0.307015
-75 -60 0.632225
-75 -55 1.195305
-75 -50 2.060310
-75 -45 3.240675
-75 -40 4.650050
-75 -35 6.214675
-75 -30 7.776550
-75 -25 9.211675
-75 -20 10.335150
-75 -15 10.895400
-75 -10 10.699550
-75 -5 9.772600
-75 0 8.276025
-75 5 6.448775
-75 10 4.528350
-75 15 2.846200
-75 20 1.580137
-75 25 0.768930
-75 30 0.337338
-75 35 0.188008
-75 40 0.173438
-75 45 0.220349
-75 50 0.339025
-75 55 0.552810
-75 60 0.884500
-75 65 1.305173
-75 70 1.768798
-75 75 2.178533
-75 80 2.460938
-75 85 2.601850
-75 90 2.746700
-75 95 2.939775
-75 100 3.272975
-75 105 3.704225
-75 110 4.132325
-75 115 4.410600
-75 120 4.571350
-75 125 4.723525
-75 130 4.988450
-75 135 5.355650
-75 140 5.762975
-75 145 5.965800
-75 150 5.836550
-75 155 5.344075
-75 160 4.665225
-75 165 3.959775
-75 170 3.326625
-75 175 2.775300
-70 -180 1.725938
-70 -175 1.276860
-70 -170 0.890918
-70 -165 0.561608
-70 -160 0.325997
-70 -155 0.163676
-70 -150 0.066335
-70 -145 0.022680
-70 -140 0.008249
-70 -135 0.001944
-70 -130 0.000026
-70 -125 0.000067
-70 -120 0.000128
-70 -115 0.000190
-70 -110 0.000222
-70 -105 0.000203
-70 -100 0.000146
-70 -95 0.000082
-70 -90 0.000642
-70 -85 0.004534
-70 -80 0.017833
-70 -75 0.050018
-70 -70 0.117926
-70 -65 0.269975
-70 -60 0.628678
-70 -55 1.284272
-70 -50 2.299340
-70 -45 3.681825
-70 -40 5.312900
-70 -35 7.054800
-70 -30 8.676075
-70 -25 9.985100
-70 -20 10.719550
-70 -15 10.624275
-70 -10 9.652950
-70 -5 8.043800
-70 0 6.154125
-70 5 4.322900
-70 10 2.746475
-70 15 1.581160
-70 20 0.805763
-70 25 0.355185
-70 30 0.136950
-70 35 0.076019
-70 40 0.084315
-70 45 0.120385
-70 50 0.196697
-70 55 0.329675
-70 60 0.538165
-70 65 0.805150
-70 70 1.099210
-70 75 1.354667
-70 80 1.522393
-70 85 1.599483
-70 90 1.710487
-70 95 1.901030
-70 100 2.249585
-70 105 2.738550
-70 110 3.303950
-70 115 3.820275
-70 120 4.322450
-70 125 4.874525
-70 130 5.515550
-70 135 6.156850
-70 140 6.672175
-70 145 6.818675
-70 150 6.492925
-70 155 5.727125
-70 160 4.766950
-70 165 3.797625
-70 170 2.955425
-70 175 2.270207
-65 -180 1.146885
-65 -175 0.777070
-65 -170 0.502790
-65 -165 0.299195
-65 -160 0.169756
-65 -155 0.083774
-65 -150 0.034291
-65 -145 0.012295
-65 -140 0.004972
-65 -135 0.001254
-65 -130 0.000000
-65 -125 0.000000
-65 -120 0.000000
-65 -115 0.000000
-65 -110 0.000000
-65 -105 0.000000
-65 -100 0.000000
-65 -95 0.000000
-65 -90 0.000095
-65 -85 0.002534
-65 -80 0.010600
-65 -75 0.034566
-65 -70 0.091672
-65 -65 0.246185
-65 -60 0.632740
-65 -55 1.359500
-65 -50 2.476280
-65 -45 3.970575
-65 -40 5.674775
-65 -35 7.375000
-65 -30 8.795350
-65 -25 9.737425
-65 -20 9.961050
-65 -15 9.305125
-65 -10 7.872500
-65 -5 6.026075
-65 0 4.166300
-65 5 2.609900
-65 10 1.469742
-65 15 0.759692
-65 20 0.348575
-65 25 0.136960
-65 30 0.045167
-65 35 0.026358
-65 40 0.036366
-65 45 0.056484
-65 50 0.094204
-65 55 0.158482
-65 60 0.261805
-65 65 0.396858
-65 70 0.546693
-65 75 0.677007
-65 80 0.762175
-65 85 0.804695
-65 90 0.894470
-65 95 1.071143
-65 100 1.394702
-65 105 1.874343
-65 110 2.490632
-65 115 3.158850
-65 120 3.911675
-65 125 4.756075
-65 130 5.641750
-65 135 6.412800
-65 140 6.900600
-65 145 6.906575
-65 150 6.380875
-65 155 5.426950
-65 160 4.322850
-65 165 3.250250
-65 170 2.350740
-65 175 1.656365
-60 -180 0.654482
-60 -175 0.394770
-60 -170 0.227728
-60 -165 0.123960
-60 -160 0.068461
-60 -155 0.033349
-60 -150 0.014208
-60 -145 0.005433
-60 -140 0.002422
-60 -135 0.000637
-60 -130 0.000000
-60 -125 0.000000
-60 -120 0.000000
-60 -115 0.000000
-60 -110 0.000000
-60 -105 0.000000
-60 -100 0.000000
-60 -95 0.000000
-60 -90 0.000000
-60 -85 0.001790
-60 -80 0.007135
-60 -75 0.025515
-60 -70 0.073976
-60 -65 0.227109
-60 -60 0.616340
-60 -55 1.353657
-60 -50 2.467427
-60 -45 3.908600
-60 -40 5.462825
-60 -35 6.867250
-60 -30 7.859200
-60 -25 8.301900
-60 -20 8.060525
-60 -15 7.106975
-60 -10 5.632325
-60 -5 3.994800
-60 0 2.511350
-60 5 1.397320
-60 10 0.684098
-60 15 0.310590
-60 20 0.125182
-60 25 0.043221
-60 30 0.012431
-60 35 0.007858
-60 40 0.012977
-60 45 0.020424
-60 50 0.032768
-60 55 0.053956
-60 60 0.089765
-60 65 0.138827
-60 70 0.194153
-60 75 0.243034
-60 80 0.276767
-60 85 0.299815
-60 90 0.369673
-60 95 0.517388
-60 100 0.785070
-60 105 1.204620
-60 110 1.792623
-60 115 2.506875
-60 120 3.365300
-60 125 4.321450
-60 130 5.253150
-60 135 5.969825
-60 140 6.302100
-60 145 6.128900
-60 150 5.466300
-60 155 4.470600
-60 160 3.405650
-60 165 2.423005
-60 170 1.633162
-60 175 1.053530
-55 -180 0.317415
-55 -175 0.162542
-55 -170 0.075274
-55 -165 0.032611
-55 -160 0.016498
-55 -155 0.007628
-55 -150 0.003593
-55 -145 0.001620
-55 -140 0.000789
-55 -135 0.000215
-55 -130 0.000000
-55 -125 0.000000
-55 -120 0.000000
-55 -115 0.000000
-55 -110 0.000000
-55 -105 0.000000
-55 -100 0.000000
-55 -95 0.000000
-55 -90 0.000000
-55 -85 0.001705
-55 -80 0.006914
-55 -75 0.023963
-55 -70 0.069035
-55 -65 0.215952
-55 -60 0.575358
-55 -55 1.241690
-55 -50 2.219200
-55 -45 3.424525
-55 -40 4.630025
-55 -35 5.579475
-55 -30 6.079500
-55 -25 6.086200
-55 -20 5.585075
-55 -15 4.649300
-55 -10 3.469900
-55 -5 2.303405
-55 0 1.331870
-55 5 0.659670
-55 10 0.274315
-55 15 0.103340
-55 20 0.032541
-55 25 0.008918
-55 30 0.002937
-55 35 0.003033
-55 40 0.005160
-55 45 0.007319
-55 50 0.009834
-55 55 0.013529
-55 60 0.020438
-55 65 0.030936
-55 70 0.043321
-55 75 0.055114
-55 80 0.066267
-55 85 0.078593
-55 90 0.123949
-55 95 0.226736
-55 100 0.418260
-55 105 0.743977
-55 110 1.241155
-55 115 1.897172
-55 120 2.706050
-55 125 3.586250
-55 130 4.381400
-55 135 4.906625
-55 140 5.029875
-55 145 4.714400
-55 150 4.031700
-55 155 3.153650
-55 160 2.290070
-55 165 1.544363
-55 170 0.974095
-55 175 0.577062
-50 -180 0.125880
-50 -175 0.053394
-50 -170 0.016992
-50 -165 0.003626
-50 -160 0.001172
-50 -155 0.000074
-50 -150 0.000000
-50 -145 0.000000
-50 -140 0.000000
-50 -135 0.000000
-50 -130 0.000000
-50 -125 0.000000
-50 -120 0.000000
-50 -115 0.000000
-50 -110 0.000000
-50 -105 0.000000
-50 -100 0.000000
-50 -95 0.000000
-50 -90 0.000000
-50 -85 0.001796
-50 -80 0.007787
-50 -75 0.025114
-50 -70 0.067516
-50 -65 0.196840
-50 -60 0.493517
-50 -55 1.021050
-50 -50 1.766025
-50 -45 2.631275
-50 -40 3.416300
-50 -35 3.919800
-50 -30 4.033975
-50 -25 3.791000
-50 -20 3.255150
-50 -15 2.536575
-50 -10 1.773495
-50 -5 1.101220
-50 0 0.588585
-50 5 0.260825
-50 10 0.091002
-50 15 0.027370
-50 20 0.005283
-50 25 0.000595
-50 30 0.000272
-50 35 0.000443
-50 40 0.000759
-50 45 0.001027
-50 50 0.001096
-50 55 0.001174
-50 60 0.001619
-50 65 0.002454
-50 70 0.003718
-50 75 0.005348
-50 80 0.008895
-50 85 0.014908
-50 90 0.040235
-50 95 0.103677
-50 100 0.228931
-50 105 0.460140
-50 110 0.834803
-50 115 1.355633
-50 120 1.995967
-50 125 2.668250
-50 130 3.224600
-50 135 3.519725
-50 140 3.473875
-50 145 3.111450
-50 150 2.528925
-50 155 1.874205
-50 160 1.283630
-50 165 0.814860
-50 170 0.478498
-50 175 0.260082
-45 -180 0.040570
-45 -175 0.015087
-45 -170 0.003261
-45 -165 0.000000
-45 -160 0.000000
-45 -155 0.000000
-45 -150 0.000000
-45 -145 0.000000
-45 -140 0.000000
-45 -135 0.000000
-45 -130 0.000000
-45 -125 0.000000
-45 -120 0.000000
-45 -115 0.000000
-45 -110 0.000000
-45 -105 0.000000
-45 -100 0.000000
-45 -95 0.000000
-45 -90 0.000000
-45 -85 0.001918
-45 -80 0.008436
-45 -75 0.025360
-45 -70 0.062670
-45 -65 0.164001
-45 -60 0.378723
-45 -55 0.738932
-45 -50 1.224932
-45 -45 1.749945
-45 -40 2.168593
-45 -35 2.351400
-45 -30 2.259640
-45 -25 1.959065
-45 -20 1.536147
-45 -15 1.088530
-45 -10 0.693085
-45 -5 0.393260
-45 0 0.192282
-45 5 0.076269
-45 10 0.023134
-45 15 0.006571
-45 20 0.000892
-45 25 0.000013
-45 30 0.000000
-45 35 0.000000
-45 40 0.000000
-45 45 0.000000
-45 50 0.000000
-45 55 0.000000
-45 60 0.000000
-45 65 0.000000
-45 70 0.000000
-45 75 0.000000
-45 80 0.000954
-45 85 0.002772
-45 90 0.013282
-45 95 0.046928
-45 100 0.122189
-45 105 0.272828
-45 110 0.526393
-45 115 0.888590
-45 120 1.321365
-45 125 1.751727
-45 130 2.069848
-45 135 2.182555
-45 140 2.056258
-45 145 1.740692
-45 150 1.325823
-45 155 0.914430
-45 160 0.577370
-45 165 0.339530
-45 170 0.184068
-45 175 0.092500
-40 -180 0.007908
-40 -175 0.003176
-40 -170 0.000714
-40 -165 0.000000
-40 -160 0.000000
-40 -155 0.000000
-40 -150 0.000000
-40 -145 0.000000
-40 -140 0.000000
-40 -135 0.000000
-40 -130 0.000000
-40 -125 0.000000
-40 -120 0.000000
-40 -115 0.000000
-40 -110 0.000000
-40 -105 0.000000
-40 -100 0.000000
-40 -95 0.000000
-40 -90 0.000000
-40 -85 0.001693
-40 -80 0.007446
-40 -75 0.021332
-40 -70 0.049536
-40 -65 0.116845
-40 -60 0.248139
-40 -55 0.454205
-40 -50 0.717440
-40 -45 0.977660
-40 -40 1.147768
-40 -35 1.163235
-40 -30 1.024072
-40 -25 0.792763
-40 -20 0.540197
-40 -15 0.325865
-40 -10 0.175883
-40 -5 0.085200
-40 0 0.036334
-40 5 0.012470
-40 10 0.002899
-40 15 0.000646
-40 20 0.000000
-40 25 0.000000
-40 30 0.000000
-40 35 0.000000
-40 40 0.000000
-40 45 0.000000
-40 50 0.000000
-40 55 0.000000
-40 60 0.000000
-40 65 0.000000
-40 70 0.000000
-40 75 0.000000
-40 80 0.000263
-40 85 0.001384
-40 90 0.006259
-40 95 0.025498
-40 100 0.072446
-40 105 0.165574
-40 110 0.319908
-40 115 0.536797
-40 120 0.779807
-40 125 1.001545
-40 130 1.137640
-40 135 1.144390
-40 140 1.015597
-40 145 0.797463
-40 150 0.554095
-40 155 0.340610
-40 160 0.184804
-40 165 0.093303
-40 170 0.042954
-40 175 0.019465
-35 -180 0.000000
-35 -175 0.000000
-35 -170 0.000000
-35 -165 0.000000
-35 -160 0.000000
-35 -155 0.000000
-35 -150 0.000000
-35 -145 0.000000
-35 -140 0.000000
-35 -135 0.000000
-35 -130 0.000000
-35 -125 0.000000
-35 -120 0.000000
-35 -115 0.000000
-35 -110 0.000000
-35 -105 0.000000
-35 -100 0.000000
-35 -95 0.000000
-35 -90 0.000000
-35 -85 0.001163
-35 -80 0.005119
-35 -75 0.014520
-35 -70 0.032239
-35 -65 0.069403
-35 -60 0.135279
-35 -55 0.229897
-35 -50 0.342100
-35 -45 0.440177
-35 -40 0.486300
-35 -35 0.457788
-35 -30 0.365607
-35 -25 0.247962
-35 -20 0.140391
-35 -15 0.065382
-35 -10 0.025602
-35 -5 0.008562
-35 0 0.003251
-35 5 0.001017
-35 10 0.000102
-35 15 0.000000
-35 20 0.000000
-35 25 0.000000
-35 30 0.000000
-35 35 0.000000
-35 40 0.000000
-35 45 0.000000
-35 50 0.000000
-35 55 0.000000
-35 60 0.000000
-35 65 0.000000
-35 70 0.000000
-35 75 0.000000
-35 80 0.000147
-35 85 0.002036
-35 90 0.005872
-35 95 0.019238
-35 100 0.050769
-35 105 0.105544
-35 110 0.188776
-35 115 0.297583
-35 120 0.405170
-35 125 0.487855
-35 130 0.519792
-35 135 0.489848
-35 140 0.402695
-35 145 0.286805
-35 150 0.176931
-35 155 0.092133
-35 160 0.037594
-35 165 0.013366
-35 170 0.003246
-35 175 0.000548
-30 -180 0.000000
-30 -175 0.000000
-30 -170 0.000000
-30 -165 0.000000
-30 -160 0.000000
-30 -155 0.000000
-30 -150 0.000000
-30 -145 0.000000
-30 -140 0.000000
-30 -135 0.000000
-30 -130 0.000000
-30 -125 0.000000
-30 -120 0.000000
-30 -115 0.000000
-30 -110 0.000000
-30 -105 0.000000
-30 -100 0.000000
-30 -95 0.000000
-30 -90 0.000000
-30 -85 0.000623
-30 -80 0.002740
-30 -75 0.007789
-30 -70 0.016730
-30 -65 0.033245
-30 -60 0.060023
-30 -55 0.094563
-30 -50 0.131481
-30 -45 0.159469
-30 -40 0.165966
-30 -35 0.145855
-30 -30 0.106906
-30 -25 0.064815
-30 -20 0.030911
-30 -15 0.010241
-30 -10 0.002022
-30 -5 0.000000
-30 0 0.000000
-30 5 0.000000
-30 10 0.000000
-30 15 0.000000
-30 20 0.000000
-30 25 0.000000
-30 30 0.000000
-30 35 0.000000
-30 40 0.000000
-30 45 0.000000
-30 50 0.000000
-30 55 0.000000
-30 60 0.000000
-30 65 0.000000
-30 70 0.000000
-30 75 0.000000
-30 80 0.000274
-30 85 0.003804
-30 90 0.009071
-30 95 0.021097
-30 100 0.044248
-30 105 0.075243
-30 110 0.113714
-30 115 0.156382
-30 120 0.189289
-30 125 0.203971
-30 130 0.195840
-30 135 0.168991
-30 140 0.126324
-30 145 0.079524
-30 150 0.042987
-30 155 0.018513
-30 160 0.004547
-30 165 0.000713
-30 170 0.000005
-30 175 0.000000
-25 -180 0.000000
-25 -175 0.000000
-25 -170 0.000000
-25 -165 0.000000
-25 -160 0.000000
-25 -155 0.000000
-25 -150 0.000000
-25 -145 0.000000
-25 -140 0.000000
-25 -135 0.000000
-25 -130 0.000000
-25 -125 0.000000
-25 -120 0.000000
-25 -115 0.000000
-25 -110 0.000000
-25 -105 0.000000
-25 -100 0.000000
-25 -95 0.000000
-25 -90 0.000000
-25 -85 0.000260
-25 -80 0.001143
-25 -75 0.003243
-25 -70 0.006515
-25 -65 0.011254
-25 -60 0.017781
-25 -55 0.025262
-25 -50 0.032603
-25 -45 0.038245
-25 -40 0.039682
-25 -35 0.035325
-25 -30 0.026304
-25 -25 0.016264
-25 -20 0.007994
-25 -15 0.002680
-25 -10 0.000449
-25 -5 0.000000
-25 0 0.000000
-25 5 0.000000
-25 10 0.000000
-25 15 0.000000
-25 20 0.000000
-25 25 0.000000
-25 30 0.000000
-25 35 0.000000
-25 40 0.000000
-25 45 0.000000
-25 50 0.000000
-25 55 0.000000
-25 60 0.000000
-25 65 0.000000
-25 70 0.000000
-25 75 0.000000
-25 80 0.000398
-25 85 0.005535
-25 90 0.012772
-25 95 0.025560
-25 100 0.044219
-25 105 0.061641
-25 110 0.075679
-25 115 0.084213
-25 120 0.083883
-25 125 0.074748
-25 130 0.058688
-25 135 0.043597
-25 140 0.028240
-25 145 0.015070
-25 150 0.007838
-25 155 0.003175
-25 160 0.000538
-25 165 0.000052
-25 170 0.000000
-25 175 0.000000
-20 -180 0.000000
-20 -175 0.000000
-20 -170 0.000000
-20 -165 0.000000
-20 -160 0.000000
-20 -155 0.000000
-20 -150 0.000000
-20 -145 0.000000
-20 -140 0.000000
-20 -135 0.000000
-20 -130 0.000000
-20 -125 0.000000
-20 -120 0.000000
-20 -115 0.000000
-20 -110 0.000000
-20 -105 0.000000
-20 -100 0.000000
-20 -95 0.000000
-20 -90 0.000000
-20 -85 0.000000
-20 -80 0.000001
-20 -75 0.000031
-20 -70 0.000075
-20 -65 0.000193
-20 -60 0.000587
-20 -55 0.001492
-20 -50 0.002678
-20 -45 0.004032
-20 -40 0.004973
-20 -35 0.004951
-20 -30 0.003932
-20 -25 0.002493
-20 -20 0.001232
-20 -15 0.000407
-20 -10 0.000000
-20 -5 0.000000
-20 0 0.000000
-20 5 0.000000
-20 10 0.000000
-20 15 0.000000
-20 20 0.000000
-20 25 0.000000
-20 30 0.000000
-20 35 0.000000
-20 40 0.000000
-20 45 0.000000
-20 50 0.000000
-20 55 0.000000
-20 60 0.000000
-20 65 0.000000
-20 70 0.000000
-20 75 0.000000
-20 80 0.000451
-20 85 0.006272
-20 90 0.014472
-20 95 0.027348
-20 100 0.042767
-20 105 0.053244
-20 110 0.056108
-20 115 0.051495
-20 120 0.041700
-20 125 0.029406
-20 130 0.016212
-20 135 0.008723
-20 140 0.003469
-20 145 0.000408
-20 150 0.000209
-20 155 0.000073
-20 160 0.000000
-20 165 0.000000
-20 170 0.000000
-20 175 0.000000
-15 -180 0.000000
-15 -175 0.000000
-15 -170 0.000000
-15 -165 0.000000
-15 -160 0.000000
-15 -155 0.000000
-15 -150 0.000000
-15 -145 0.000000
-15 -140 0.000000
-15 -135 0.000000
-15 -130 0.000000
-15 -125 0.000000
-15 -120 0.000000
-15 -115 0.000000
-15 -110 0.000000
-15 -105 0.000000
-15 -100 0.000000
-15 -95 0.000000
-15 -90 0.000000
-15 -85 0.000000
-15 -80 0.000000
-15 -75 0.000000
-15 -70 0.000000
-15 -65 0.000000
-15 -60 0.000000
-15 -55 0.000000
-15 -50 0.000000
-15 -45 0.000000
-15 -40 0.000000
-15 -35 0.000000
-15 -30 0.000000
-15 -25 0.000000
-15 -20 0.000000
-15 -15 0.000000
-15 -10 0.000000
-15 -5 0.000000
-15 0 0.000000
-15 5 0.000000
-15 10 0.000000
-15 15 0.000000
-15 20 0.000000
-15 25 0.000000
-15 30 0.000000
-15 35 0.000000
-15 40 0.000000
-15 45 0.000000
-15 50 0.000000
-15 55 0.000000
-15 60 0.000000
-15 65 0.000000
-15 70 0.000000
-15 75 0.000000
-15 80 0.000398
-15 85 0.005535
-15 90 0.012772
-15 95 0.023574
-15 100 0.035137
-15 105 0.041451
-15 110 0.040178
-15 115 0.032944
-15 120 0.023538
-15 125 0.014731
-15 130 0.006669
-15 135 0.003442
-15 140 0.001247
-15 145 0.000000
-15 150 0.000000
-15 155 0.000000
-15 160 0.000000
-15 165 0.000000
-15 170 0.000000
-15 175 0.000000
-10 -180 0.000000
-10 -175 0.000000
-10 -170 0.000000
-10 -165 0.000000
-10 -160 0.000000
-10 -155 0.000000
-10 -150 0.000000
-10 -145 0.000000
-10 -140 0.000000
-10 -135 0.000000
-10 -130 0.000000
-10 -125 0.000000
-10 -120 0.000000
-10 -115 0.000000
-10 -110 0.000000
-10 -105 0.000000
-10 -100 0.000000
-10 -95 0.000000
-10 -90 0.000000
-10 -85 0.000000
-10 -80 0.000000
-10 -75 0.000000
-10 -70 0.000000
-10 -65 0.000000
-10 -60 0.000000
-10 -55 0.000000
-10 -50 0.000000
-10 -45 0.000000
-10 -40 0.000000
-10 -35 0.000000
-10 -30 0.000000
-10 -25 0.000000
-10 -20 0.000000
-10 -15 0.000000
-10 -10 0.000000
-10 -5 0.000000
-10 0 0.000000
-10 5 0.000000
-10 10 0.000000
-10 15 0.000000
-10 20 0.000000
-10 25 0.000000
-10 30 0.000000
-10 35 0.000000
-10 40 0.000000
-10 45 0.000000
-10 50 0.000000
-10 55 0.000000
-10 60 0.000000
-10 65 0.000000
-10 70 0.000000
-10 75 0.000000
-10 80 0.000274
-10 85 0.003804
-10 90 0.008778
-10 95 0.015908
-10 100 0.022770
-10 105 0.025553
-10 110 0.022675
-10 115 0.016072
-10 120 0.009278
-10 125 0.004410
-10 130 0.000857
-10 135 0.000454
-10 140 0.000183
-10 145 0.000000
-10 150 0.000000
-10 155 0.000000
-10 160 0.000000
-10 165 0.000000
-10 170 0.000000
-10 175 0.000000
-5 -180 0.000000
-5 -175 0.000000
-5 -170 0.000000
-5 -165 0.000000
-5 -160 0.000000
-5 -155 0.000000
-5 -150 0.000000
-5 -145 0.000000
-5 -140 0.000000
-5 -135 0.000000
-5 -130 0.000000
-5 -125 0.000000
-5 -120 0.000000
-5 -115 0.000000
-5 -110 0.000000
-5 -105 0.000000
-5 -100 0.000000
-5 -95 0.000000
-5 -90 0.000000
-5 -85 0.000000
-5 -80 0.000000
-5 -75 0.000000
-5 -70 0.000000
-5 -65 0.000000
-5 -60 0.000000
-5 -55 0.000000
-5 -50 0.000000
-5 -45 0.000000
-5 -40 0.000000
-5 -35 0.000000
-5 -30 0.000000
-5 -25 0.000000
-5 -20 0.000000
-5 -15 0.000000
-5 -10 0.000000
-5 -5 0.000000
-5 0 0.000000
-5 5 0.000000
-5 10 0.000000
-5 15 0.000000
-5 20 0.000000
-5 25 0.000000
-5 30 0.000000
-5 35 0.000000
-5 40 0.000000
-5 45 0.000000
-5 50 0.000000
-5 55 0.000000
-5 60 0.000000
-5 65 0.000000
-5 70 0.000000
-5 75 0.000000
-5 80 0.000147
-5 85 0.002036
-5 90 0.004698
-5 95 0.008507
-5 100 0.012070
-5 105 0.013405
-5 110 0.011644
-5 115 0.007903
-5 120 0.004188
-5 125 0.001685
-5 130 0.000000
-5 135 0.000000
-5 140 0.000000
-5 145 0.000000
-5 150 0.000000
-5 155 0.000000
-5 160 0.000000
-5 165 0.000000
-5 170 0.000000
-5 175 0.000000
0 -180 0.000000
0 -175 0.000000
0 -170 0.000000
0 -165 0.000000
0 -160 0.000000
0 -155 0.000000
0 -150 0.000000
0 -145 0.000000
0 -140 0.000000
0 -135 0.000000
0 -130 0.000000
0 -125 0.000000
0 -120 0.000000
0 -115 0.000000
0 -110 0.000000
0 -105 0.000000
0 -100 0.000000
0 -95 0.000000
0 -90 0.000000
0 -85 0.000000
0 -80 0.000000
0 -75 0.000000
0 -70 0.000000
0 -65 0.000000
0 -60 0.000000
0 -55 0.000000
0 -50 0.000000
0 -45 0.000000
0 -40 0.000000
0 -35 0.000000
0 -30 0.000000
0 -25 0.000000
0 -20 0.000000
0 -15 0.000000
0 -10 0.000000
0 -5 0.000000
0 0 0.000000
0 5 0.000000
0 10 0.000000
0 15 0.000000
0 20 0.000000
0 25 0.000000
0 30 0.000000
0 35 0.000000
0 40 0.000000
0 45 0.000000
0 50 0.000000
0 55 0.000000
0 60 0.000000
0 65 0.000000
0 70 0.000000
0 75 0.000000
0 80 0.000061
0 85 0.000849
0 90 0.001959
0 95 0.003546
0 100 0.005031
0 105 0.005588
0 110 0.004854
0 115 0.003294
0 120 0.001746
0 125 0.000702
0 130 0.000000
0 135 0.000000
0 140 0.000000
0 145 0.000000
0 150 0.000000
0 155 0.000000
0 160 0.000000
0 165 0.000000
0 170 0.000000
0 175 0.000000
5 -180 0.000000
5 -175 0.000000
5 -170 0.000000
5 -165 0.000000
5 -160 0.000000
5 -155 0.000000
5 -150 0.000000
5 -145 0.000000
5 -140 0.000000
5 -135 0.000000
5 -130 0.000000
5 -125 0.000000
5 -120 0.000000
5 -115 0.000000
5 -110 0.000000
5 -105 0.000000
5 -100 0.000000
5 -95 0.000000
5 -90 0.000000
5 -85 0.000000
5 -80 0.000000
5 -75 0.000000
5 -70 0.000000
5 -65 0.000000
5 -60 0.000000
5 -55 0.000000
5 -50 0.000000
5 -45 0.000000
5 -40 0.000000
5 -35 0.000000
5 -30 0.000000
5 -25 0.000000
5 -20 0.000000
5 -15 0.000000
5 -10 0.000000
5 -5 0.000000
5 0 0.000000
5 5 0.000000
5 10 0.000000
5 15 0.000000
5 20 0.000000
5 25 0.000000
5 30 0.000000
5 35 0.000000
5 40 0.000000
5 45 0.000000
5 50 0.000000
5 55 0.000000
5 60 0.000000
5 65 0.000000
5 70 0.000000
5 75 0.000000
5 80 0.000000
5 85 0.000000
5 90 0.000000
5 95 0.000000
5 100 0.000000
5 105 0.000000
5 110 0.000000
5 115 0.000000
5 120 0.000000
5 125 0.000000
5 130 0.000000
5 135 0.000000
5 140 0.000000
5 145 0.000000
5 150 0.000000
5 155 0.000000
5 160 0.000000
5 165 0.000000
5 170 0.000000
5 175 0.000000
10 -180 0.000000
10 -175 0.000000
10 -170 0.000000
10 -165 0.000000
10 -160 0.000000
10 -155 0.000000
10 -150 0.000000
10 -145 0.000000
10 -140 0.000000
10 -135 0.000000
10 -130 0.000000
10 -125 0.000000
10 -120 0.000000
10 -115 0.000000
10 -110 0.000000
10 -105 0.000000
10 -100 0.000000
10 -95 0.000000
10 -90 0.000000
10 -85 0.000000
10 -80 0.000000
10 -75 0.000000
10 -70 0.000000
10 -65 0.000000
10 -60 0.000000
10 -55 0.000000
10 -50 0.000000
10 -45 0.000000
10 -40 0.000000
10 -35 0.000000
10 -30 0.000000
10 -25 0.000000
10 -20 0.000000
10 -15 0.000000
10 -10 0.000000
10 -5 0.000000
10 0 0.000000
10 5 0.000000
10 10 0.000000
10 15 0.000000
10 20 0.000000
10 25 0.000000
10 30 0.000000
10 35 0.000000
10 40 0.000000
10 45 0.000000
10 50 0.000000
10 55 0.000000
10 60 0.000000
10 65 0.000000
10 70 0.000000
10 75 0.000000
10 80 0.000000
10 85 0.000000
10 90 0.000000
10 95 0.000000
10 100 0.000000
10 105 0.000000
10 110 0.000000
10 115 0.000000
10 120 0.000000
10 125 0.000000
10 130 0.000000
10 135 0.000000
10 140 0.000000
10 145 0.000000
10 150 0.000000
10 155 0.000000
10 160 0.000000
10 165 0.000000
10 170 0.000000
10 175 0.000000
15 -180 0.000000
15 -175 0.000000
15 -170 0.000000
15 -165 0.000000
15 -160 0.000000
15 -155 0.000000
15 -150 0.000000
15 -145 0.000000
15 -140 0.000000
15 -135 0.000000
15 -130 0.000000
15 -125 0.000000
15 -120 0.000000
15 -115 0.000000
15 -110 0.000000
15 -105 0.000000
15 -100 0.000000
15 -95 0.000000
15 -90 0.000000
15 -85 0.000000
15 -80 0.000000
15 -75 0.000000
15 -70 0.000000
15 -65 0.000000
15 -60 0.000000
15 -55 0.000000
15 -50 0.000000
15 -45 0.000000
15 -40 0.000000
15 -35 0.000000
15 -30 0.000000
15 -25 0.000000
15 -20 0.000000
15 -15 0.000000
15 -10 0.000000
15 -5 0.000000
15 0 0.000000
15 5 0.000000
15 10 0.000000
15 15 0.000000
15 20 0.000000
15 25 0.000000
15 30 0.000000
15 35 0.000000
15 40 0.000223
15 45 0.000724
15 50 0.001453
15 55 0.002302
15 60 0.002882
15 65 0.002853
15 70 0.002234
15 75 0.001384
15 80 0.000678
15 85 0.000190
15 90 0.000000
15 95 0.000000
15 100 0.000000
15 105 0.000000
15 110 0.000000
15 115 0.000000
15 120 0.000000
15 125 0.000000
15 130 0.000000
15 135 0.000000
15 140 0.000000
15 145 0.000000
15 150 0.000000
15 155 0.000000
15 160 0.000000
15 165 0.000000
15 170 0.000000
15 175 0.000000
20 -180 0.000000
20 -175 0.000000
20 -170 0.000000
20 -165 0.000000
20 -160 0.000000
20 -155 0.000000
20 -150 0.000000
20 -145 0.000000
20 -140 0.000000
20 -135 0.000000
20 -130 0.000000
20 -125 0.000000
20 -120 0.000000
20 -115 0.000000
20 -110 0.000000
20 -105 0.000000
20 -100 0.000000
20 -95 0.000000
20 -90 0.000000
20 -85 0.000000
20 -80 0.000000
20 -75 0.000000
20 -70 0.000000
20 -65 0.000000
20 -60 0.000000
20 -55 0.000000
20 -50 0.000000
20 -45 0.000000
20 -40 0.000000
20 -35 0.000000
20 -30 0.000000
20 -25 0.000000
20 -20 0.000000
20 -15 0.000000
20 -10 0.000000
20 -5 0.000000
20 0 0.000000
20 5 0.000000
20 10 0.000000
20 15 0.000000
20 20 0.000000
20 25 0.000386
20 30 0.001487
20 35 0.003638
20 40 0.007824
20 45 0.013221
20 50 0.018723
20 55 0.022646
20 60 0.023319
20 65 0.020208
20 70 0.014447
20 75 0.008455
20 80 0.003993
20 85 0.001158
20 90 0.000180
20 95 0.000000
20 100 0.000000
20 105 0.000000
20 110 0.000000
20 115 0.000000
20 120 0.000000
20 125 0.000000
20 130 0.000000
20 135 0.000000
20 140 0.000000
20 145 0.000000
20 150 0.000000
20 155 0.000000
20 160 0.000000
20 165 0.000000
20 170 0.000000
20 175 0.000000
25 -180 0.000000
25 -175 0.000000
25 -170 0.000000
25 -165 0.000000
25 -160 0.000000
25 -155 0.000000
25 -150 0.000101
25 -145 0.000309
25 -140 0.000613
25 -135 0.000958
25 -130 0.001230
25 -125 0.001433
25 -120 0.001500
25 -115 0.001597
25 -110 0.001697
25 -105 0.001606
25 -100 0.001298
25 -95 0.000860
25 -90 0.000447
25 -85 0.000167
25 -80 0.000000
25 -75 0.000000
25 -70 0.000000
25 -65 0.000000
25 -60 0.000000
25 -55 0.000000
25 -50 0.000000
25 -45 0.000000
25 -40 0.000000
25 -35 0.000000
25 -30 0.000000
25 -25 0.000000
25 -20 0.000000
25 -15 0.000000
25 -10 0.000000
25 -5 0.000000
25 0 0.000000
25 5 0.000000
25 10 0.000002
25 15 0.000080
25 20 0.001481
25 25 0.006665
25 30 0.018588
25 35 0.037928
25 40 0.064193
25 45 0.090116
25 50 0.107748
25 55 0.110904
25 60 0.098861
25 65 0.075801
25 70 0.049313
25 75 0.026655
25 80 0.011907
25 85 0.003610
25 90 0.000725
25 95 0.000000
25 100 0.000000
25 105 0.000000
25 110 0.000000
25 115 0.000000
25 120 0.000000
25 125 0.000000
25 130 0.000000
25 135 0.000000
25 140 0.000000
25 145 0.000000
25 150 0.000000
25 155 0.000000
25 160 0.000000
25 165 0.000000
25 170 0.000000
25 175 0.000000
30 -180 0.000000
30 -175 0.000000
30 -170 0.000000
30 -165 0.000000
30 -160 0.000046
30 -155 0.000645
30 -150 0.002088
30 -145 0.004635
30 -140 0.007871
30 -135 0.010782
30 -130 0.012328
30 -125 0.012533
30 -120 0.011479
30 -115 0.010480
30 -110 0.009635
30 -105 0.008525
30 -100 0.006607
30 -95 0.004275
30 -90 0.002222
30 -85 0.000829
30 -80 0.000000
30 -75 0.000000
30 -70 0.000000
30 -65 0.000000
30 -60 0.000000
30 -55 0.000000
30 -50 0.000000
30 -45 0.000000
30 -40 0.000000
30 -35 0.000000
30 -30 0.000000
30 -25 0.000000
30 -20 0.000000
30 -15 0.000000
30 -10 0.000000
30 -5 0.000000
30 0 0.000044
30 5 0.000633
30 10 0.001791
30 15 0.007628
30 20 0.025673
30 25 0.065779
30 30 0.134276
30 35 0.225210
30 40 0.321020
30 45 0.391245
30 50 0.412420
30 55 0.379275
30 60 0.305025
30 65 0.213879
30 70 0.129270
30 75 0.066152
30 80 0.028323
30 85 0.008841
30 90 0.001824
30 95 0.000000
30 100 0.000000
30 105 0.000000
30 110 0.000000
30 115 0.000000
30 120 0.000000
30 125 0.000000
30 130 0.000000
30 135 0.000000
30 140 0.000000
30 145 0.000000
30 150 0.000000
30 155 0.000000
30 160 0.000000
30 165 0.000000
30 170 0.000000
30 175 0.000000
35 -180 0.000000
35 -175 0.000000
35 -170 0.000000
35 -165 0.000000
35 -160 0.000126
35 -155 0.001751
35 -150 0.005350
35 -145 0.011779
35 -140 0.020096
35 -135 0.027783
35 -130 0.032368
35 -125 0.033539
35 -120 0.031238
35 -115 0.028189
35 -110 0.024790
35 -105 0.020881
35 -100 0.015450
35 -95 0.009621
35 -90 0.004883
35 -85 0.001776
35 -80 0.000000
35 -75 0.000000
35 -70 0.000000
35 -65 0.000000
35 -60 0.000000
35 -55 0.000000
35 -50 0.000000
35 -45 0.000000
35 -40 0.000000
35 -35 0.000000
35 -30 0.000000
35 -25 0.000000
35 -20 0.000000
35 -15 0.000000
35 -10 0.000000
35 -5 0.000000
35 0 0.000732
35 5 0.006666
35 10 0.019553
35 15 0.054534
35 20 0.128532
35 25 0.259557
35 30 0.451047
35 35 0.675760
35 40 0.883042
35 45 1.005317
35 50 0.999417
35 55 0.873337
35 60 0.670247
35 65 0.451677
35 70 0.264207
35 75 0.131939
35 80 0.055964
35 85 0.017877
35 90 0.003624
35 95 0.000000
35 100 0.000000
35 105 0.000000
35 110 0.000000
35 115 0.000000
35 120 0.000000
35 125 0.000000
35 130 0.000000
35 135 0.000000
35 140 0.000000
35 145 0.000000
35 150 0.000000
35 155 0.000000
35 160 0.000000
35 165 0.000000
35 170 0.000000
35 175 0.000000
40 -180 0.000000
40 -175 0.000073
40 -170 0.000408
40 -165 0.000885
40 -160 0.001761
40 -155 0.005435
40 -150 0.012250
40 -145 0.023834
40 -140 0.038683
40 -135 0.052700
40 -130 0.061596
40 -125 0.064523
40 -120 0.061239
40 -115 0.055727
40 -110 0.048466
40 -105 0.039876
40 -100 0.028674
40 -95 0.017376
40 -90 0.008557
40 -85 0.003009
40 -80 0.000000
40 -75 0.000000
40 -70 0.000000
40 -65 0.000000
40 -60 0.000000
40 -55 0.000000
40 -50 0.000000
40 -45 0.000000
40 -40 0.000000
40 -35 0.000000
40 -30 0.000000
40 -25 0.000000
40 -20 0.000000
40 -15 0.000029
40 -10 0.000668
40 -5 0.002913
40 0 0.010016
40 5 0.035550
40 10 0.086966
40 15 0.195982
40 20 0.387342
40 25 0.681395
40 30 1.063403
40 35 1.466958
40 40 1.794878
40 45 1.940957
40 50 1.848863
40 55 1.558025
40 60 1.158222
40 65 0.760805
40 70 0.436032
40 75 0.214964
40 80 0.091009
40 85 0.030048
40 90 0.006144
40 95 0.000186
40 100 0.000097
40 105 0.000037
40 110 0.000000
40 115 0.000000
40 120 0.000000
40 125 0.000000
40 130 0.000000
40 135 0.000000
40 140 0.000000
40 145 0.000000
40 150 0.000000
40 155 0.000000
40 160 0.000000
40 165 0.000000
40 170 0.000000
40 175 0.000000
45 -180 0.001205
45 -175 0.001598
45 -170 0.002827
45 -165 0.004370
45 -160 0.006826
45 -155 0.013382
45 -150 0.023485
45 -145 0.039575
45 -140 0.059944
45 -135 0.079577
45 -130 0.092740
45 -125 0.097736
45 -120 0.094046
45 -115 0.085906
45 -110 0.073836
45 -105 0.059488
45 -100 0.041700
45 -95 0.024643
45 -90 0.011821
45 -85 0.004028
45 -80 0.000000
45 -75 0.000000
45 -70 0.000038
45 -65 0.000098
45 -60 0.000188
45 -55 0.000282
45 -50 0.000331
45 -45 0.000306
45 -40 0.000222
45 -35 0.000127
45 -30 0.000057
45 -25 0.000008
45 -20 0.000000
45 -15 0.000224
45 -10 0.003599
45 -5 0.013610
45 0 0.037524
45 5 0.102274
45 10 0.223763
45 15 0.450485
45 20 0.809240
45 25 1.313620
45 30 1.913290
45 35 2.489580
45 40 2.899850
45 45 3.012625
45 50 2.775250
45 55 2.274592
45 60 1.652863
45 65 1.068538
45 70 0.606005
45 75 0.299345
45 80 0.130225
45 85 0.047184
45 90 0.012872
45 95 0.003364
45 100 0.001754
45 105 0.000662
45 110 0.000000
45 115 0.000000
45 120 0.000000
45 125 0.000000
45 130 0.000000
45 135 0.000228
45 140 0.000655
45 145 0.001282
45 150 0.001971
45 155 0.002389
45 160 0.002284
45 165 0.001860
45 170 0.001403
45 175 0.001208
50 -180 0.008269
50 -175 0.008969
50 -170 0.010690
50 -165 0.012391
50 -160 0.015703
50 -155 0.024090
50 -150 0.035345
50 -145 0.052535
50 -140 0.074119
50 -135 0.095715
50 -130 0.111460
50 -125 0.118747
50 -120 0.116610
50 -115 0.107579
50 -110 0.091805
50 -105 0.072461
50 -100 0.049387
50 -95 0.028321
50 -90 0.013094
50 -85 0.004255
50 -80 0.000632
50 -75 0.001555
50 -70 0.003606
50 -65 0.006075
50 -60 0.008328
50 -55 0.009508
50 -50 0.009078
50 -45 0.007221
50 -40 0.004741
50 -35 0.002336
50 -30 0.001036
50 -25 0.000149
50 -20 0.000000
50 -15 0.000798
50 -10 0.009623
50 -5 0.033771
50 0 0.086093
50 5 0.207987
50 10 0.425735
50 15 0.797143
50 20 1.338275
50 25 2.041647
50 30 2.807000
50 35 3.465125
50 40 3.853250
50 45 3.851650
50 50 3.438150
50 55 2.748800
50 60 1.962080
50 65 1.257203
50 70 0.711125
50 75 0.354832
50 80 0.159668
50 85 0.062763
50 90 0.020639
50 95 0.007833
50 100 0.004083
50 105 0.001541
50 110 0.000000
50 115 0.000000
50 120 0.000000
50 125 0.000000
50 130 0.000000
50 135 0.000839
50 140 0.002407
50 145 0.004705
50 150 0.007446
50 155 0.009398
50 160 0.009625
50 165 0.009017
50 170 0.008227
50 175 0.008105
55 -180 0.020551
55 -175 0.020758
55 -170 0.022221
55 -165 0.023283
55 -160 0.027023
55 -155 0.035945
55 -150 0.045577
55 -145 0.058948
55 -140 0.075320
55 -135 0.092933
55 -130 0.107542
55 -125 0.116009
55 -120 0.117047
55 -115 0.109742
55 -110 0.093490
55 -105 0.072431
55 -100 0.047954
55 -95 0.026579
55 -90 0.011695
55 -85 0.003543
55 -80 0.001601
55 -75 0.003943
55 -70 0.009001
55 -65 0.015489
55 -60 0.021731
55 -55 0.025645
55 -50 0.025782
55 -45 0.022039
55 -40 0.015872
55 -35 0.009003
55 -30 0.004547
55 -25 0.001361
55 -20 0.000234
55 -15 0.001816
55 -10 0.019688
55 -5 0.065773
55 0 0.158318
55 5 0.347415
55 10 0.665273
55 15 1.160380
55 20 1.825895
55 25 2.626550
55 30 3.418125
55 35 4.007200
55 40 4.253650
55 45 4.088825
55 50 3.538250
55 55 2.764150
55 60 1.946580
55 65 1.245375
55 70 0.709575
55 75 0.364038
55 80 0.175142
55 85 0.078967
55 90 0.033905
55 95 0.016842
55 100 0.008772
55 105 0.003299
55 110 0.000000
55 115 0.000000
55 120 0.000000
55 125 0.000000
55 130 0.000000
55 135 0.001721
55 140 0.004939
55 145 0.009657
55 150 0.015618
55 155 0.020302
55 160 0.021759
55 165 0.021719
55 170 0.020969
55 175 0.020833
60 -180 0.038499
60 -175 0.036912
60 -170 0.036484
60 -165 0.035182
60 -160 0.037528
60 -155 0.044679
60 -150 0.050218
60 -145 0.056683
60 -140 0.064035
60 -135 0.073627
60 -130 0.083728
60 -125 0.091360
60 -120 0.095310
60 -115 0.091332
60 -110 0.078107
60 -105 0.059604
60 -100 0.038385
60 -95 0.020531
60 -90 0.008487
60 -85 0.002322
60 -80 0.003037
60 -75 0.007479
60 -70 0.016958
60 -65 0.029357
60 -60 0.041456
60 -55 0.049373
60 -50 0.050347
60 -45 0.043858
60 -40 0.032300
60 -35 0.018868
60 -30 0.009758
60 -25 0.003728
60 -20 0.002029
60 -15 0.005844
60 -10 0.035112
60 -5 0.104602
60 0 0.234877
60 5 0.473605
60 10 0.851533
60 15 1.391640
60 20 2.062842
60 25 2.810425
60 30 3.473275
60 35 3.871900
60 40 3.921300
60 45 3.619150
60 50 3.033225
60 55 2.315500
60 60 1.613370
60 65 1.036820
60 70 0.599923
60 75 0.321412
60 80 0.169345
60 85 0.089128
60 90 0.047663
60 95 0.027011
60 100 0.014060
60 105 0.005276
60 110 0.000000
60 115 0.000000
60 120 0.000000
60 125 0.000000
60 130 0.000000
60 135 0.002792
60 140 0.008215
60 145 0.016546
60 150 0.027518
60 155 0.037010
60 160 0.041318
60 165 0.042660
60 170 0.041649
60 175 0.040485
65 -180 0.057119
65 -175 0.052246
65 -170 0.048130
65 -165 0.042892
65 -160 0.042008
65 -155 0.045643
65 -150 0.046574
65 -145 0.046793
65 -140 0.046309
65 -135 0.048253
65 -130 0.052941
65 -125 0.058127
65 -120 0.063031
65 -115 0.062001
65 -110 0.053491
65 -105 0.040385
65 -100 0.025394
65 -95 0.013130
65 -90 0.005047
65 -85 0.001195
65 -80 0.004504
65 -75 0.011092
65 -70 0.024990
65 -65 0.043586
65 -60 0.062038
65 -55 0.074686
65 -50 0.077367
65 -45 0.068743
65 -40 0.051762
65 -35 0.031090
65 -30 0.016418
65 -25 0.007114
65 -20 0.004766
65 -15 0.011256
65 -10 0.050539
65 -5 0.136845
65 0 0.288982
65 5 0.540968
65 10 0.912810
65 15 1.397135
65 20 1.949745
65 25 2.516575
65 30 2.956825
65 35 3.135600
65 40 3.027050
65 45 2.676175
65 50 2.167340
65 55 1.613685
65 60 1.113905
65 65 0.723148
65 70 0.429198
65 75 0.245686
65 80 0.146451
65 85 0.091318
65 90 0.058035
65 95 0.035381
65 100 0.018404
65 105 0.006888
65 110 0.000000
65 115 0.000000
65 120 0.000000
65 125 0.000000
65 130 0.000000
65 135 0.003584
65 140 0.010826
65 145 0.022462
65 150 0.038432
65 155 0.053405
65 160 0.061864
65 165 0.065779
65 170 0.064902
65 175 0.062028
70 -180 0.068163
70 -175 0.059155
70 -170 0.050874
70 -165 0.042104
70 -160 0.037853
70 -155 0.037919
70 -150 0.035675
70 -145 0.032690
70 -140 0.028526
70 -135 0.026228
70 -130 0.026989
70 -125 0.029455
70 -120 0.033355
70 -115 0.033739
70 -110 0.029374
70 -105 0.021935
70 -100 0.013442
70 -95 0.006684
70 -90 0.002333
70 -85 0.000429
70 -80 0.005228
70 -75 0.012875
70 -70 0.028824
70 -65 0.050795
70 -60 0.073084
70 -55 0.089224
70 -50 0.094223
70 -45 0.085649
70 -40 0.066059
70 -35 0.040828
70 -30 0.021996
70 -25 0.010774
70 -20 0.008576
70 -15 0.018046
70 -10 0.062563
70 -5 0.151980
70 0 0.299928
70 5 0.522915
70 10 0.826757
70 15 1.183758
70 20 1.551305
70 25 1.892842
70 30 2.111520
70 35 2.126323
70 40 1.950832
70 45 1.643725
70 50 1.279297
70 55 0.924435
70 60 0.632420
70 65 0.418730
70 70 0.259760
70 75 0.164991
70 80 0.115362
70 85 0.084849
70 90 0.060943
70 95 0.038689
70 100 0.020109
70 105 0.007502
70 110 0.000000
70 115 0.000000
70 120 0.000000
70 125 0.000000
70 130 0.000000
70 135 0.003638
70 140 0.011483
70 145 0.024942
70 150 0.044204
70 155 0.063778
70 160 0.076754
70 165 0.083593
70 170 0.082657
70 175 0.077039
75 -180 0.065995
75 -175 0.053780
75 -170 0.042980
75 -165 0.033185
75 -160 0.027401
75 -155 0.025227
75 -150 0.021669
75 -145 0.017853
75 -140 0.013085
75 -135 0.009543
75 -130 0.008533
75 -125 0.009393
75 -120 0.012042
75 -115 0.013057
75 -110 0.011654
75 -105 0.008537
75 -100 0.004969
75 -95 0.002263
75 -90 0.000599
75 -85 0.000000
75 -80 0.004754
75 -75 0.011709
75 -70 0.026041
75 -65 0.046530
75 -60 0.067892
75 -55 0.084342
75 -50 0.091106
75 -45 0.084930
75 -40 0.067166
75 -35 0.042703
75 -30 0.023436
75 -25 0.013035
75 -20 0.012183
75 -15 0.024015
75 -10 0.066920
75 -5 0.144624
75 0 0.264450
75 5 0.429558
75 10 0.635625
75 15 0.849580
75 20 1.039127
75 25 1.188257
75 30 1.246322
75 35 1.177610
75 40 1.012475
75 45 0.799760
75 50 0.588950
75 55 0.407910
75 60 0.277058
75 65 0.191857
75 70 0.129987
75 75 0.097490
75 80 0.082686
75 85 0.070382
75 90 0.054810
75 95 0.035561
75 100 0.018468
75 105 0.006868
75 110 0.000000
75 115 0.000000
75 120 0.000000
75 125 0.000000
75 130 0.000000
75 135 0.002919
75 140 0.009953
75 145 0.023221
75 150 0.042915
75 155 0.064510
75 160 0.080528
75 165 0.089074
75 170 0.087310
75 175 0.078500
80 -180 0.052219
80 -175 0.039437
80 -170 0.028960
80 -165 0.020938
80 -160 0.015919
80 -155 0.013595
80 -150 0.010874
80 -145 0.008469
80 -140 0.005591
80 -135 0.003172
80 -130 0.001925
80 -125 0.001707
80 -120 0.002681
80 -115 0.003325
80 -110 0.003259
80 -105 0.002527
80 -100 0.001550
80 -95 0.000751
80 -90 0.000199
80 -85 0.000000
80 -80 0.003392
80 -75 0.008353
80 -70 0.018448
80 -65 0.033559
80 -60 0.049836
80 -55 0.063221
80 -50 0.070068
80 -45 0.067101
80 -40 0.054423
80 -35 0.035548
80 -30 0.019837
80 -25 0.012603
80 -20 0.013656
80 -15 0.026018
80 -10 0.061148
80 -5 0.117831
80 0 0.198116
80 5 0.298470
80 10 0.411125
80 15 0.509765
80 20 0.575905
80 25 0.609687
80 30 0.593795
80 35 0.519550
80 40 0.412223
80 45 0.298880
80 50 0.203125
80 55 0.130901
80 60 0.087704
80 65 0.066392
80 70 0.053088
80 75 0.051112
80 80 0.053122
80 85 0.050954
80 90 0.041766
80 95 0.027429
80 100 0.014235
80 105 0.005278
80 110 0.000000
80 115 0.000000
80 120 0.000000
80 125 0.000000
80 130 0.000000
80 135 0.001851
80 140 0.007179
80 145 0.018494
80 150 0.035709
80 155 0.055811
80 160 0.071805
80 165 0.079877
80 170 0.076861
80 175 0.066067
85 -180 0.034034
85 -175 0.023459
85 -170 0.015407
85 -165 0.010256
85 -160 0.006909
85 -155 0.005230
85 -150 0.003699
85 -145 0.002763
85 -140 0.001824
85 -135 0.000945
85 -130 0.000348
85 -125 0.000000
85 -120 0.000000
85 -115 0.000000
85 -110 0.000000
85 -105 0.000000
85 -100 0.000000
85 -95 0.000000
85 -90 0.000000
85 -85 0.000000
85 -80 0.001901
85 -75 0.004681
85 -70 0.010260
85 -65 0.019095
85 -60 0.028975
85 -55 0.037666
85 -50 0.042939
85 -45 0.042281
85 -40 0.035144
85 -35 0.023536
85 -30 0.013327
85 -25 0.009744
85 -20 0.012076
85 -15 0.022632
85 -10 0.046694
85 -5 0.080565
85 0 0.123179
85 5 0.170252
85 10 0.215371
85 15 0.244193
85 20 0.249508
85 25 0.238655
85 30 0.210676
85 35 0.166592
85 40 0.119775
85 45 0.078101
85 50 0.047819
85 55 0.027696
85 60 0.018742
85 65 0.017947
85 70 0.019530
85 75 0.025123
85 80 0.030679
85 85 0.031536
85 90 0.026526
85 95 0.017533
85 100 0.009094
85 105 0.003364
85 110 0.000000
85 115 0.000000
85 120 0.000000
85 125 0.000000
85 130 0.000000
85 135 0.000926
85 140 0.004399
85 145 0.012756
85 150 0.025598
85 155 0.041282
85 160 0.054227
85 165 0.060145
85 170 0.056454
85 175 0.046160
90 -180 0.018009
90 -175 0.010984
90 -170 0.006000
90 -165 0.003425
90 -160 0.001706
90 -155 0.000791
90 -150 0.000151
90 -145 0.000000
90 -140 0.000000
90 -135 0.000000
90 -130 0.000000
90 -125 0.000000
90 -120 0.000000
90 -115 0.000000
90 -110 0.000000
90 -105 0.000000
90 -100 0.000000
90 -95 0.000000
90 -90 0.000000
90 -85 0.000000
90 -80 0.000838
90 -75 0.002064
90 -70 0.004473
90 -65 0.008559
90 -60 0.013317
90 -55 0.017788
90 -50 0.020895
90 -45 0.021162
90 -40 0.018013
90 -35 0.012344
90 -30 0.007083
90 -25 0.006025
90 -20 0.008424
90 -15 0.015648
90 -10 0.028997
90 -5 0.044886
90 0 0.061773
90 5 0.077549
90 10 0.089563
90 15 0.093109
90 20 0.085867
90 25 0.073370
90 30 0.057318
90 35 0.039314
90 40 0.024099
90 45 0.012625
90 50 0.005407
90 55 0.001311
90 60 0.000517
90 65 0.002786
90 70 0.006046
90 75 0.010369
90 80 0.014036
90 85 0.014978
90 90 0.012581
90 95 0.008305
90 100 0.004303
90 105 0.001585
90 110 0.000000
90 115 0.000000
90 120 0.000000
90 125 0.000000
90 130 0.000000
90 135 0.000291
90 140 0.002114
90 145 0.007185
90 150 0.015048
90 155 0.025061
90 160 0.033587
90 165 0.037149
90 170 0.034037
90 175 0.026436
95 -180 0.006442
95 -175 0.002804
95 -170 0.000655
95 -165 0.000162
95 -160 0.000000
95 -155 0.000000
95 -150 0.000000
95 -145 0.000000
95 -140 0.000000
95 -135 0.000000
95 -130 0.000000
95 -125 0.000000
95 -120 0.000000
95 -115 0.000000
95 -110 0.000000
95 -105 0.000000
95 -100 0.000000
95 -95 0.000000
95 -90 0.000000
95 -85 0.000000
95 -80 0.000086
95 -75 0.000212
95 -70 0.000399
95 -65 0.001161
95 -60 0.002346
95 -55 0.003886
95 -50 0.005493
95 -45 0.006405
95 -40 0.006031
95 -35 0.004509
95 -30 0.002704
95 -25 0.002942
95 -20 0.004638
95 -15 0.008527
95 -10 0.014536
95 -5 0.020530
95 0 0.025349
95 5 0.028622
95 10 0.029872
95 15 0.028169
95 20 0.022921
95 25 0.016761
95 30 0.010582
95 35 0.005312
95 40 0.002239
95 45 0.000785
95 50 0.000195
95 55 0.000000
95 60 0.000224
95 65 0.001248
95 70 0.002708
95 75 0.004645
95 80 0.006287
95 85 0.006709
95 90 0.005635
95 95 0.003720
95 100 0.001928
95 105 0.000710
95 110 0.000000
95 115 0.000000
95 120 0.000000
95 125 0.000000
95 130 0.000000
95 135 0.000000
95 140 0.000742
95 145 0.003219
95 150 0.007042
95 155 0.012086
95 160 0.016445
95 165 0.017930
95 170 0.015729
95 175 0.011160
100 -180 0.001920
100 -175 0.000659
100 -170 0.000000
100 -165 0.000000
100 -160 0.000000
100 -155 0.000000
100 -150 0.000000
100 -145 0.000000
100 -140 0.000000
100 -135 0.000000
100 -130 0.000000
100 -125 0.000000
100 -120 0.000000
100 -115 0.000000
100 -110 0.000000
100 -105 0.000000
100 -100 0.000000
100 -95 0.000000
100 -90 0.000000
100 -85 0.000000
100 -80 0.000000
100 -75 0.000000
100 -70 0.000000
100 -65 0.000050
100 -60 0.000147
100 -55 0.000288
100 -50 0.000445
100 -45 0.000542
100 -40 0.000520
100 -35 0.000395
100 -30 0.000237
100 -25 0.000844
100 -20 0.001940
100 -15 0.003662
100 -10 0.005537
100 -5 0.006611
100 0 0.006279
100 5 0.004837
100 10 0.003115
100 15 0.001749
100 20 0.000655
100 25 0.000305
100 30 0.000149
100 35 0.000041
100 40 0.000000
100 45 0.000000
100 50 0.000000
100 55 0.000000
100 60 0.000029
100 65 0.000163
100 70 0.000354
100 75 0.000607
100 80 0.000822
100 85 0.000877
100 90 0.000737
100 95 0.000486
100 100 0.000252
100 105 0.000093
100 110 0.000000
100 115 0.000000
100 120 0.000000
100 125 0.000000
100 130 0.000000
100 135 0.000000
100 140 0.000339
100 145 0.001473
100 150 0.003102
100 155 0.005167
100 160 0.006805
100 165 0.007083
100 170 0.005818
100 175 0.003768
105 -180 0.000323
105 -175 0.000111
105 -170 0.000000
105 -165 0.000000
105 -160 0.000000
105 -155 0.000000
105 -150 0.000000
105 -145 0.000000
105 -140 0.000000
105 -135 0.000000
105 -130 0.000000
105 -125 0.000000
105 -120 0.000000
105 -115 0.000000
105 -110 0.000000
105 -105 0.000000
105 -100 0.000000
105 -95 0.000000
105 -90 0.000000
105 -85 0.000000
105 -80 0.000000
105 -75 0.000000
105 -70 0.000000
105 -65 0.000000
105 -60 0.000000
105 -55 0.000000
105 -50 0.000000
105 -45 0.000000
105 -40 0.000000
105 -35 0.000000
105 -30 0.000000
105 -25 0.000075
105 -20 0.000197
105 -15 0.000376
105 -10 0.000564
105 -5 0.000663
105 0 0.000612
105 5 0.000444
105 10 0.000254
105 15 0.000115
105 20 0.000016
105 25 0.000000
105 30 0.000000
105 35 0.000000
105 40 0.000000
105 45 0.000000
105 50 0.000000
105 55 0.000000
105 60 0.000000
105 65 0.000000
105 70 0.000000
105 75 0.000000
105 80 0.000000
105 85 0.000000
105 90 0.000000
105 95 0.000000
105 100 0.000000
105 105 0.000000
105 110 0.000000
105 115 0.000000
105 120 0.000000
105 125 0.000000
105 130 0.000000
105 135 0.000000
105 140 0.000057
105 145 0.000248
105 150 0.000522
105 155 0.000869
105 160 0.001145
105 165 0.001191
105 170 0.000979
105 175 0.000634
110 -180 0.000000
110 -175 0.000000
110 -170 0.000000
110 -165 0.000000
110 -160 0.000000
110 -155 0.000000
110 -150 0.000000
110 -145 0.000000
110 -140 0.000000
110 -135 0.000000
110 -130 0.000000
110 -125 0.000000
110 -120 0.000000
110 -115 0.000000
110 -110 0.000000
110 -105 0.000000
110 -100 0.000000
110 -95 0.000000
110 -90 0.000000
110 -85 0.000000
110 -80 0.000000
110 -75 0.000000
110 -70 0.000000
110 -65 0.000000
110 -60 0.000000
110 -55 0.000000
110 -50 0.000000
110 -45 0.000000
110 -40 0.000000
110 -35 0.000000
110 -30 0.000000
110 -25 0.000000
110 -20 0.000000
110 -15 0.000000
110 -10 0.000000
110 -5 0.000000
110 0 0.000000
110 5 0.000000
110 10 0.000000
110 15 0.000000
110 20 0.000000
110 25 0.000000
110 30 0.000000
110 35 0.000000
110 40 0.000000
110 45 0.000000
110 50 0.000000
110 55 0.000000
110 60 0.000000
110 65 0.000000
110 70 0.000000
110 75 0.000000
110 80 0.000000
110 85 0.000000
110 90 0.000000
110 95 0.000000
110 100 0.000000
110 105 0.000000
110 110 0.000000
110 115 0.000000
110 120 0.000000
110 125 0.000000
110 130 0.000000
110 135 0.000000
110 140 0.000000
110 145 0.000000
110 150 0.000000
110 155 0.000000
110 160 0.000000
110 165 0.000000
110 170 0.000000
110 175 0.000000
115 -180 0.000000
115 -175 0.000000
115 -170 0.000000
115 -165 0.000000
115 -160 0.000000
115 -155 0.000000
115 -150 0.000000
115 -145 0.000000
115 -140 0.000000
115 -135 0.000000
115 -130 0.000000
115 -125 0.000000
115 -120 0.000000
115 -115 0.000000
115 -110 0.000000
115 -105 0.000000
115 -100 0.000000
115 -95 0.000000
115 -90 0.000000
115 -85 0.000000
115 -80 0.000000
115 -75 0.000000
115 -70 0.000000
115 -65 0.000000
115 -60 0.000000
115 -55 0.000000
115 -50 0.000000
115 -45 0.000000
115 -40 0.000000
115 -35 0.000000
115 -30 0.000000
115 -25 0.000000
115 -20 0.000000
115 -15 0.000000
115 -10 0.000000
115 -5 0.000000
115 0 0.000000
115 5 0.000000
115 10 0.000000
115 15 0.000000
115 20 0.000000
115 25 0.000000
115 30 0.000000
115 35 0.000000
115 40 0.000000
115 45 0.000000
115 50 0.000000
115 55 0.000000
115 60 0.000000
115 65 0.000000
115 70 0.000000
115 75 0.000000
115 80 0.000000
115 85 0.000000
115 90 0.000000
115 95 0.000000
115 100 0.000000
115 105 0.000000
115 110 0.000000
115 115 0.000000
115 120 0.000000
115 125 0.000000
115 130 0.000000
115 135 0.000000
115 140 0.000000
115 145 0.000000
115 150 0.000000
115 155 0.000000
115 160 0.000000
115 165 0.000000
115 170 0.000000
115 175 0.000000
120 -180 0.000000
120 -175 0.000000
120 -170 0.000000
120 -165 0.000000
120 -160 0.000000
120 -155 0.000000
120 -150 0.000000
120 -145 0.000000
120 -140 0.000000
120 -135 0.000000
120 -130 0.000000
120 -125 0.000000
120 -120 0.000000
120 -115 0.000000
120 -110 0.000000
120 -105 0.000000
120 -100 0.000000
120 -95 0.000000
120 -90 0.000000
120 -85 0.000000
120 -80 0.000000
120 -75 0.000000
120 -70 0.000000
120 -65 0.000000
120 -60 0.000000
120 -55 0.000000
120 -50 0.000000
120 -45 0.000000
120 -40 0.000000
120 -35 0.000000
120 -30 0.000000
120 -25 0.000000
120 -20 0.000000
120 -15 0.000000
120 -10 0.000000
120 -5 0.000000
120 0 0.000000
120 5 0.000000
120 10 0.000000
120 15 0.000000
120 20 0.000000
120 25 0.000000
120 30 0.000000
120 35 0.000000
120 40 0.000000
120 45 0.000000
120 50 0.000000
120 55 0.000000
120 60 0.000000
120 65 0.000000
120 70 0.000000
120 75 0.000000
120 80 0.000000
120 85 0.000000
120 90 0.000000
120 95 0.000000
120 100 0.000000
120 105 0.000000
120 110 0.000000
120 115 0.000000
120 120 0.000000
120 125 0.000000
120 130 0.000000
120 135 0.000000
120 140 0.000000
120 145 0.000000
120 150 0.000000
120 155 0.000000
120 160 0.000000
120 165 0.000000
120 170 0.000000
120 175 0.000000
125 -180 0.000000
125 -175 0.000000
125 -170 0.000000
125 -165 0.000000
125 -160 0.000000
125 -155 0.000000
125 -150 0.000000
125 -145 0.000000
125 -140 0.000000
125 -135 0.000000
125 -130 0.000000
125 -125 0.000000
125 -120 0.000000
125 -115 0.000000
125 -110 0.000000
125 -105 0.000000
125 -100 0.000000
125 -95 0.000000
125 -90 0.000000
125 -85 0.000000
125 -80 0.000000
125 -75 0.000000
125 -70 0.000000
125 -65 0.000000
125 -60 0.000000
125 -55 0.000000
125 -50 0.000275
125 -45 0.000843
125 -40 0.001671
125 -35 0.002613
125 -30 0.003226
125 -25 0.003146
125 -20 0.002427
125 -15 0.001480
125 -10 0.000714
125 -5 0.000183
125 0 0.000000
125 5 0.000000
125 10 0.000000
125 15 0.000000
125 20 0.000000
125 25 0.000000
125 30 0.000000
125 35 0.000000
125 40 0.000000
125 45 0.000000
125 50 0.000000
125 55 0.000000
125 60 0.000000
125 65 0.000000
125 70 0.000000
125 75 0.000000
125 80 0.000000
125 85 0.000000
125 90 0.000000
125 95 0.000000
125 100 0.000000
125 105 0.000000
125 110 0.000000
125 115 0.000000
125 120 0.000000
125 125 0.000000
125 130 0.000000
125 135 0.000000
125 140 0.000000
125 145 0.000000
125 150 0.000000
125 155 0.000000
125 160 0.000000
125 165 0.000000
125 170 0.000000
125 175 0.000000
130 -180 0.000000
130 -175 0.000000
130 -170 0.000000
130 -165 0.000000
130 -160 0.000000
130 -155 0.000000
130 -150 0.000000
130 -145 0.000000
130 -140 0.000000
130 -135 0.000000
130 -130 0.000000
130 -125 0.000000
130 -120 0.000000
130 -115 0.000000
130 -110 0.000000
130 -105 0.000000
130 -100 0.000000
130 -95 0.000000
130 -90 0.000000
130 -85 0.000000
130 -80 0.000000
130 -75 0.000000
130 -70 0.000000
130 -65 0.000000
130 -60 0.000000
130 -55 0.000000
130 -50 0.000843
130 -45 0.002583
130 -40 0.005123
130 -35 0.008011
130 -30 0.009888
130 -25 0.009644
130 -20 0.007439
130 -15 0.004538
130 -10 0.002190
130 -5 0.000562
130 0 0.000000
130 5 0.000000
130 10 0.000000
130 15 0.000000
130 20 0.000000
130 25 0.000000
130 30 0.000000
130 35 0.000000
130 40 0.000000
130 45 0.000000
130 50 0.000000
130 55 0.000000
130 60 0.000000
130 65 0.000000
130 70 0.000000
130 75 0.000000
130 80 0.000000
130 85 0.000000
130 90 0.000000
130 95 0.000000
130 100 0.000000
130 105 0.000000
130 110 0.000000
130 115 0.000000
130 120 0.000000
130 125 0.000000
130 130 0.000000
130 135 0.000000
130 140 0.000000
130 145 0.000000
130 150 0.000000
130 155 0.000000
130 160 0.000000
130 165 0.000000
130 170 0.000000
130 175 0.000000
135 -180 0.000000
135 -175 0.000000
135 -170 0.000000
135 -165 0.000000
135 -160 0.000000
135 -155 0.000000
135 -150 0.000000
135 -145 0.000000
135 -140 0.000000
135 -135 0.000000
135 -130 0.000000
135 -125 0.000000
135 -120 0.000000
135 -115 0.000000
135 -110 0.000000
135 -105 0.000000
135 -100 0.000000
135 -95 0.000000
135 -90 0.000000
135 -85 0.000000
135 -80 0.000000
135 -75 0.000000
135 -70 0.000000
135 -65 0.000000
135 -60 0.000000
135 -55 0.000000
135 -50 0.001671
135 -45 0.005123
135 -40 0.010163
135 -35 0.015892
135 -30 0.019615
135 -25 0.019131
135 -20 0.014756
135 -15 0.009003
135 -10 0.004344
135 -5 0.001114
135 0 0.000000
135 5 0.000000
135 10 0.000000
135 15 0.000000
135 20 0.000000
135 25 0.000000
135 30 0.000000
135 35 0.000000
135 40 0.000000
135 45 0.000000
135 50 0.000000
135 55 0.000000
135 60 0.000000
135 65 0.000000
135 70 0.000000
135 75 0.000000
135 80 0.000000
135 85 0.000000
135 90 0.000000
135 95 0.000000
135 100 0.000000
135 105 0.000000
135 110 0.000000
135 115 0.000000
135 120 0.000000
135 125 0.000000
135 130 0.000000
135 135 0.000000
135 140 0.000000
135 145 0.000000
135 150 0.000000
135 155 0.000000
135 160 0.000000
135 165 0.000000
135 170 0.000000
135 175 0.000000
140 -180 0.000000
140 -175 0.000000
140 -170 0.000000
140 -165 0.000000
140 -160 0.000000
140 -155 0.000000
140 -150 0.000000
140 -145 0.000000
140 -140 0.000000
140 -135 0.000000
140 -130 0.000000
140 -125 0.000000
140 -120 0.000000
140 -115 0.000000
140 -110 0.000000
140 -105 0.000000
140 -100 0.000000
140 -95 0.000000
140 -90 0.000000
140 -85 0.000000
140 -80 0.000000
140 -75 0.000000
140 -70 0.000000
140 -65 0.000000
140 -60 0.000000
140 -55 0.000000
140 -50 0.002613
140 -45 0.008011
140 -40 0.015892
140 -35 0.024849
140 -30 0.030671
140 -25 0.029915
140 -20 0.023073
140 -15 0.014077
140 -10 0.006793
140 -5 0.001742
140 0 0.000000
140 5 0.000000
140 10 0.000000
140 15 0.000000
140 20 0.000000
140 25 0.000000
140 30 0.000000
140 35 0.000000
140 40 0.000000
140 45 0.000000
140 50 0.000000
140 55 0.000000
140 60 0.000000
140 65 0.000000
140 70 0.000000
140 75 0.000000
140 80 0.000000
140 85 0.000000
140 90 0.000000
140 95 0.000000
140 100 0.000000
140 105 0.000000
140 110 0.000000
140 115 0.000000
140 120 0.000000
140 125 0.000000
140 130 0.000000
140 135 0.000000
140 140 0.000000
140 145 0.000000
140 150 0.000000
140 155 0.000000
140 160 0.000000
140 165 0.000000
140 170 0.000000
140 175 0.000000
145 -180 0.000000
145 -175 0.000000
145 -170 0.000000
145 -165 0.000000
145 -160 0.000000
145 -155 0.000000
145 -150 0.000000
145 -145 0.000000
145 -140 0.000000
145 -135 0.000000
145 -130 0.000000
145 -125 0.000000
145 -120 0.000000
145 -115 0.000000
145 -110 0.000000
145 -105 0.000000
145 -100 0.000000
145 -95 0.000000
145 -90 0.000000
145 -85 0.000000
145 -80 0.000000
145 -75 0.000000
145 -70 0.000000
145 -65 0.000000
145 -60 0.000000
145 -55 0.000000
145 -50 0.003226
145 -45 0.009888
145 -40 0.019615
145 -35 0.030671
145 -30 0.037857
145 -25 0.036923
145 -20 0.028479
145 -15 0.017375
145 -10 0.008384
145 -5 0.002150
145 0 0.000000
145 5 0.000000
145 10 0.000000
145 15 0.000000
145 20 0.000000
145 25 0.000000
145 30 0.000000
145 35 0.000000
145 40 0.000000
145 45 0.000000
145 50 0.000000
145 55 0.000000
145 60 0.000000
145 65 0.000000
145 70 0.000000
145 75 0.000000
145 80 0.000000
145 85 0.000000
145 90 0.000000
145 95 0.000000
145 100 0.000000
145 105 0.000000
145 110 0.000000
145 115 0.000000
145 120 0.000000
145 125 0.000000
145 130 0.000000
145 135 0.000000
145 140 0.000000
145 145 0.000000
145 150 0.000000
145 155 0.000000
145 160 0.000000
145 165 0.000000
145 170 0.000000
145 175 0.000000
150 -180 0.000000
150 -175 0.000000
150 -170 0.000000
150 -165 0.000000
150 -160 0.000000
150 -155 0.000000
150 -150 0.000000
150 -145 0.000000
150 -140 0.000000
150 -135 0.000000
150 -130 0.000000
150 -125 0.000000
150 -120 0.000000
150 -115 0.000000
150 -110 0.000000
150 -105 0.000000
150 -100 0.000000
150 -95 0.000000
150 -90 0.000000
150 -85 0.000000
150 -80 0.000000
150 -75 0.000000
150 -70 0.000000
150 -65 0.000000
150 -60 0.000000
150 -55 0.000000
150 -50 0.003146
150 -45 0.009644
150 -40 0.019131
150 -35 0.029915
150 -30 0.036923
150 -25 0.036012
150 -20 0.027776
150 -15 0.016947
150 -10 0.008177
150 -5 0.002097
150 0 0.000000
150 5 0.000000
150 10 0.000000
150 15 0.000000
150 20 0.000000
150 25 0.000000
150 30 0.000000
150 35 0.000000
150 40 0.000000
150 45 0.000000
150 50 0.000000
150 55 0.000000
150 60 0.000000
150 65 0.000000
150 70 0.000000
150 75 0.000000
150 80 0.000000
150 85 0.000000
150 90 0.000000
150 95 0.000000
150 100 0.000000
150 105 0.000000
150 110 0.000000
150 115 0.000000
150 120 0.000000
150 125 0.000000
150 130 0.000000
150 135 0.000000
150 140 0.000000
150 145 0.000000
150 150 0.000000
150 155 0.000000
150 160 0.000000
150 165 0.000000
150 170 0.000000
150 175 0.000000
155 -180 0.000419
155 -175 0.000000
155 -170 0.000000
155 -165 0.000000
155 -160 0.000000
155 -155 0.000000
155 -150 0.000000
155 -145 0.000000
155 -140 0.000000
155 -135 0.000000
155 -130 0.000000
155 -125 0.000000
155 -120 0.000000
155 -115 0.000000
155 -110 0.000000
155 -105 0.000000
155 -100 0.000000
155 -95 0.000000
155 -90 0.000000
155 -85 0.000000
155 -80 0.000000
155 -75 0.000000
155 -70 0.000000
155 -65 0.000000
155 -60 0.000000
155 -55 0.000000
155 -50 0.002427
155 -45 0.007439
155 -40 0.014756
155 -35 0.023073
155 -30 0.028479
155 -25 0.027776
155 -20 0.021424
155 -15 0.013071
155 -10 0.006307
155 -5 0.001618
155 0 0.000000
155 5 0.000000
155 10 0.000000
155 15 0.000000
155 20 0.000000
155 25 0.000000
155 30 0.000000
155 35 0.000000
155 40 0.000000
155 45 0.000000
155 50 0.000000
155 55 0.000000
155 60 0.000000
155 65 0.000000
155 70 0.000000
155 75 0.000000
155 80 0.000000
155 85 0.000000
155 90 0.000000
155 95 0.000000
155 100 0.000000
155 105 0.000000
155 110 0.000000
155 115 0.000000
155 120 0.000000
155 125 0.000000
155 130 0.000000
155 135 0.000329
155 140 0.001209
155 145 0.002480
155 150 0.004024
155 155 0.005165
155 160 0.005242
155 165 0.004207
155 170 0.002667
155 175 0.001334
160 -180 0.001014
160 -175 0.000000
160 -170 0.000000
160 -165 0.000000
160 -160 0.000000
160 -155 0.000000
160 -150 0.000000
160 -145 0.000000
160 -140 0.000000
160 -135 0.000000
160 -130 0.000000
160 -125 0.000000
160 -120 0.000000
160 -115 0.000000
160 -110 0.000000
160 -105 0.000000
160 -100 0.000000
160 -95 0.000000
160 -90 0.000000
160 -85 0.000000
160 -80 0.000000
160 -75 0.000000
160 -70 0.000000
160 -65 0.000000
160 -60 0.000000
160 -55 0.000000
160 -50 0.001480
160 -45 0.004538
160 -40 0.009003
160 -35 0.014077
160 -30 0.017375
160 -25 0.016947
160 -20 0.013071
160 -15 0.007975
160 -10 0.003848
160 -5 0.000987
160 0 0.000000
160 5 0.000000
160 10 0.000000
160 15 0.000000
160 20 0.000000
160 25 0.000000
160 30 0.000000
160 35 0.000000
160 40 0.000000
160 45 0.000000
160 50 0.000000
160 55 0.000000
160 60 0.000000
160 65 0.000000
160 70 0.000000
160 75 0.000000
160 80 0.000000
160 85 0.000000
160 90 0.000000
160 95 0.000000
160 100 0.000000
160 105 0.000000
160 110 0.000000
160 115 0.000000
160 120 0.000000
160 125 0.000000
160 130 0.000000
160 135 0.000796
160 140 0.002924
160 145 0.006001
160 150 0.009736
160 155 0.012495
160 160 0.012683
160 165 0.010179
160 170 0.006453
160 175 0.003228
165 -180 0.008420
165 -175 0.004035
165 -170 0.002001
165 -165 0.000601
165 -160 0.000000
165 -155 0.000000
165 -150 0.000000
165 -145 0.000000
165 -140 0.000000
165 -135 0.000000
165 -130 0.000000
165 -125 0.000000
165 -120 0.000000
165 -115 0.000000
165 -110 0.000000
165 -105 0.000000
165 -100 0.000000
165 -95 0.000000
165 -90 0.000000
165 -85 0.000000
165 -80 0.000000
165 -75 0.000000
165 -70 0.000000
165 -65 0.000000
165 -60 0.000000
165 -55 0.000000
165 -50 0.000714
165 -45 0.002190
165 -40 0.004344
165 -35 0.006793
165 -30 0.008384
165 -25 0.008177
165 -20 0.006307
165 -15 0.003848
165 -10 0.001857
165 -5 0.000476
165 0 0.000000
165 5 0.000000
165 10 0.000000
165 15 0.000000
165 20 0.000000
165 25 0.000000
165 30 0.000000
165 35 0.000000
165 40 0.000000
165 45 0.000000
165 50 0.000000
165 55 0.000000
165 60 0.000000
165 65 0.000000
165 70 0.000142
165 75 0.000733
165 80 0.002036
165 85 0.003783
165 90 0.005661
165 95 0.006812
165 100 0.006580
165 105 0.005086
165 110 0.003136
165 115 0.001491
165 120 0.000458
165 125 0.000000
165 130 0.000126
165 135 0.002107
165 140 0.006888
165 145 0.013692
165 150 0.022193
165 155 0.029098
165 160 0.031011
165 165 0.027730
165 170 0.021442
165 175 0.014675
170 -180 0.041390
170 -175 0.024897
170 -170 0.013068
170 -165 0.005060
170 -160 0.000930
170 -155 0.000057
170 -150 0.000015
170 -145 0.000000
170 -140 0.000000
170 -135 0.000000
170 -130 0.000000
170 -125 0.000000
170 -120 0.000000
170 -115 0.000000
170 -110 0.000000
170 -105 0.000000
170 -100 0.000000
170 -95 0.000000
170 -90 0.000000
170 -85 0.000000
170 -80 0.000000
170 -75 0.000000
170 -70 0.000000
170 -65 0.000000
170 -60 0.000000
170 -55 0.000000
170 -50 0.000183
170 -45 0.000562
170 -40 0.001114
170 -35 0.001742
170 -30 0.002150
170 -25 0.002097
170 -20 0.001618
170 -15 0.000987
170 -10 0.000476
170 -5 0.000122
170 0 0.000000
170 5 0.000000
170 10 0.000000
170 15 0.000000
170 20 0.000000
170 25 0.000000
170 30 0.000000
170 35 0.000000
170 40 0.000000
170 45 0.000061
170 50 0.000162
170 55 0.000310
170 60 0.000706
170 65 0.001236
170 70 0.002523
170 75 0.005191
170 80 0.009568
170 85 0.014632
170 90 0.019171
170 95 0.021080
170 100 0.019102
170 105 0.014019
170 110 0.008342
170 115 0.003780
170 120 0.001180
170 125 0.000327
170 130 0.001134
170 135 0.006150
170 140 0.016839
170 145 0.032504
170 150 0.052396
170 155 0.071060
170 160 0.081260
170 165 0.081215
170 170 0.072976
170 175 0.059143
175 -180 0.121665
175 -175 0.086869
175 -170 0.055132
175 -165 0.029783
175 -160 0.012881
175 -155 0.005071
175 -150 0.001893
175 -145 0.000399
175 -140 0.000000
175 -135 0.000000
175 -130 0.000000
175 -125 0.000000
175 -120 0.000000
175 -115 0.000000
175 -110 0.000000
175 -105 0.000000
175 -100 0.000000
175 -95 0.000000
175 -90 0.000000
175 -85 0.000000
175 -80 0.000000
175 -75 0.000000
175 -70 0.000000
175 -65 0.000000
175 -60 0.000000
175 -55 0.000000
175 -50 0.000000
175 -45 0.000000
175 -40 0.000000
175 -35 0.000000
175 -30 0.000000
175 -25 0.000000
175 -20 0.000000
175 -15 0.000000
175 -10 0.000000
175 -5 0.000000
175 0 0.000000
175 5 0.000000
175 10 0.000000
175 15 0.000000
175 20 0.000000
175 25 0.000000
175 30 0.000000
175 35 0.000000
175 40 0.000000
175 45 0.000696
175 50 0.001844
175 55 0.003538
175 60 0.006173
175 65 0.008727
175 70 0.012307
175 75 0.018294
175 80 0.027296
175 85 0.037373
175 90 0.045743
175 95 0.048404
175 100 0.043049
175 105 0.031622
175 110 0.019709
175 115 0.010227
175 120 0.005124
175 125 0.004203
175 130 0.006677
175 135 0.016622
175 140 0.035570
175 145 0.063033
175 150 0.097744
175 155 0.133051
175 160 0.158228
175 165 0.169338
175 170 0.167268
175 175 0.151622
