-180 -180 0.085494
-180 -175 0.046849
-180 -170 0.021324
-180 -165 0.009241
-180 -160 0.003443
-180 -155 0.001359
-180 -150 0.000020
-180 -145 0.000000
-180 -140 0.000000
-180 -135 0.000000
-180 -130 0.000000
-180 -125 0.000000
-180 -120 0.000000
-180 -115 0.000000
-180 -110 0.000000
-180 -105 0.000000
-180 -100 0.000000
-180 -95 0.000000
-180 -90 0.002349
-180 -85 0.007984
-180 -80 0.016163
-180 -75 0.025845
-180 -70 0.032675
-180 -65 0.032675
-180 -60 0.025845
-180 -55 0.016163
-180 -50 0.007984
-180 -45 0.002349
-180 -40 0.000000
-180 -35 0.000000
-180 -30 0.000000
-180 -25 0.000000
-180 -20 0.000000
-180 -15 0.000000
-180 -10 0.000000
-180 -5 0.000000
-180 0 0.000000
-180 5 0.000000
-180 10 0.000000
-180 15 0.000000
-180 20 0.000000
-180 25 0.000000
-180 30 0.000000
-180 35 0.000000
-180 40 0.000000
-180 45 0.000104
-180 50 0.000495
-180 55 0.001377
-180 60 0.002551
-180 65 0.003813
-180 70 0.004594
-180 75 0.004449
-180 80 0.003452
-180 85 0.002153
-180 90 0.001284
-180 95 0.000939
-180 100 0.001125
-180 105 0.003253
-180 110 0.008499
-180 115 0.019084
-180 120 0.032912
-180 125 0.047221
-180 130 0.057295
-180 135 0.062606
-180 140 0.069477
-180 145 0.090522
-180 150 0.126382
-180 155 0.170323
-180 160 0.202579
-180 165 0.208579
-180 170 0.181853
-180 175 0.134871
-175 -180 0.170748
-175 -175 0.100298
-175 -170 0.051145
-175 -165 0.023374
-175 -160 0.009268
-175 -155 0.003443
-175 -150 0.000074
-175 -145 0.000000
-175 -140 0.000000
-175 -135 0.000000
-175 -130 0.000000
-175 -125 0.000000
-175 -120 0.000000
-175 -115 0.000000
-175 -110 0.000000
-175 -105 0.000000
-175 -100 0.000000
-175 -95 0.000000
-175 -90 0.001568
-175 -85 0.005328
-175 -80 0.010786
-175 -75 0.017248
-175 -70 0.021806
-175 -65 0.021806
-175 -60 0.017248
-175 -55 0.010786
-175 -50 0.005328
-175 -45 0.001568
-175 -40 0.000000
-175 -35 0.000000
-175 -30 0.000000
-175 -25 0.000000
-175 -20 0.000000
-175 -15 0.000000
-175 -10 0.000000
-175 -5 0.000000
-175 0 0.000000
-175 5 0.000000
-175 10 0.000000
-175 15 0.000000
-175 20 0.000000
-175 25 0.000000
-175 30 0.000000
-175 35 0.000000
-175 40 0.000000
-175 45 0.000405
-175 50 0.001997
-175 55 0.005510
-175 60 0.010200
-175 65 0.015214
-175 70 0.018270
-175 75 0.017625
-175 80 0.013799
-175 85 0.008993
-175 90 0.006222
-175 95 0.005625
-175 100 0.007038
-175 105 0.011699
-175 110 0.020634
-175 115 0.037992
-175 120 0.060995
-175 125 0.085811
-175 130 0.104736
-175 135 0.116080
-175 140 0.130442
-175 145 0.166760
-175 150 0.229659
-175 155 0.305470
-175 160 0.361610
-175 165 0.374980
-175 170 0.333408
-175 175 0.255933
-170 -180 0.283683
-170 -175 0.174242
-170 -170 0.094246
-170 -165 0.044596
-170 -160 0.018058
-170 -155 0.006271
-170 -150 0.000152
-170 -145 0.000000
-170 -140 0.000000
-170 -135 0.000000
-170 -130 0.000000
-170 -125 0.000000
-170 -120 0.000000
-170 -115 0.000000
-170 -110 0.000000
-170 -105 0.000000
-170 -100 0.000000
-170 -95 0.000000
-170 -90 0.000820
-170 -85 0.002786
-170 -80 0.005639
-170 -75 0.009018
-170 -70 0.011400
-170 -65 0.011400
-170 -60 0.009018
-170 -55 0.006093
-170 -50 0.004107
-170 -45 0.003412
-170 -40 0.004004
-170 -35 0.004874
-170 -30 0.004683
-170 -25 0.003556
-170 -20 0.002135
-170 -15 0.001014
-170 -10 0.000234
-170 -5 0.000000
-170 0 0.000000
-170 5 0.000000
-170 10 0.000000
-170 15 0.000000
-170 20 0.000000
-170 25 0.000000
-170 30 0.000000
-170 35 0.000000
-170 40 0.000000
-170 45 0.000990
-170 50 0.004820
-170 55 0.014193
-170 60 0.027051
-170 65 0.041524
-170 70 0.051515
-170 75 0.051641
-170 80 0.042805
-170 85 0.030303
-170 90 0.022260
-170 95 0.019832
-170 100 0.021796
-170 105 0.028680
-170 110 0.040026
-170 115 0.062301
-170 120 0.093465
-170 125 0.128731
-170 130 0.158219
-170 135 0.178040
-170 140 0.203815
-170 145 0.260043
-170 150 0.355675
-170 155 0.469117
-170 160 0.554035
-170 165 0.577148
-170 170 0.520515
-170 175 0.409725
-165 -180 0.394312
-165 -175 0.249196
-165 -170 0.139298
-165 -165 0.067289
-165 -160 0.027623
-165 -155 0.009123
-165 -150 0.000246
-165 -145 0.000000
-165 -140 0.000000
-165 -135 0.000000
-165 -130 0.000000
-165 -125 0.000000
-165 -120 0.000000
-165 -115 0.000000
-165 -110 0.000000
-165 -105 0.000000
-165 -100 0.000000
-165 -95 0.000000
-165 -90 0.000313
-165 -85 0.001064
-165 -80 0.002154
-165 -75 0.003444
-165 -70 0.004354
-165 -65 0.004354
-165 -60 0.003444
-165 -55 0.003292
-165 -50 0.004381
-165 -45 0.006821
-165 -40 0.010050
-165 -35 0.012234
-165 -30 0.011755
-165 -25 0.008925
-165 -20 0.005358
-165 -15 0.002545
-165 -10 0.000633
-165 -5 0.000279
-165 0 0.000609
-165 5 0.001053
-165 10 0.001434
-165 15 0.001539
-165 20 0.001299
-165 25 0.000861
-165 30 0.000448
-165 35 0.000167
-165 40 0.000180
-165 45 0.003342
-165 50 0.012631
-165 55 0.033367
-165 60 0.060859
-165 65 0.090627
-165 70 0.110150
-165 75 0.109699
-165 80 0.092384
-165 85 0.068061
-165 90 0.051725
-165 95 0.046377
-165 100 0.048609
-165 105 0.056973
-165 110 0.067865
-165 115 0.089873
-165 120 0.123293
-165 125 0.163806
-165 130 0.201580
-165 135 0.230147
-165 140 0.268697
-165 145 0.343745
-165 150 0.467913
-165 155 0.613557
-165 160 0.724695
-165 165 0.758433
-165 170 0.691867
-165 175 0.554978
-160 -180 0.464595
-160 -175 0.299565
-160 -170 0.170422
-160 -165 0.083346
-160 -160 0.034258
-160 -155 0.010598
-160 -150 0.000316
-160 -145 0.000000
-160 -140 0.000000
-160 -135 0.000000
-160 -130 0.000000
-160 -125 0.000000
-160 -120 0.000000
-160 -115 0.000000
-160 -110 0.000000
-160 -105 0.000000
-160 -100 0.000000
-160 -95 0.000000
-160 -90 0.000000
-160 -85 0.000000
-160 -80 0.000000
-160 -75 0.000000
-160 -70 0.000000
-160 -65 0.000000
-160 -60 0.000000
-160 -55 0.002153
-160 -50 0.006275
-160 -45 0.012378
-160 -40 0.019356
-160 -35 0.024014
-160 -30 0.023809
-160 -25 0.019161
-160 -20 0.012784
-160 -15 0.007281
-160 -10 0.003366
-160 -5 0.003506
-160 0 0.005747
-160 5 0.009164
-160 10 0.012268
-160 15 0.013131
-160 20 0.011058
-160 25 0.007317
-160 30 0.003798
-160 35 0.001410
-160 40 0.000892
-160 45 0.007879
-160 50 0.025133
-160 55 0.061515
-160 60 0.108180
-160 65 0.156990
-160 70 0.187825
-160 75 0.186802
-160 80 0.159741
-160 85 0.121656
-160 90 0.095429
-160 95 0.086372
-160 100 0.087591
-160 105 0.095800
-160 110 0.103360
-160 115 0.120092
-160 120 0.149507
-160 125 0.189059
-160 130 0.231079
-160 135 0.267165
-160 140 0.316435
-160 145 0.402572
-160 150 0.538378
-160 155 0.695447
-160 160 0.817388
-160 165 0.856035
-160 170 0.787298
-160 175 0.641088
-155 -180 0.471320
-155 -175 0.305985
-155 -170 0.174274
-155 -165 0.085161
-155 -160 0.035290
-155 -155 0.011593
-155 -150 0.003512
-155 -145 0.004528
-155 -140 0.005029
-155 -135 0.004368
-155 -130 0.002965
-155 -125 0.001571
-155 -120 0.000632
-155 -115 0.000000
-155 -110 0.000000
-155 -105 0.000000
-155 -100 0.000000
-155 -95 0.000000
-155 -90 0.000000
-155 -85 0.000000
-155 -80 0.000000
-155 -75 0.000000
-155 -70 0.000000
-155 -65 0.000000
-155 -60 0.000000
-155 -55 0.003183
-155 -50 0.009275
-155 -45 0.018813
-155 -40 0.031037
-155 -35 0.041125
-155 -30 0.044999
-155 -25 0.041967
-155 -20 0.034470
-155 -15 0.025739
-155 -10 0.018130
-155 -5 0.017906
-155 0 0.022081
-155 5 0.028712
-155 10 0.034252
-155 15 0.034197
-155 20 0.027659
-155 25 0.017928
-155 30 0.009440
-155 35 0.003998
-155 40 0.002696
-155 45 0.014585
-155 50 0.041611
-155 55 0.095941
-155 60 0.163943
-155 65 0.233044
-155 70 0.275207
-155 75 0.273395
-155 80 0.237000
-155 85 0.186009
-155 90 0.150020
-155 95 0.137395
-155 100 0.137701
-155 105 0.146216
-155 110 0.150285
-155 115 0.158932
-155 120 0.178361
-155 125 0.208959
-155 130 0.247477
-155 135 0.285985
-155 140 0.340475
-155 145 0.428185
-155 150 0.558040
-155 155 0.704810
-155 160 0.819225
-155 165 0.853138
-155 170 0.785950
-155 175 0.644650
-150 -180 0.427130
-150 -175 0.273685
-150 -170 0.153202
-150 -165 0.073593
-150 -160 0.031526
-150 -155 0.012987
-150 -150 0.009306
-150 -145 0.012027
-150 -140 0.012955
-150 -135 0.011071
-150 -130 0.007442
-150 -125 0.003944
-150 -120 0.001587
-150 -115 0.000000
-150 -110 0.000000
-150 -105 0.000000
-150 -100 0.000000
-150 -95 0.000000
-150 -90 0.000000
-150 -85 0.000000
-150 -80 0.000000
-150 -75 0.000000
-150 -70 0.000000
-150 -65 0.000000
-150 -60 0.000000
-150 -55 0.003679
-150 -50 0.010722
-150 -45 0.022455
-150 -40 0.040036
-150 -35 0.057606
-150 -30 0.070066
-150 -25 0.074548
-150 -20 0.070719
-150 -15 0.060989
-150 -10 0.050273
-150 -5 0.050370
-150 0 0.058246
-150 5 0.069982
-150 10 0.079862
-150 15 0.079156
-150 20 0.066934
-150 25 0.048877
-150 30 0.032446
-150 35 0.020758
-150 40 0.015548
-150 45 0.029874
-150 50 0.065798
-150 55 0.136332
-150 60 0.224050
-150 65 0.310242
-150 70 0.360143
-150 75 0.355795
-150 80 0.310613
-150 85 0.249183
-150 90 0.205323
-150 95 0.189456
-150 100 0.189220
-150 105 0.197950
-150 110 0.201187
-150 115 0.205279
-150 120 0.217173
-150 125 0.240600
-150 130 0.274532
-150 135 0.312845
-150 140 0.367248
-150 145 0.447418
-150 150 0.558890
-150 155 0.679743
-150 160 0.771840
-150 165 0.791013
-150 170 0.722052
-150 175 0.589158
-145 -180 0.367003
-145 -175 0.229422
-145 -170 0.128098
-145 -165 0.064354
-145 -160 0.034517
-145 -155 0.023075
-145 -150 0.022845
-145 -145 0.025917
-145 -140 0.025742
-145 -135 0.021334
-145 -130 0.014078
-145 -125 0.007461
-145 -120 0.003002
-145 -115 0.000000
-145 -110 0.000000
-145 -105 0.000000
-145 -100 0.000000
-145 -95 0.000000
-145 -90 0.000000
-145 -85 0.000000
-145 -80 0.000000
-145 -75 0.000000
-145 -70 0.000000
-145 -65 0.000000
-145 -60 0.000000
-145 -55 0.003336
-145 -50 0.009879
-145 -45 0.021992
-145 -40 0.044292
-145 -35 0.071107
-145 -30 0.096939
-145 -25 0.115854
-145 -20 0.121802
-145 -15 0.114889
-145 -10 0.103041
-145 -5 0.103921
-145 0 0.116448
-145 5 0.133762
-145 10 0.148539
-145 15 0.148037
-145 20 0.130998
-145 25 0.105394
-145 30 0.080487
-145 35 0.060310
-145 40 0.046902
-145 45 0.056997
-145 50 0.096431
-145 55 0.176044
-145 60 0.276828
-145 65 0.373617
-145 70 0.426407
-145 75 0.417565
-145 80 0.363950
-145 85 0.294938
-145 90 0.245931
-145 95 0.227777
-145 100 0.229349
-145 105 0.240482
-145 110 0.247504
-145 115 0.252062
-145 120 0.259968
-145 125 0.278830
-145 130 0.307880
-145 135 0.344467
-145 140 0.397720
-145 145 0.469680
-145 150 0.564438
-145 155 0.659652
-145 160 0.725697
-145 165 0.724720
-145 170 0.647418
-145 175 0.518578
-140 -180 0.333892
-140 -175 0.202784
-140 -170 0.115006
-140 -165 0.063124
-140 -160 0.043637
-140 -155 0.037922
-140 -150 0.039331
-140 -145 0.041582
-140 -140 0.039343
-140 -135 0.031944
-140 -130 0.020810
-140 -125 0.011029
-140 -120 0.004437
-140 -115 0.000000
-140 -110 0.000000
-140 -105 0.000000
-140 -100 0.000000
-140 -95 0.000000
-140 -90 0.000009
-140 -85 0.000059
-140 -80 0.000129
-140 -75 0.000224
-140 -70 0.000563
-140 -65 0.001181
-140 -60 0.002304
-140 -55 0.006248
-140 -50 0.013307
-140 -45 0.026128
-140 -40 0.054028
-140 -35 0.092441
-140 -30 0.136450
-140 -25 0.176182
-140 -20 0.197906
-140 -15 0.197685
-140 -10 0.185365
-140 -5 0.183507
-140 0 0.196380
-140 5 0.213529
-140 10 0.228322
-140 15 0.225648
-140 20 0.204995
-140 25 0.174876
-140 30 0.143657
-140 35 0.115375
-140 40 0.091284
-140 45 0.090001
-140 50 0.125731
-140 55 0.204785
-140 60 0.310767
-140 65 0.412552
-140 70 0.466863
-140 75 0.454825
-140 80 0.394493
-140 85 0.319690
-140 90 0.266555
-140 95 0.245480
-140 100 0.250155
-140 105 0.264937
-140 110 0.279463
-140 115 0.289552
-140 120 0.299885
-140 125 0.321453
-140 130 0.350322
-140 135 0.387493
-140 140 0.441642
-140 145 0.510112
-140 150 0.598873
-140 155 0.680900
-140 160 0.730083
-140 165 0.712230
-140 170 0.621557
-140 175 0.486778
-135 -180 0.335033
-135 -175 0.202388
-135 -170 0.120831
-135 -165 0.074928
-135 -160 0.060843
-135 -155 0.056624
-135 -150 0.055535
-135 -145 0.053848
-135 -140 0.047747
-135 -135 0.037644
-135 -130 0.024056
-135 -125 0.012750
-135 -120 0.005129
-135 -115 0.000000
-135 -110 0.000000
-135 -105 0.000000
-135 -100 0.000000
-135 -95 0.000000
-135 -90 0.000166
-135 -85 0.001059
-135 -80 0.002330
-135 -75 0.004046
-135 -70 0.006357
-135 -65 0.008855
-135 -60 0.012241
-135 -55 0.018158
-135 -50 0.027967
-135 -45 0.043152
-135 -40 0.076069
-135 -35 0.123503
-135 -30 0.181405
-135 -25 0.238404
-135 -20 0.275205
-135 -15 0.284138
-135 -10 0.274737
-135 -5 0.269747
-135 0 0.280445
-135 5 0.293332
-135 10 0.305495
-135 15 0.302623
-135 20 0.284048
-135 25 0.255760
-135 30 0.221680
-135 35 0.185171
-135 40 0.147228
-135 45 0.127092
-135 50 0.151027
-135 55 0.219563
-135 60 0.321775
-135 65 0.422195
-135 70 0.476430
-135 75 0.462920
-135 80 0.399130
-135 85 0.321882
-135 90 0.266248
-135 95 0.241033
-135 100 0.246462
-135 105 0.261775
-135 110 0.282593
-135 115 0.300655
-135 120 0.320157
-135 125 0.352875
-135 130 0.389615
-135 135 0.434565
-135 140 0.496640
-135 145 0.571465
-135 150 0.666395
-135 155 0.746672
-135 160 0.785693
-135 165 0.752763
-135 170 0.645385
-135 175 0.497847
-130 -180 0.351315
-130 -175 0.216328
-130 -170 0.137024
-130 -165 0.092839
-130 -160 0.078845
-130 -155 0.071404
-130 -150 0.064453
-130 -145 0.056797
-130 -140 0.046328
-130 -135 0.035051
-130 -130 0.021768
-130 -125 0.011537
-130 -120 0.004641
-130 -115 0.000000
-130 -110 0.000000
-130 -105 0.000000
-130 -100 0.000000
-130 -95 0.000000
-130 -90 0.000385
-130 -85 0.002466
-130 -80 0.005425
-130 -75 0.009722
-130 -70 0.015579
-130 -65 0.021866
-130 -60 0.029851
-130 -55 0.040498
-130 -50 0.056162
-130 -45 0.075682
-130 -40 0.112290
-130 -35 0.164345
-130 -30 0.229202
-130 -25 0.297495
-130 -20 0.347847
-130 -15 0.370138
-130 -10 0.369522
-130 -5 0.362350
-130 0 0.366035
-130 5 0.368377
-130 10 0.373055
-130 15 0.370090
-130 20 0.357585
-130 25 0.336407
-130 30 0.301985
-130 35 0.256972
-130 40 0.203688
-130 45 0.161642
-130 50 0.167151
-130 55 0.216970
-130 60 0.306070
-130 65 0.397255
-130 70 0.448195
-130 75 0.435345
-130 80 0.373823
-130 85 0.299758
-130 90 0.244954
-130 95 0.216675
-130 100 0.220239
-130 105 0.232262
-130 110 0.255647
-130 115 0.281153
-130 120 0.313505
-130 125 0.363575
-130 130 0.417120
-130 135 0.479990
-130 140 0.559392
-130 145 0.650295
-130 150 0.757595
-130 155 0.838690
-130 160 0.865957
-130 165 0.814128
-130 170 0.686445
-130 175 0.524262
-125 -180 0.351390
-125 -175 0.218712
-125 -170 0.142753
-125 -165 0.100567
-125 -160 0.085153
-125 -155 0.073420
-125 -150 0.061339
-125 -145 0.049106
-125 -140 0.036226
-125 -135 0.025923
-125 -130 0.015436
-125 -125 0.008181
-125 -120 0.003291
-125 -115 0.000000
-125 -110 0.000000
-125 -105 0.000000
-125 -100 0.000000
-125 -95 0.000000
-125 -90 0.000703
-125 -85 0.004498
-125 -80 0.009896
-125 -75 0.017973
-125 -70 0.028847
-125 -65 0.040326
-125 -60 0.054343
-125 -55 0.071338
-125 -50 0.094667
-125 -45 0.119844
-125 -40 0.158129
-125 -35 0.209461
-125 -30 0.273430
-125 -25 0.347005
-125 -20 0.409232
-125 -15 0.449582
-125 -10 0.464933
-125 -5 0.459340
-125 0 0.452460
-125 5 0.438748
-125 10 0.430205
-125 15 0.422705
-125 20 0.411825
-125 25 0.394210
-125 30 0.355905
-125 35 0.301090
-125 40 0.235130
-125 45 0.176641
-125 50 0.163873
-125 55 0.191916
-125 60 0.259703
-125 65 0.332367
-125 70 0.374762
-125 75 0.365070
-125 80 0.314820
-125 85 0.254290
-125 90 0.208283
-125 95 0.181981
-125 100 0.182804
-125 105 0.190950
-125 110 0.215802
-125 115 0.250758
-125 120 0.300040
-125 125 0.371430
-125 130 0.446015
-125 135 0.530810
-125 140 0.630117
-125 145 0.739302
-125 150 0.856148
-125 155 0.932968
-125 160 0.940617
-125 165 0.861480
-125 170 0.707975
-125 175 0.530228
-120 -180 0.325008
-120 -175 0.199745
-120 -170 0.129495
-120 -165 0.091389
-120 -160 0.075101
-120 -155 0.060912
-120 -150 0.047684
-120 -145 0.034885
-120 -140 0.023010
-120 -135 0.015325
-120 -130 0.008589
-120 -125 0.004552
-120 -120 0.001831
-120 -115 0.000000
-120 -110 0.000000
-120 -105 0.000000
-120 -100 0.000000
-120 -95 0.000000
-120 -90 0.001004
-120 -85 0.006422
-120 -80 0.014128
-120 -75 0.026041
-120 -70 0.042043
-120 -65 0.059017
-120 -60 0.079463
-120 -55 0.103275
-120 -50 0.134071
-120 -45 0.164532
-120 -40 0.201883
-120 -35 0.247055
-120 -30 0.302665
-120 -25 0.375535
-120 -20 0.447408
-120 -15 0.513763
-120 -10 0.559690
-120 -5 0.574005
-120 0 0.568610
-120 5 0.543322
-120 10 0.515323
-120 15 0.488535
-120 20 0.461537
-120 25 0.433757
-120 30 0.382250
-120 35 0.316682
-120 40 0.242764
-120 45 0.175837
-120 50 0.146364
-120 55 0.151519
-120 60 0.191931
-120 65 0.239791
-120 70 0.271230
-120 75 0.269055
-120 80 0.239166
-120 85 0.201906
-120 90 0.174120
-120 95 0.158389
-120 100 0.161104
-120 105 0.172049
-120 110 0.203466
-120 115 0.252820
-120 120 0.322783
-120 125 0.415433
-120 130 0.508752
-120 135 0.608008
-120 140 0.716562
-120 145 0.832707
-120 150 0.945960
-120 155 1.009320
-120 160 0.990595
-120 165 0.878387
-120 170 0.696715
-120 175 0.503833
-115 -180 0.286775
-115 -175 0.170775
-115 -170 0.107375
-115 -165 0.074253
-115 -160 0.057464
-115 -155 0.042419
-115 -150 0.030680
-115 -145 0.020313
-115 -140 0.011946
-115 -135 0.007296
-115 -130 0.003755
-115 -125 0.001990
-115 -120 0.000801
-115 -115 0.000000
-115 -110 0.000000
-115 -105 0.000000
-115 -100 0.000000
-115 -95 0.000000
-115 -90 0.001120
-115 -85 0.007169
-115 -80 0.015770
-115 -75 0.029643
-115 -70 0.048513
-115 -65 0.068961
-115 -60 0.093621
-115 -55 0.121297
-115 -50 0.154909
-115 -45 0.186283
-115 -40 0.219424
-115 -35 0.255785
-115 -30 0.302365
-115 -25 0.377117
-115 -20 0.463580
-115 -15 0.567473
-115 -10 0.659552
-115 -5 0.712688
-115 0 0.721495
-115 5 0.688320
-115 10 0.634455
-115 15 0.573337
-115 20 0.512103
-115 25 0.459935
-115 30 0.386358
-115 35 0.309532
-115 40 0.231728
-115 45 0.164844
-115 50 0.125659
-115 55 0.113616
-115 60 0.128574
-115 65 0.151212
-115 70 0.169236
-115 75 0.172450
-115 80 0.162663
-115 85 0.150136
-115 90 0.144245
-115 95 0.144816
-115 100 0.155990
-115 105 0.178915
-115 110 0.225096
-115 115 0.295832
-115 120 0.389805
-115 125 0.500210
-115 130 0.603635
-115 135 0.701242
-115 140 0.801215
-115 145 0.909223
-115 150 1.009125
-115 155 1.057910
-115 160 1.016817
-115 165 0.876418
-115 170 0.670257
-115 175 0.462807
-110 -180 0.263680
-110 -175 0.154786
-110 -170 0.094793
-110 -165 0.063155
-110 -160 0.043402
-110 -155 0.026413
-110 -150 0.015856
-110 -145 0.008165
-110 -140 0.003450
-110 -135 0.001399
-110 -130 0.000329
-110 -125 0.000175
-110 -120 0.000070
-110 -115 0.000000
-110 -110 0.000000
-110 -105 0.000000
-110 -100 0.000000
-110 -95 0.000000
-110 -90 0.000977
-110 -85 0.006252
-110 -80 0.013753
-110 -75 0.026535
-110 -70 0.044395
-110 -65 0.064694
-110 -60 0.089970
-110 -55 0.117669
-110 -50 0.149454
-110 -45 0.177700
-110 -40 0.205428
-110 -35 0.234733
-110 -30 0.278938
-110 -25 0.364422
-110 -20 0.474552
-110 -15 0.625705
-110 -10 0.772600
-110 -5 0.876315
-110 0 0.911150
-110 5 0.875737
-110 10 0.791762
-110 15 0.681170
-110 20 0.566368
-110 25 0.473433
-110 30 0.370010
-110 35 0.284828
-110 40 0.210407
-110 45 0.153408
-110 50 0.114831
-110 55 0.094131
-110 60 0.089659
-110 65 0.090574
-110 70 0.094315
-110 75 0.098515
-110 80 0.102278
-110 85 0.108706
-110 90 0.122597
-110 95 0.140791
-110 100 0.166045
-110 105 0.209692
-110 110 0.279565
-110 115 0.378958
-110 120 0.500668
-110 125 0.627223
-110 130 0.733147
-110 135 0.813377
-110 140 0.885913
-110 145 0.965925
-110 150 1.038730
-110 155 1.070855
-110 160 1.016733
-110 165 0.863140
-110 170 0.646908
-110 175 0.433478
-105 -180 0.267487
-105 -175 0.162986
-105 -170 0.101651
-105 -165 0.065961
-105 -160 0.040059
-105 -155 0.019177
-105 -150 0.008610
-105 -145 0.002943
-105 -140 0.001068
-105 -135 0.000337
-105 -130 0.000000
-105 -125 0.000000
-105 -120 0.000000
-105 -115 0.000000
-105 -110 0.000000
-105 -105 0.000000
-105 -100 0.000000
-105 -95 0.000000
-105 -90 0.000665
-105 -85 0.004257
-105 -80 0.009364
-105 -75 0.018710
-105 -70 0.032306
-105 -65 0.048996
-105 -60 0.071737
-105 -55 0.096901
-105 -50 0.125690
-105 -45 0.151285
-105 -40 0.177564
-105 -35 0.208058
-105 -30 0.262425
-105 -25 0.369273
-105 -20 0.513033
-105 -15 0.714640
-105 -10 0.914273
-105 -5 1.066707
-105 0 1.128585
-105 5 1.087233
-105 10 0.961333
-105 15 0.783812
-105 20 0.599775
-105 25 0.454305
-105 30 0.321610
-105 35 0.236740
-105 40 0.176021
-105 45 0.139141
-105 50 0.113246
-105 55 0.095392
-105 60 0.082353
-105 65 0.070347
-105 70 0.062460
-105 75 0.062989
-105 80 0.070637
-105 85 0.085359
-105 90 0.109784
-105 95 0.139806
-105 100 0.180163
-105 105 0.248739
-105 110 0.346275
-105 115 0.474747
-105 120 0.618815
-105 125 0.751648
-105 130 0.850037
-105 135 0.905280
-105 140 0.946738
-105 145 0.994880
-105 150 1.039343
-105 155 1.056730
-105 160 0.997957
-105 165 0.845863
-105 170 0.635705
-105 175 0.427365
-100 -180 0.295648
-100 -175 0.189898
-100 -170 0.121772
-100 -165 0.076051
-100 -160 0.042111
-100 -155 0.016404
-100 -150 0.004688
-100 -145 0.000047
-100 -140 0.000001
-100 -135 0.000000
-100 -130 0.000000
-100 -125 0.000000
-100 -120 0.000000
-100 -115 0.000000
-100 -110 0.000000
-100 -105 0.000000
-100 -100 0.000000
-100 -95 0.000000
-100 -90 0.000353
-100 -85 0.002262
-100 -80 0.004976
-100 -75 0.010418
-100 -70 0.018759
-100 -65 0.030182
-100 -60 0.048713
-100 -55 0.071411
-100 -50 0.100585
-100 -45 0.130382
-100 -40 0.168161
-100 -35 0.218562
-100 -30 0.305840
-100 -25 0.450730
-100 -20 0.638090
-100 -15 0.878302
-100 -10 1.100675
-100 -5 1.262548
-100 0 1.318625
-100 5 1.249460
-100 10 1.074207
-100 15 0.833640
-100 20 0.592450
-100 25 0.403503
-100 30 0.253702
-100 35 0.177186
-100 40 0.135910
-100 45 0.124237
-100 50 0.120452
-100 55 0.116944
-100 60 0.108672
-100 65 0.094306
-100 70 0.078165
-100 75 0.069292
-100 80 0.069231
-100 85 0.079493
-100 90 0.102668
-100 95 0.136195
-100 100 0.189265
-100 105 0.281510
-100 110 0.406222
-100 115 0.560682
-100 120 0.720078
-100 125 0.852075
-100 130 0.938057
-100 135 0.974845
-100 140 1.000128
-100 145 1.031438
-100 150 1.061012
-100 155 1.067647
-100 160 1.003753
-100 165 0.853527
-100 170 0.651033
-100 175 0.449848
-95 -180 0.332635
-95 -175 0.223005
-95 -170 0.145959
-95 -165 0.088621
-95 -160 0.047750
-95 -155 0.018418
-95 -150 0.004982
-95 -145 0.000000
-95 -140 0.000000
-95 -135 0.000000
-95 -130 0.000000
-95 -125 0.000000
-95 -120 0.000000
-95 -115 0.000000
-95 -110 0.000000
-95 -105 0.000000
-95 -100 0.000000
-95 -95 0.000000
-95 -90 0.000144
-95 -85 0.001171
-95 -80 0.002725
-95 -75 0.005894
-95 -70 0.010720
-95 -65 0.017659
-95 -60 0.031842
-95 -55 0.052340
-95 -50 0.084614
-95 -45 0.126160
-95 -40 0.188600
-95 -35 0.280275
-95 -30 0.425375
-95 -25 0.626572
-95 -20 0.865835
-95 -15 1.125792
-95 -10 1.331142
-95 -5 1.447998
-95 0 1.449367
-95 5 1.324227
-95 10 1.097075
-95 15 0.813473
-95 20 0.545580
-95 25 0.337050
-95 30 0.188748
-95 35 0.124672
-95 40 0.101457
-95 45 0.111307
-95 50 0.130253
-95 55 0.146468
-95 60 0.151820
-95 65 0.143655
-95 70 0.123152
-95 75 0.101861
-95 80 0.086648
-95 85 0.084047
-95 90 0.097440
-95 95 0.128045
-95 100 0.190114
-95 105 0.301162
-95 110 0.447705
-95 115 0.621720
-95 120 0.789170
-95 125 0.918335
-95 130 0.997035
-95 135 1.033718
-95 140 1.066365
-95 145 1.100070
-95 150 1.124250
-95 155 1.114083
-95 160 1.031832
-95 165 0.874438
-95 170 0.676238
-95 175 0.483740
-90 -180 0.367517
-90 -175 0.243538
-90 -170 0.154878
-90 -165 0.087365
-90 -160 0.044928
-90 -155 0.016677
-90 -150 0.004256
-90 -145 0.000000
-90 -140 0.000000
-90 -135 0.000000
-90 -130 0.000000
-90 -125 0.000000
-90 -120 0.000000
-90 -115 0.000000
-90 -110 0.000000
-90 -105 0.000000
-90 -100 0.000000
-90 -95 0.000000
-90 -90 0.000000
-90 -85 0.000903
-90 -80 0.002518
-90 -75 0.005350
-90 -70 0.009610
-90 -65 0.015051
-90 -60 0.027688
-90 -55 0.049626
-90 -50 0.090587
-90 -45 0.154403
-90 -40 0.257007
-90 -35 0.415113
-90 -30 0.644670
-90 -25 0.922205
-90 -20 1.217432
-90 -15 1.472182
-90 -10 1.611620
-90 -5 1.620310
-90 0 1.511017
-90 5 1.300323
-90 10 1.020355
-90 15 0.718193
-90 20 0.456545
-90 25 0.255980
-90 30 0.126827
-90 35 0.077644
-90 40 0.068827
-90 45 0.093491
-90 50 0.129958
-90 55 0.165339
-90 60 0.188524
-90 65 0.192510
-90 70 0.172781
-90 75 0.140927
-90 80 0.109641
-90 85 0.091698
-90 90 0.091774
-90 95 0.117431
-90 100 0.186022
-90 105 0.310778
-90 110 0.474077
-90 115 0.664540
-90 120 0.841313
-90 125 0.979370
-90 130 1.070390
-90 135 1.135510
-90 140 1.203210
-90 145 1.260303
-90 150 1.290505
-90 155 1.258980
-90 160 1.142040
-90 165 0.955990
-90 170 0.738125
-90 175 0.534007
-85 -180 0.386242
-85 -175 0.244344
-85 -170 0.146073
-85 -165 0.073768
-85 -160 0.034971
-85 -155 0.011992
-85 -150 0.002850
-85 -145 0.000000
-85 -140 0.000000
-85 -135 0.000000
-85 -130 0.000000
-85 -125 0.000000
-85 -120 0.000000
-85 -115 0.000000
-85 -110 0.000000
-85 -105 0.000000
-85 -100 0.000000
-85 -95 0.000000
-85 -90 0.000000
-85 -85 0.001845
-85 -80 0.005144
-85 -75 0.010222
-85 -70 0.017361
-85 -65 0.025282
-85 -60 0.039603
-85 -55 0.066712
-85 -50 0.121728
-85 -45 0.218802
-85 -40 0.376660
-85 -35 0.624515
-85 -30 0.957760
-85 -25 1.320842
-85 -20 1.657982
-85 -15 1.871328
-85 -10 1.894175
-85 -5 1.744005
-85 0 1.487875
-85 5 1.182240
-85 10 0.861827
-85 15 0.570453
-85 20 0.343752
-85 25 0.174400
-85 30 0.074914
-85 35 0.040352
-85 40 0.040205
-85 45 0.070393
-85 50 0.114729
-85 55 0.162330
-85 60 0.200384
-85 65 0.217385
-85 70 0.202974
-85 75 0.166475
-85 80 0.124594
-85 85 0.095478
-85 90 0.085416
-85 95 0.107434
-85 100 0.179771
-85 105 0.311935
-85 110 0.486015
-85 115 0.692813
-85 120 0.888155
-85 125 1.055670
-85 130 1.184963
-85 135 1.302540
-85 140 1.418440
-85 145 1.503032
-85 150 1.535580
-85 155 1.472620
-85 160 1.304150
-85 165 1.069805
-85 170 0.811990
-85 175 0.579650
-80 -180 0.388297
-80 -175 0.232589
-80 -170 0.128485
-80 -165 0.056146
-80 -160 0.023408
-80 -155 0.006856
-80 -150 0.001494
-80 -145 0.000000
-80 -140 0.000000
-80 -135 0.000000
-80 -130 0.000000
-80 -125 0.000000
-80 -120 0.000000
-80 -115 0.000000
-80 -110 0.000000
-80 -105 0.000000
-80 -100 0.000000
-80 -95 0.000000
-80 -90 0.000000
-80 -85 0.002979
-80 -80 0.008305
-80 -75 0.017186
-80 -70 0.031337
-80 -65 0.049606
-80 -60 0.074440
-80 -55 0.115621
-80 -50 0.191583
-80 -45 0.326802
-80 -40 0.540502
-80 -35 0.878088
-80 -30 1.304600
-80 -25 1.733015
-80 -20 2.076167
-80 -15 2.213088
-80 -10 2.091780
-80 -5 1.771643
-80 0 1.373567
-80 5 0.993407
-80 10 0.657968
-80 15 0.404938
-80 20 0.232444
-80 25 0.109513
-80 30 0.043209
-80 35 0.021465
-80 40 0.023802
-80 45 0.049718
-80 50 0.089621
-80 55 0.137153
-80 60 0.180157
-80 65 0.204945
-80 70 0.197640
-80 75 0.163787
-80 80 0.120259
-80 85 0.087998
-80 90 0.075057
-80 95 0.096940
-80 100 0.170603
-80 105 0.303968
-80 110 0.482478
-80 115 0.705915
-80 120 0.931342
-80 125 1.148143
-80 130 1.336155
-80 135 1.512765
-80 140 1.665758
-80 145 1.758150
-80 150 1.771392
-80 155 1.664020
-80 160 1.439875
-80 165 1.158915
-80 170 0.864285
-80 175 0.605137
-75 -180 0.361950
-75 -175 0.206820
-75 -170 0.105858
-75 -165 0.039520
-75 -160 0.013882
-75 -155 0.003017
-75 -150 0.000577
-75 -145 0.000000
-75 -140 0.000000
-75 -135 0.000000
-75 -130 0.000000
-75 -125 0.000000
-75 -120 0.000000
-75 -115 0.000000
-75 -110 0.000000
-75 -105 0.000000
-75 -100 0.000000
-75 -95 0.000000
-75 -90 0.000487
-75 -85 0.005066
-75 -80 0.013011
-75 -75 0.026512
-75 -70 0.049117
-75 -65 0.081214
-75 -60 0.121396
-75 -55 0.183352
-75 -50 0.286577
-75 -45 0.461767
-75 -40 0.724590
-75 -35 1.133258
-75 -30 1.618065
-75 -25 2.069917
-75 -20 2.374993
-75 -15 2.410018
-75 -10 2.143812
-75 -5 1.678195
-75 0 1.175747
-75 5 0.759700
-75 10 0.439970
-75 15 0.245652
-75 20 0.133603
-75 25 0.059114
-75 30 0.021898
-75 35 0.009608
-75 40 0.011178
-75 45 0.028620
-75 50 0.057900
-75 55 0.096351
-75 60 0.134348
-75 65 0.159515
-75 70 0.158373
-75 75 0.132711
-75 80 0.096116
-75 85 0.068638
-75 90 0.058333
-75 95 0.079751
-75 100 0.147358
-75 105 0.270747
-75 110 0.442820
-75 115 0.678673
-75 120 0.939368
-75 125 1.214408
-75 130 1.467010
-75 135 1.690775
-75 140 1.853345
-75 145 1.922512
-75 150 1.891123
-75 155 1.732650
-75 160 1.463525
-75 165 1.156958
-75 170 0.848867
-75 175 0.582475
-70 -180 0.300203
-70 -175 0.165085
-70 -170 0.078916
-70 -165 0.024946
-70 -160 0.006936
-70 -155 0.000528
-70 -150 0.000000
-70 -145 0.000000
-70 -140 0.000000
-70 -135 0.000000
-70 -130 0.000000
-70 -125 0.000000
-70 -120 0.000000
-70 -115 0.000000
-70 -110 0.000000
-70 -105 0.000000
-70 -100 0.000000
-70 -95 0.000000
-70 -90 0.001323
-70 -85 0.007268
-70 -80 0.017245
-70 -75 0.034814
-70 -70 0.066023
-70 -65 0.114750
-70 -60 0.176969
-70 -55 0.268437
-70 -50 0.406338
-70 -45 0.617223
-70 -40 0.909403
-70 -35 1.344997
-70 -30 1.826175
-70 -25 2.237683
-70 -20 2.458157
-70 -15 2.385403
-70 -10 2.012433
-70 -5 1.470255
-70 0 0.938455
-70 5 0.540983
-70 10 0.264455
-70 15 0.129818
-70 20 0.065554
-70 25 0.026868
-70 30 0.008983
-70 35 0.003573
-70 40 0.004738
-70 45 0.014372
-70 50 0.031601
-70 55 0.056151
-70 60 0.082216
-70 65 0.101375
-70 70 0.103576
-70 75 0.088342
-70 80 0.064111
-70 85 0.046617
-70 90 0.042730
-70 95 0.063212
-70 100 0.120010
-70 105 0.226193
-70 110 0.383620
-70 115 0.623172
-70 120 0.912068
-70 125 1.235013
-70 130 1.537120
-70 135 1.778390
-70 140 1.913055
-70 145 1.922847
-70 150 1.822403
-70 155 1.612503
-70 160 1.320555
-70 165 1.021740
-70 170 0.736948
-70 175 0.495368
-65 -180 0.213267
-65 -175 0.114095
-65 -170 0.052129
-65 -165 0.014743
-65 -160 0.003644
-65 -155 0.000024
-65 -150 0.000000
-65 -145 0.000000
-65 -140 0.000000
-65 -135 0.000000
-65 -130 0.000000
-65 -125 0.000000
-65 -120 0.000000
-65 -115 0.000000
-65 -110 0.000000
-65 -105 0.000000
-65 -100 0.000000
-65 -95 0.000000
-65 -90 0.002554
-65 -85 0.009681
-65 -80 0.021166
-65 -75 0.041933
-65 -70 0.080194
-65 -65 0.143928
-65 -60 0.229397
-65 -55 0.352995
-65 -50 0.525913
-65 -45 0.760713
-65 -40 1.054795
-65 -35 1.459575
-65 -30 1.865930
-65 -25 2.172055
-65 -20 2.276207
-65 -15 2.114012
-65 -10 1.700450
-65 -5 1.170475
-65 0 0.688587
-65 5 0.355687
-65 10 0.140494
-65 15 0.057113
-65 20 0.025627
-65 25 0.009197
-65 30 0.002243
-65 35 0.000514
-65 40 0.000947
-65 45 0.004970
-65 50 0.012885
-65 55 0.025388
-65 60 0.039650
-65 65 0.051122
-65 70 0.053925
-65 75 0.046911
-65 80 0.034142
-65 85 0.025752
-65 90 0.026910
-65 95 0.044023
-65 100 0.087129
-65 105 0.173394
-65 110 0.313308
-65 115 0.547570
-65 120 0.848800
-65 125 1.192340
-65 130 1.510393
-65 135 1.733052
-65 140 1.813205
-65 145 1.751170
-65 150 1.583350
-65 155 1.337973
-65 160 1.049378
-65 165 0.785592
-65 170 0.552000
-65 175 0.360115
-60 -180 0.126757
-60 -175 0.066607
-60 -170 0.029682
-60 -165 0.007893
-60 -160 0.001966
-60 -155 0.000000
-60 -150 0.000000
-60 -145 0.000000
-60 -140 0.000000
-60 -135 0.000000
-60 -130 0.000000
-60 -125 0.000000
-60 -120 0.000000
-60 -115 0.000000
-60 -110 0.000000
-60 -105 0.000000
-60 -100 0.000000
-60 -95 0.000000
-60 -90 0.003868
-60 -85 0.011952
-60 -80 0.024502
-60 -75 0.046997
-60 -70 0.088668
-60 -65 0.159898
-60 -60 0.260512
-60 -55 0.405690
-60 -50 0.597905
-60 -45 0.831937
-60 -40 1.093500
-60 -35 1.412958
-60 -30 1.693113
-60 -25 1.861160
-60 -20 1.853762
-60 -15 1.645718
-60 -10 1.264528
-60 -5 0.823370
-60 0 0.447745
-60 5 0.205183
-60 10 0.058694
-60 15 0.015279
-60 20 0.005107
-60 25 0.001497
-60 30 0.000146
-60 35 0.000000
-60 40 0.000031
-60 45 0.001082
-60 50 0.003677
-60 55 0.008258
-60 60 0.013866
-60 65 0.018772
-60 70 0.020541
-60 75 0.018186
-60 80 0.013019
-60 85 0.010449
-60 90 0.014998
-60 95 0.029306
-60 100 0.061887
-60 105 0.132048
-60 110 0.255265
-60 115 0.471633
-60 120 0.759160
-60 125 1.084747
-60 130 1.376440
-60 135 1.549532
-60 140 1.566917
-60 145 1.445410
-60 150 1.235818
-60 155 0.984677
-60 160 0.727920
-60 165 0.518298
-60 170 0.349747
-60 175 0.218536
-55 -180 0.060126
-55 -175 0.031367
-55 -170 0.013704
-55 -165 0.003437
-55 -160 0.000872
-55 -155 0.000000
-55 -150 0.000000
-55 -145 0.000000
-55 -140 0.000000
-55 -135 0.000000
-55 -130 0.000000
-55 -125 0.000000
-55 -120 0.000000
-55 -115 0.000000
-55 -110 0.000000
-55 -105 0.000000
-55 -100 0.000000
-55 -95 0.000000
-55 -90 0.004605
-55 -85 0.012889
-55 -80 0.025432
-55 -75 0.047619
-55 -70 0.088227
-55 -65 0.157392
-55 -60 0.259890
-55 -55 0.406355
-55 -50 0.590285
-55 -45 0.792110
-55 -40 0.988757
-55 -35 1.191072
-55 -30 1.331135
-55 -25 1.372465
-55 -20 1.293325
-55 -15 1.095568
-55 -10 0.807710
-55 -5 0.504117
-55 0 0.260478
-55 5 0.111599
-55 10 0.024795
-55 15 0.003703
-55 20 0.000818
-55 25 0.000203
-55 30 0.000000
-55 35 0.000000
-55 40 0.000000
-55 45 0.000000
-55 50 0.000267
-55 55 0.000954
-55 60 0.001948
-55 65 0.003145
-55 70 0.004015
-55 75 0.004056
-55 80 0.003239
-55 85 0.003594
-55 90 0.009754
-55 95 0.021846
-55 100 0.047303
-55 105 0.104948
-55 110 0.212383
-55 115 0.400327
-55 120 0.652292
-55 125 0.930070
-55 130 1.165693
-55 135 1.274908
-55 140 1.237220
-55 145 1.081187
-55 150 0.862775
-55 155 0.634455
-55 160 0.430288
-55 165 0.282883
-55 170 0.179312
-55 175 0.104783
-50 -180 0.019311
-50 -175 0.008833
-50 -170 0.003270
-50 -165 0.000368
-50 -160 0.000100
-50 -155 0.000000
-50 -150 0.000000
-50 -145 0.000000
-50 -140 0.000000
-50 -135 0.000000
-50 -130 0.000000
-50 -125 0.000000
-50 -120 0.000000
-50 -115 0.000000
-50 -110 0.000000
-50 -105 0.000000
-50 -100 0.000000
-50 -95 0.000000
-50 -90 0.004315
-50 -85 0.011471
-50 -80 0.022140
-50 -75 0.041257
-50 -70 0.076524
-50 -65 0.136084
-50 -60 0.228010
-50 -55 0.356615
-50 -50 0.508505
-50 -45 0.657332
-50 -40 0.778710
-50 -35 0.872230
-50 -30 0.903563
-50 -25 0.866407
-50 -20 0.766690
-50 -15 0.616040
-50 -10 0.435128
-50 -5 0.261443
-50 0 0.129823
-50 5 0.053156
-50 10 0.009554
-50 15 0.000470
-50 20 0.000000
-50 25 0.000000
-50 30 0.000000
-50 35 0.000000
-50 40 0.000000
-50 45 0.000000
-50 50 0.000000
-50 55 0.000000
-50 60 0.000000
-50 65 0.000000
-50 70 0.000000
-50 75 0.000000
-50 80 0.000000
-50 85 0.000597
-50 90 0.006753
-50 95 0.017458
-50 100 0.038560
-50 105 0.086232
-50 110 0.177667
-50 115 0.330295
-50 120 0.532988
-50 125 0.747248
-50 130 0.914273
-50 135 0.964865
-50 140 0.895355
-50 145 0.740117
-50 150 0.550862
-50 155 0.371930
-50 160 0.229253
-50 165 0.134870
-50 170 0.076136
-50 175 0.037302
-45 -180 0.002457
-45 -175 0.000926
-45 -170 0.000274
-45 -165 0.000000
-45 -160 0.000000
-45 -155 0.000000
-45 -150 0.000000
-45 -145 0.000000
-45 -140 0.000000
-45 -135 0.000000
-45 -130 0.000000
-45 -125 0.000000
-45 -120 0.000000
-45 -115 0.000000
-45 -110 0.000000
-45 -105 0.000000
-45 -100 0.000000
-45 -95 0.000000
-45 -90 0.003188
-45 -85 0.008255
-45 -80 0.015744
-45 -75 0.029916
-45 -70 0.057235
-45 -65 0.103360
-45 -60 0.176193
-45 -55 0.274185
-45 -50 0.381200
-45 -45 0.472453
-45 -40 0.528683
-45 -35 0.547403
-45 -30 0.520455
-45 -25 0.457235
-45 -20 0.373698
-45 -15 0.280205
-45 -10 0.187776
-45 -5 0.108560
-45 0 0.052213
-45 5 0.020971
-45 10 0.003563
-45 15 0.000000
-45 20 0.000000
-45 25 0.000000
-45 30 0.000000
-45 35 0.000000
-45 40 0.000000
-45 45 0.000000
-45 50 0.000000
-45 55 0.000000
-45 60 0.000000
-45 65 0.000000
-45 70 0.000000
-45 75 0.000000
-45 80 0.000000
-45 85 0.000104
-45 90 0.005336
-45 95 0.014191
-45 100 0.032010
-45 105 0.070616
-45 110 0.144697
-45 115 0.260010
-45 120 0.408890
-45 125 0.557127
-45 130 0.659080
-45 135 0.666807
-45 140 0.587958
-45 145 0.455780
-45 150 0.312045
-45 155 0.187870
-45 160 0.100511
-45 165 0.048234
-45 170 0.021247
-45 175 0.006001
-40 -180 0.000000
-40 -175 0.000000
-40 -170 0.000000
-40 -165 0.000000
-40 -160 0.000000
-40 -155 0.000000
-40 -150 0.000000
-40 -145 0.000000
-40 -140 0.000000
-40 -135 0.000000
-40 -130 0.000000
-40 -125 0.000000
-40 -120 0.000000
-40 -115 0.000000
-40 -110 0.000000
-40 -105 0.000000
-40 -100 0.000000
-40 -95 0.000000
-40 -90 0.001859
-40 -85 0.004814
-40 -80 0.009181
-40 -75 0.018198
-40 -70 0.037061
-40 -65 0.069060
-40 -60 0.119685
-40 -55 0.184320
-40 -50 0.248042
-40 -45 0.292155
-40 -40 0.304507
-40 -35 0.285552
-40 -30 0.241095
-40 -25 0.184828
-40 -20 0.131779
-40 -15 0.086954
-40 -10 0.053074
-40 -5 0.029203
-40 0 0.013722
-40 5 0.005774
-40 10 0.001190
-40 15 0.000000
-40 20 0.000000
-40 25 0.000000
-40 30 0.000000
-40 35 0.000000
-40 40 0.000000
-40 45 0.000000
-40 50 0.000000
-40 55 0.000000
-40 60 0.000000
-40 65 0.000000
-40 70 0.000000
-40 75 0.000000
-40 80 0.000000
-40 85 0.000078
-40 90 0.004029
-40 95 0.010523
-40 100 0.025026
-40 105 0.054742
-40 110 0.110839
-40 115 0.191584
-40 120 0.290440
-40 125 0.380395
-40 130 0.430510
-40 135 0.414750
-40 140 0.346143
-40 145 0.250785
-40 150 0.158117
-40 155 0.084613
-40 160 0.039790
-40 165 0.015490
-40 170 0.005209
-40 175 0.000041
-35 -180 0.000000
-35 -175 0.000000
-35 -170 0.000000
-35 -165 0.000000
-35 -160 0.000000
-35 -155 0.000000
-35 -150 0.000000
-35 -145 0.000000
-35 -140 0.000000
-35 -135 0.000000
-35 -130 0.000000
-35 -125 0.000000
-35 -120 0.000000
-35 -115 0.000000
-35 -110 0.000000
-35 -105 0.000000
-35 -100 0.000000
-35 -95 0.000000
-35 -90 0.000857
-35 -85 0.002218
-35 -80 0.004230
-35 -75 0.008798
-35 -70 0.019377
-35 -65 0.037513
-35 -60 0.066226
-35 -55 0.101144
-35 -50 0.131860
-35 -45 0.147514
-35 -40 0.142512
-35 -35 0.119666
-35 -30 0.087239
-35 -25 0.055371
-35 -20 0.032046
-35 -15 0.016814
-35 -10 0.008657
-35 -5 0.004631
-35 0 0.002142
-35 5 0.000964
-35 10 0.000246
-35 15 0.000000
-35 20 0.000000
-35 25 0.000000
-35 30 0.000000
-35 35 0.000000
-35 40 0.000000
-35 45 0.000000
-35 50 0.000000
-35 55 0.000000
-35 60 0.000000
-35 65 0.000000
-35 70 0.000000
-35 75 0.000000
-35 80 0.000000
-35 85 0.000047
-35 90 0.002406
-35 95 0.006186
-35 100 0.018190
-35 105 0.040433
-35 110 0.080781
-35 115 0.133868
-35 120 0.191937
-35 125 0.236320
-35 130 0.250670
-35 135 0.226658
-35 140 0.177159
-35 145 0.118223
-35 150 0.068917
-35 155 0.033043
-35 160 0.014372
-35 165 0.005108
-35 170 0.001740
-35 175 0.000000
-30 -180 0.000000
-30 -175 0.000000
-30 -170 0.000000
-30 -165 0.000000
-30 -160 0.000000
-30 -155 0.000000
-30 -150 0.000000
-30 -145 0.000000
-30 -140 0.000000
-30 -135 0.000000
-30 -130 0.000000
-30 -125 0.000000
-30 -120 0.000000
-30 -115 0.000000
-30 -110 0.000000
-30 -105 0.000000
-30 -100 0.000000
-30 -95 0.000000
-30 -90 0.000154
-30 -85 0.000399
-30 -80 0.000760
-30 -75 0.002400
-30 -70 0.007618
-30 -65 0.017267
-30 -60 0.032111
-30 -55 0.048702
-30 -50 0.061107
-30 -45 0.063876
-30 -40 0.055838
-30 -35 0.040777
-30 -30 0.024396
-30 -25 0.011344
-30 -20 0.004063
-30 -15 0.000764
-30 -10 0.000000
-30 -5 0.000000
-30 0 0.000000
-30 5 0.000000
-30 10 0.000000
-30 15 0.000000
-30 20 0.000000
-30 25 0.000000
-30 30 0.000000
-30 35 0.000000
-30 40 0.000000
-30 45 0.000000
-30 50 0.000000
-30 55 0.000000
-30 60 0.000000
-30 65 0.000000
-30 70 0.000000
-30 75 0.000000
-30 80 0.000000
-30 85 0.000022
-30 90 0.001136
-30 95 0.002840
-30 100 0.014010
-30 105 0.032719
-30 110 0.064268
-30 115 0.101628
-30 120 0.134542
-30 125 0.149932
-30 130 0.142420
-30 135 0.115591
-30 140 0.081033
-30 145 0.046045
-30 150 0.023291
-30 155 0.008671
-30 160 0.002785
-30 165 0.000524
-30 170 0.000168
-30 175 0.000000
-25 -180 0.000000
-25 -175 0.000000
-25 -170 0.000000
-25 -165 0.000000
-25 -160 0.000000
-25 -155 0.000000
-25 -150 0.000000
-25 -145 0.000000
-25 -140 0.000000
-25 -135 0.000000
-25 -130 0.000000
-25 -125 0.000000
-25 -120 0.000000
-25 -115 0.000000
-25 -110 0.000000
-25 -105 0.000000
-25 -100 0.000000
-25 -95 0.000000
-25 -90 0.000000
-25 -85 0.000000
-25 -80 0.000000
-25 -75 0.000435
-25 -70 0.002399
-25 -65 0.006283
-25 -60 0.011992
-25 -55 0.018226
-25 -50 0.022467
-25 -45 0.022664
-25 -40 0.018801
-25 -35 0.012879
-25 -30 0.007165
-25 -25 0.002960
-25 -20 0.000867
-25 -15 0.000159
-25 -10 0.000000
-25 -5 0.000000
-25 0 0.000000
-25 5 0.000000
-25 10 0.000000
-25 15 0.000000
-25 20 0.000000
-25 25 0.000000
-25 30 0.000000
-25 35 0.000000
-25 40 0.000000
-25 45 0.000000
-25 50 0.000000
-25 55 0.000000
-25 60 0.000000
-25 65 0.000000
-25 70 0.000000
-25 75 0.000000
-25 80 0.000000
-25 85 0.000005
-25 90 0.000251
-25 95 0.000596
-25 100 0.011168
-25 105 0.027900
-25 110 0.054422
-25 115 0.083396
-25 120 0.102651
-25 125 0.102601
-25 130 0.084736
-25 135 0.058871
-25 140 0.035168
-25 145 0.014959
-25 150 0.006666
-25 155 0.002063
-25 160 0.000484
-25 165 0.000000
-25 170 0.000000
-25 175 0.000000
-20 -180 0.000000
-20 -175 0.000000
-20 -170 0.000000
-20 -165 0.000000
-20 -160 0.000000
-20 -155 0.000000
-20 -150 0.000000
-20 -145 0.000000
-20 -140 0.000000
-20 -135 0.000000
-20 -130 0.000000
-20 -125 0.000000
-20 -120 0.000000
-20 -115 0.000000
-20 -110 0.000000
-20 -105 0.000000
-20 -100 0.000000
-20 -95 0.000000
-20 -90 0.000000
-20 -85 0.000000
-20 -80 0.000000
-20 -75 0.000000
-20 -70 0.000363
-20 -65 0.001134
-20 -60 0.002258
-20 -55 0.003546
-20 -50 0.004397
-20 -45 0.004311
-20 -40 0.003342
-20 -35 0.002049
-20 -30 0.000994
-20 -25 0.000263
-20 -20 0.000000
-20 -15 0.000000
-20 -10 0.000000
-20 -5 0.000000
-20 0 0.000000
-20 5 0.000000
-20 10 0.000000
-20 15 0.000000
-20 20 0.000000
-20 25 0.000000
-20 30 0.000000
-20 35 0.000000
-20 40 0.000000
-20 45 0.000000
-20 50 0.000000
-20 55 0.000000
-20 60 0.000000
-20 65 0.000000
-20 70 0.000000
-20 75 0.000000
-20 80 0.000000
-20 85 0.000000
-20 90 0.000000
-20 95 0.000000
-20 100 0.009477
-20 105 0.023627
-20 110 0.044765
-20 115 0.066246
-20 120 0.076728
-20 125 0.069761
-20 130 0.049969
-20 135 0.028355
-20 140 0.012858
-20 145 0.001642
-20 150 0.000359
-20 155 0.000087
-20 160 0.000000
-20 165 0.000000
-20 170 0.000000
-20 175 0.000000
-15 -180 0.000000
-15 -175 0.000000
-15 -170 0.000000
-15 -165 0.000000
-15 -160 0.000000
-15 -155 0.000000
-15 -150 0.000000
-15 -145 0.000000
-15 -140 0.000000
-15 -135 0.000000
-15 -130 0.000000
-15 -125 0.000000
-15 -120 0.000000
-15 -115 0.000000
-15 -110 0.000000
-15 -105 0.000000
-15 -100 0.000000
-15 -95 0.000000
-15 -90 0.000000
-15 -85 0.000000
-15 -80 0.000000
-15 -75 0.000000
-15 -70 0.000000
-15 -65 0.000000
-15 -60 0.000000
-15 -55 0.000000
-15 -50 0.000000
-15 -45 0.000000
-15 -40 0.000000
-15 -35 0.000000
-15 -30 0.000000
-15 -25 0.000000
-15 -20 0.000000
-15 -15 0.000000
-15 -10 0.000000
-15 -5 0.000000
-15 0 0.000000
-15 5 0.000000
-15 10 0.000000
-15 15 0.000000
-15 20 0.000000
-15 25 0.000000
-15 30 0.000000
-15 35 0.000000
-15 40 0.000000
-15 45 0.000000
-15 50 0.000000
-15 55 0.000000
-15 60 0.000000
-15 65 0.000000
-15 70 0.000000
-15 75 0.000000
-15 80 0.000000
-15 85 0.000000
-15 90 0.000000
-15 95 0.000000
-15 100 0.007040
-15 105 0.017501
-15 110 0.033022
-15 115 0.048653
-15 120 0.056014
-15 125 0.050433
-15 130 0.035545
-15 135 0.019633
-15 140 0.008509
-15 145 0.000612
-15 150 0.000000
-15 155 0.000000
-15 160 0.000000
-15 165 0.000000
-15 170 0.000000
-15 175 0.000000
-10 -180 0.000000
-10 -175 0.000000
-10 -170 0.000000
-10 -165 0.000000
-10 -160 0.000000
-10 -155 0.000000
-10 -150 0.000000
-10 -145 0.000000
-10 -140 0.000000
-10 -135 0.000000
-10 -130 0.000000
-10 -125 0.000000
-10 -120 0.000000
-10 -115 0.000000
-10 -110 0.000000
-10 -105 0.000000
-10 -100 0.000000
-10 -95 0.000000
-10 -90 0.000000
-10 -85 0.000000
-10 -80 0.000000
-10 -75 0.000000
-10 -70 0.000000
-10 -65 0.000000
-10 -60 0.000000
-10 -55 0.000000
-10 -50 0.000000
-10 -45 0.000000
-10 -40 0.000000
-10 -35 0.000000
-10 -30 0.000000
-10 -25 0.000000
-10 -20 0.000000
-10 -15 0.000000
-10 -10 0.000000
-10 -5 0.000000
-10 0 0.000000
-10 5 0.000000
-10 10 0.000000
-10 15 0.000000
-10 20 0.000000
-10 25 0.000000
-10 30 0.000000
-10 35 0.000000
-10 40 0.000000
-10 45 0.000000
-10 50 0.000000
-10 55 0.000000
-10 60 0.000000
-10 65 0.000000
-10 70 0.000000
-10 75 0.000000
-10 80 0.000000
-10 85 0.000000
-10 90 0.000000
-10 95 0.000000
-10 100 0.004131
-10 105 0.010268
-10 110 0.019373
-10 115 0.028544
-10 120 0.032863
-10 125 0.029588
-10 130 0.020854
-10 135 0.011518
-10 140 0.004992
-10 145 0.000359
-10 150 0.000000
-10 155 0.000000
-10 160 0.000000
-10 165 0.000000
-10 170 0.000000
-10 175 0.000000
-5 -180 0.000000
-5 -175 0.000000
-5 -170 0.000000
-5 -165 0.000000
-5 -160 0.000000
-5 -155 0.000000
-5 -150 0.000000
-5 -145 0.000000
-5 -140 0.000000
-5 -135 0.000000
-5 -130 0.000000
-5 -125 0.000000
-5 -120 0.000000
-5 -115 0.000000
-5 -110 0.000000
-5 -105 0.000000
-5 -100 0.000000
-5 -95 0.000000
-5 -90 0.000000
-5 -85 0.000000
-5 -80 0.000000
-5 -75 0.000000
-5 -70 0.000000
-5 -65 0.000000
-5 -60 0.000000
-5 -55 0.000000
-5 -50 0.000000
-5 -45 0.000000
-5 -40 0.000000
-5 -35 0.000000
-5 -30 0.000000
-5 -25 0.000000
-5 -20 0.000000
-5 -15 0.000000
-5 -10 0.000000
-5 -5 0.000000
-5 0 0.000000
-5 5 0.000000
-5 10 0.000000
-5 15 0.000000
-5 20 0.000000
-5 25 0.000000
-5 30 0.000000
-5 35 0.000000
-5 40 0.000000
-5 45 0.000000
-5 50 0.000000
-5 55 0.000000
-5 60 0.000000
-5 65 0.000000
-5 70 0.000000
-5 75 0.000000
-5 80 0.000000
-5 85 0.000000
-5 90 0.000000
-5 95 0.000000
-5 100 0.001916
-5 105 0.004762
-5 110 0.008985
-5 115 0.013238
-5 120 0.015241
-5 125 0.013723
-5 130 0.009672
-5 135 0.005342
-5 140 0.002315
-5 145 0.000167
-5 150 0.000000
-5 155 0.000000
-5 160 0.000000
-5 165 0.000000
-5 170 0.000000
-5 175 0.000000
0 -180 0.000000
0 -175 0.000000
0 -170 0.000000
0 -165 0.000000
0 -160 0.000000
0 -155 0.000000
0 -150 0.000000
0 -145 0.000000
0 -140 0.000000
0 -135 0.000000
0 -130 0.000000
0 -125 0.000000
0 -120 0.000000
0 -115 0.000000
0 -110 0.000000
0 -105 0.000000
0 -100 0.000000
0 -95 0.000000
0 -90 0.000000
0 -85 0.000000
0 -80 0.000000
0 -75 0.000000
0 -70 0.000000
0 -65 0.000000
0 -60 0.000000
0 -55 0.000000
0 -50 0.000000
0 -45 0.000000
0 -40 0.000000
0 -35 0.000000
0 -30 0.000000
0 -25 0.000000
0 -20 0.000000
0 -15 0.000000
0 -10 0.000000
0 -5 0.000000
0 0 0.000000
0 5 0.000000
0 10 0.000000
0 15 0.000000
0 20 0.000000
0 25 0.000000
0 30 0.000000
0 35 0.000000
0 40 0.000000
0 45 0.000000
0 50 0.000000
0 55 0.000000
0 60 0.000000
0 65 0.000000
0 70 0.000000
0 75 0.000000
0 80 0.000000
0 85 0.000000
0 90 0.000000
0 95 0.000000
0 100 0.000365
0 105 0.000908
0 110 0.001713
0 115 0.002524
0 120 0.002906
0 125 0.002616
0 130 0.001844
0 135 0.001018
0 140 0.000441
0 145 0.000032
0 150 0.000000
0 155 0.000000
0 160 0.000000
0 165 0.000000
0 170 0.000000
0 175 0.000000
5 -180 0.000000
5 -175 0.000000
5 -170 0.000000
5 -165 0.000000
5 -160 0.000000
5 -155 0.000000
5 -150 0.000000
5 -145 0.000000
5 -140 0.000000
5 -135 0.000000
5 -130 0.000000
5 -125 0.000000
5 -120 0.000000
5 -115 0.000000
5 -110 0.000000
5 -105 0.000000
5 -100 0.000000
5 -95 0.000000
5 -90 0.000000
5 -85 0.000000
5 -80 0.000000
5 -75 0.000000
5 -70 0.000000
5 -65 0.000000
5 -60 0.000000
5 -55 0.000000
5 -50 0.000000
5 -45 0.000000
5 -40 0.000000
5 -35 0.000000
5 -30 0.000000
5 -25 0.000000
5 -20 0.000000
5 -15 0.000000
5 -10 0.000000
5 -5 0.000000
5 0 0.000000
5 5 0.000000
5 10 0.000000
5 15 0.000000
5 20 0.000000
5 25 0.000000
5 30 0.000000
5 35 0.000000
5 40 0.000000
5 45 0.000000
5 50 0.000000
5 55 0.000000
5 60 0.000000
5 65 0.000000
5 70 0.000000
5 75 0.000000
5 80 0.000000
5 85 0.000000
5 90 0.000000
5 95 0.000000
5 100 0.000000
5 105 0.000000
5 110 0.000000
5 115 0.000000
5 120 0.000000
5 125 0.000000
5 130 0.000000
5 135 0.000000
5 140 0.000000
5 145 0.000000
5 150 0.000000
5 155 0.000000
5 160 0.000000
5 165 0.000000
5 170 0.000000
5 175 0.000000
10 -180 0.000000
10 -175 0.000000
10 -170 0.000000
10 -165 0.000000
10 -160 0.000000
10 -155 0.000000
10 -150 0.000000
10 -145 0.000000
10 -140 0.000000
10 -135 0.000000
10 -130 0.000000
10 -125 0.000000
10 -120 0.000000
10 -115 0.000000
10 -110 0.000000
10 -105 0.000000
10 -100 0.000000
10 -95 0.000000
10 -90 0.000000
10 -85 0.000000
10 -80 0.000000
10 -75 0.000000
10 -70 0.000000
10 -65 0.000000
10 -60 0.000000
10 -55 0.000000
10 -50 0.000000
10 -45 0.000000
10 -40 0.000000
10 -35 0.000000
10 -30 0.000000
10 -25 0.000000
10 -20 0.000000
10 -15 0.000000
10 -10 0.000000
10 -5 0.000000
10 0 0.000000
10 5 0.000000
10 10 0.000000
10 15 0.000000
10 20 0.000000
10 25 0.000000
10 30 0.000000
10 35 0.000000
10 40 0.000000
10 45 0.000000
10 50 0.000000
10 55 0.000000
10 60 0.000000
10 65 0.000000
10 70 0.000000
10 75 0.000000
10 80 0.000000
10 85 0.000000
10 90 0.000000
10 95 0.000000
10 100 0.000000
10 105 0.000000
10 110 0.000000
10 115 0.000000
10 120 0.000000
10 125 0.000000
10 130 0.000000
10 135 0.000000
10 140 0.000000
10 145 0.000000
10 150 0.000000
10 155 0.000000
10 160 0.000000
10 165 0.000000
10 170 0.000000
10 175 0.000000
15 -180 0.000000
15 -175 0.000000
15 -170 0.000000
15 -165 0.000000
15 -160 0.000000
15 -155 0.000000
15 -150 0.000000
15 -145 0.000000
15 -140 0.000000
15 -135 0.000000
15 -130 0.000000
15 -125 0.000000
15 -120 0.000000
15 -115 0.000000
15 -110 0.000000
15 -105 0.000000
15 -100 0.000000
15 -95 0.000000
15 -90 0.000000
15 -85 0.000000
15 -80 0.000000
15 -75 0.000000
15 -70 0.000000
15 -65 0.000000
15 -60 0.000000
15 -55 0.000000
15 -50 0.000000
15 -45 0.000000
15 -40 0.000000
15 -35 0.000000
15 -30 0.000000
15 -25 0.000000
15 -20 0.000000
15 -15 0.000000
15 -10 0.000000
15 -5 0.000000
15 0 0.000000
15 5 0.000000
15 10 0.000000
15 15 0.000000
15 20 0.000000
15 25 0.000000
15 30 0.000000
15 35 0.000000
15 40 0.000000
15 45 0.000000
15 50 0.000000
15 55 0.000000
15 60 0.000000
15 65 0.000000
15 70 0.000000
15 75 0.000000
15 80 0.000000
15 85 0.000000
15 90 0.000000
15 95 0.000000
15 100 0.000000
15 105 0.000000
15 110 0.000000
15 115 0.000000
15 120 0.000000
15 125 0.000000
15 130 0.000000
15 135 0.000000
15 140 0.000000
15 145 0.000000
15 150 0.000000
15 155 0.000000
15 160 0.000000
15 165 0.000000
15 170 0.000000
15 175 0.000000
20 -180 0.000000
20 -175 0.000000
20 -170 0.000000
20 -165 0.000000
20 -160 0.000000
20 -155 0.000000
20 -150 0.000000
20 -145 0.000000
20 -140 0.000000
20 -135 0.000000
20 -130 0.000000
20 -125 0.000000
20 -120 0.000000
20 -115 0.000000
20 -110 0.000000
20 -105 0.000000
20 -100 0.000000
20 -95 0.000000
20 -90 0.000000
20 -85 0.000000
20 -80 0.000000
20 -75 0.000000
20 -70 0.000000
20 -65 0.000000
20 -60 0.000000
20 -55 0.000000
20 -50 0.000000
20 -45 0.000000
20 -40 0.000000
20 -35 0.000000
20 -30 0.000000
20 -25 0.000000
20 -20 0.000000
20 -15 0.000000
20 -10 0.000000
20 -5 0.000000
20 0 0.000000
20 5 0.000000
20 10 0.000000
20 15 0.000038
20 20 0.000526
20 25 0.001214
20 30 0.002199
20 35 0.003119
20 40 0.003465
20 45 0.003149
20 50 0.002818
20 55 0.002764
20 60 0.003320
20 65 0.003904
20 70 0.004166
20 75 0.003500
20 80 0.002310
20 85 0.001197
20 90 0.000441
20 95 0.000000
20 100 0.000000
20 105 0.000000
20 110 0.000000
20 115 0.000000
20 120 0.000000
20 125 0.000000
20 130 0.000000
20 135 0.000000
20 140 0.000000
20 145 0.000000
20 150 0.000000
20 155 0.000000
20 160 0.000000
20 165 0.000000
20 170 0.000000
20 175 0.000000
25 -180 0.000000
25 -175 0.000000
25 -170 0.000000
25 -165 0.000000
25 -160 0.000000
25 -155 0.000000
25 -150 0.000000
25 -145 0.000000
25 -140 0.000000
25 -135 0.000000
25 -130 0.000000
25 -125 0.000000
25 -120 0.000000
25 -115 0.000000
25 -110 0.000000
25 -105 0.000000
25 -100 0.000000
25 -95 0.000000
25 -90 0.000000
25 -85 0.000000
25 -80 0.000000
25 -75 0.000000
25 -70 0.000000
25 -65 0.000000
25 -60 0.000000
25 -55 0.000000
25 -50 0.000000
25 -45 0.000000
25 -40 0.000000
25 -35 0.000000
25 -30 0.000000
25 -25 0.000000
25 -20 0.000000
25 -15 0.000000
25 -10 0.000000
25 -5 0.000000
25 0 0.000000
25 5 0.000000
25 10 0.000000
25 15 0.000114
25 20 0.001585
25 25 0.003816
25 30 0.007254
25 35 0.010712
25 40 0.012602
25 45 0.012264
25 50 0.011162
25 55 0.010192
25 60 0.010662
25 65 0.011370
25 70 0.011566
25 75 0.009502
25 80 0.006272
25 85 0.003250
25 90 0.001197
25 95 0.000000
25 100 0.000000
25 105 0.000000
25 110 0.000000
25 115 0.000000
25 120 0.000000
25 125 0.000000
25 130 0.000000
25 135 0.000000
25 140 0.000000
25 145 0.000000
25 150 0.000000
25 155 0.000000
25 160 0.000000
25 165 0.000000
25 170 0.000000
25 175 0.000000
30 -180 0.000000
30 -175 0.000000
30 -170 0.000000
30 -165 0.000000
30 -160 0.000000
30 -155 0.000000
30 -150 0.000000
30 -145 0.000000
30 -140 0.000000
30 -135 0.000000
30 -130 0.000000
30 -125 0.000000
30 -120 0.000000
30 -115 0.000000
30 -110 0.000000
30 -105 0.000000
30 -100 0.000000
30 -95 0.000000
30 -90 0.000000
30 -85 0.000000
30 -80 0.000000
30 -75 0.000000
30 -70 0.000000
30 -65 0.000000
30 -60 0.000000
30 -55 0.000000
30 -50 0.000000
30 -45 0.000000
30 -40 0.000000
30 -35 0.000000
30 -30 0.000000
30 -25 0.000000
30 -20 0.000000
30 -15 0.000000
30 -10 0.000000
30 -5 0.000000
30 0 0.000000
30 5 0.000000
30 10 0.000004
30 15 0.000519
30 20 0.004000
30 25 0.009962
30 30 0.020042
30 35 0.031662
30 40 0.040852
30 45 0.044714
30 50 0.044040
30 55 0.039633
30 60 0.035063
30 65 0.030557
30 70 0.026304
30 75 0.019509
30 80 0.012251
30 85 0.006272
30 90 0.002310
30 95 0.000000
30 100 0.000000
30 105 0.000000
30 110 0.000000
30 115 0.000000
30 120 0.000000
30 125 0.000000
30 130 0.000000
30 135 0.000000
30 140 0.000000
30 145 0.000000
30 150 0.000000
30 155 0.000000
30 160 0.000000
30 165 0.000000
30 170 0.000000
30 175 0.000000
35 -180 0.000000
35 -175 0.000000
35 -170 0.000000
35 -165 0.000215
35 -160 0.000789
35 -155 0.001620
35 -150 0.002628
35 -145 0.003373
35 -140 0.003424
35 -135 0.002748
35 -130 0.001742
35 -125 0.000871
35 -120 0.000274
35 -115 0.000000
35 -110 0.000000
35 -105 0.000000
35 -100 0.000000
35 -95 0.000000
35 -90 0.000000
35 -85 0.000000
35 -80 0.000000
35 -75 0.000000
35 -70 0.000000
35 -65 0.000000
35 -60 0.000000
35 -55 0.000000
35 -50 0.000000
35 -45 0.000000
35 -40 0.000000
35 -35 0.000000
35 -30 0.000000
35 -25 0.000000
35 -20 0.000000
35 -15 0.000000
35 -10 0.000000
35 -5 0.000000
35 0 0.000000
35 5 0.000092
35 10 0.000469
35 15 0.003798
35 20 0.014371
35 25 0.032643
35 30 0.060613
35 35 0.091072
35 40 0.113803
35 45 0.121409
35 50 0.114493
35 55 0.096496
35 60 0.076197
35 65 0.058535
35 70 0.044948
35 75 0.030939
35 80 0.018723
35 85 0.009500
35 90 0.003500
35 95 0.000000
35 100 0.000000
35 105 0.000000
35 110 0.000000
35 115 0.000000
35 120 0.000000
35 125 0.000000
35 130 0.000000
35 135 0.000000
35 140 0.000000
35 145 0.000000
35 150 0.000000
35 155 0.000000
35 160 0.000000
35 165 0.000000
35 170 0.000000
35 175 0.000000
40 -180 0.000000
40 -175 0.000000
40 -170 0.000000
40 -165 0.000637
40 -160 0.002338
40 -155 0.004797
40 -150 0.007783
40 -145 0.009988
40 -140 0.010139
40 -135 0.008137
40 -130 0.005159
40 -125 0.002580
40 -120 0.000810
40 -115 0.000000
40 -110 0.000000
40 -105 0.000000
40 -100 0.000000
40 -95 0.000000
40 -90 0.000000
40 -85 0.000180
40 -80 0.000434
40 -75 0.000814
40 -70 0.001187
40 -65 0.001351
40 -60 0.001198
40 -55 0.000829
40 -50 0.000447
40 -45 0.000188
40 -40 0.000004
40 -35 0.000000
40 -30 0.000000
40 -25 0.000000
40 -20 0.000000
40 -15 0.000000
40 -10 0.000000
40 -5 0.000081
40 0 0.000430
40 5 0.002115
40 10 0.005846
40 15 0.017445
40 20 0.042298
40 25 0.080845
40 30 0.133690
40 35 0.187252
40 40 0.224180
40 45 0.232592
40 50 0.212892
40 55 0.172855
40 60 0.127578
40 65 0.089341
40 70 0.061872
40 75 0.039163
40 80 0.022573
40 85 0.011310
40 90 0.004166
40 95 0.000000
40 100 0.000000
40 105 0.000000
40 110 0.000000
40 115 0.000000
40 120 0.000000
40 125 0.000000
40 130 0.000000
40 135 0.000000
40 140 0.000000
40 145 0.000000
40 150 0.000000
40 155 0.000000
40 160 0.000000
40 165 0.000000
40 170 0.000000
40 175 0.000000
45 -180 0.000000
45 -175 0.000000
45 -170 0.000000
45 -165 0.001254
45 -160 0.004603
45 -155 0.009446
45 -150 0.015325
45 -145 0.019667
45 -140 0.019964
45 -135 0.016022
45 -130 0.010158
45 -125 0.005081
45 -120 0.001595
45 -115 0.000000
45 -110 0.000000
45 -105 0.000000
45 -100 0.000000
45 -95 0.000000
45 -90 0.000000
45 -85 0.000999
45 -80 0.002418
45 -75 0.004528
45 -70 0.006608
45 -65 0.007517
45 -60 0.006667
45 -55 0.004612
45 -50 0.002489
45 -45 0.001048
45 -40 0.000020
45 -35 0.000000
45 -30 0.000000
45 -25 0.000000
45 -20 0.000175
45 -15 0.000686
45 -10 0.001815
45 -5 0.004096
45 0 0.007722
45 5 0.014637
45 10 0.025865
45 15 0.050765
45 20 0.094843
45 25 0.158744
45 30 0.239856
45 35 0.316837
45 40 0.364330
45 45 0.366812
45 50 0.325528
45 55 0.254940
45 60 0.177272
45 65 0.113885
45 70 0.070560
45 75 0.040204
45 80 0.021576
45 85 0.010599
45 90 0.003904
45 95 0.000000
45 100 0.000000
45 105 0.000000
45 110 0.000000
45 115 0.000000
45 120 0.000000
45 125 0.000000
45 130 0.000000
45 135 0.000000
45 140 0.000000
45 145 0.000000
45 150 0.000000
45 155 0.000000
45 160 0.000000
45 165 0.000000
45 170 0.000000
45 175 0.000000
50 -180 0.000000
50 -175 0.000000
50 -170 0.000000
50 -165 0.001944
50 -160 0.007137
50 -155 0.014647
50 -150 0.023763
50 -145 0.030496
50 -140 0.030956
50 -135 0.024844
50 -130 0.015751
50 -125 0.007879
50 -120 0.002474
50 -115 0.000000
50 -110 0.000000
50 -105 0.000000
50 -100 0.000000
50 -95 0.000000
50 -90 0.000000
50 -85 0.002169
50 -80 0.005247
50 -75 0.009826
50 -70 0.014341
50 -65 0.016314
50 -60 0.014469
50 -55 0.010008
50 -50 0.005401
50 -45 0.002275
50 -40 0.000044
50 -35 0.000000
50 -30 0.000000
50 -25 0.000000
50 -20 0.000747
50 -15 0.002883
50 -10 0.007586
50 -5 0.016135
50 0 0.027988
50 5 0.045592
50 10 0.069342
50 15 0.111846
50 20 0.177624
50 25 0.266510
50 30 0.370217
50 35 0.459133
50 40 0.502022
50 45 0.484458
50 50 0.412437
50 55 0.309695
50 60 0.203274
50 65 0.120709
50 70 0.067056
50 75 0.033841
50 80 0.016434
50 85 0.007830
50 90 0.002884
50 95 0.000000
50 100 0.000000
50 105 0.000000
50 110 0.000000
50 115 0.000000
50 120 0.000000
50 125 0.000000
50 130 0.000000
50 135 0.000000
50 140 0.000000
50 145 0.000000
50 150 0.000000
50 155 0.000000
50 160 0.000000
50 165 0.000000
50 170 0.000000
50 175 0.000000
55 -180 0.000000
55 -175 0.000000
55 -170 0.000000
55 -165 0.002377
55 -160 0.008728
55 -155 0.017911
55 -150 0.029060
55 -145 0.037293
55 -140 0.037856
55 -135 0.030382
55 -130 0.019261
55 -125 0.009635
55 -120 0.003025
55 -115 0.000000
55 -110 0.000000
55 -105 0.000000
55 -100 0.000000
55 -95 0.000000
55 -90 0.000000
55 -85 0.003719
55 -80 0.008998
55 -75 0.016851
55 -70 0.024593
55 -65 0.027977
55 -60 0.024813
55 -55 0.017163
55 -50 0.009262
55 -45 0.003901
55 -40 0.000076
55 -35 0.000000
55 -30 0.000000
55 -25 0.000000
55 -20 0.001815
55 -15 0.007069
55 -10 0.018267
55 -5 0.037526
55 0 0.062544
55 5 0.094690
55 10 0.132519
55 15 0.189591
55 20 0.269343
55 25 0.370030
55 30 0.477807
55 35 0.558207
55 40 0.579218
55 45 0.532702
55 50 0.432185
55 55 0.309375
55 60 0.191667
55 65 0.105803
55 70 0.053099
55 75 0.023585
55 80 0.010039
55 85 0.004566
55 90 0.001682
55 95 0.000000
55 100 0.000000
55 105 0.000000
55 110 0.000000
55 115 0.000000
55 120 0.000000
55 125 0.000000
55 130 0.000000
55 135 0.000000
55 140 0.000000
55 145 0.000000
55 150 0.000000
55 155 0.000000
55 160 0.000000
55 165 0.000000
55 170 0.000000
55 175 0.000000
60 -180 0.000000
60 -175 0.000000
60 -170 0.000000
60 -165 0.002295
60 -160 0.008428
60 -155 0.017296
60 -150 0.028061
60 -145 0.036012
60 -140 0.036555
60 -135 0.029338
60 -130 0.018600
60 -125 0.009304
60 -120 0.002921
60 -115 0.000000
60 -110 0.000000
60 -105 0.000000
60 -100 0.000000
60 -95 0.000000
60 -90 0.000000
60 -85 0.005035
60 -80 0.012180
60 -75 0.022810
60 -70 0.033291
60 -65 0.037871
60 -60 0.033589
60 -55 0.023234
60 -50 0.012538
60 -45 0.005281
60 -40 0.000103
60 -35 0.000000
60 -30 0.000578
60 -25 0.001465
60 -20 0.005976
60 -15 0.016760
60 -10 0.037431
60 -5 0.070317
60 0 0.110645
60 5 0.157094
60 10 0.205166
60 15 0.266305
60 20 0.343900
60 25 0.435478
60 30 0.524868
60 35 0.577955
60 40 0.567437
60 45 0.494205
60 50 0.378758
60 55 0.255890
60 60 0.148481
60 65 0.076192
60 70 0.034845
60 75 0.013694
60 80 0.004956
60 85 0.002104
60 90 0.000775
60 95 0.000000
60 100 0.000000
60 105 0.000000
60 110 0.000000
60 115 0.000000
60 120 0.000000
60 125 0.000000
60 130 0.000000
60 135 0.000000
60 140 0.000000
60 145 0.000000
60 150 0.000000
60 155 0.000000
60 160 0.000000
60 165 0.000000
60 170 0.000000
60 175 0.000000
65 -180 0.000000
65 -175 0.000000
65 -170 0.000000
65 -165 0.001752
65 -160 0.006433
65 -155 0.013201
65 -150 0.021419
65 -145 0.027487
65 -140 0.027902
65 -135 0.022393
65 -130 0.014197
65 -125 0.007101
65 -120 0.002230
65 -115 0.000000
65 -110 0.000000
65 -105 0.000000
65 -100 0.000000
65 -95 0.000000
65 -90 0.000000
65 -85 0.005372
65 -80 0.012997
65 -75 0.024341
65 -70 0.035524
65 -65 0.040412
65 -60 0.035843
65 -55 0.024793
65 -50 0.013379
65 -45 0.005635
65 -40 0.000110
65 -35 0.000000
65 -30 0.001480
65 -25 0.003752
65 -20 0.011646
65 -15 0.028673
65 -10 0.058888
65 -5 0.103897
65 0 0.156237
65 5 0.210636
65 10 0.259373
65 15 0.310613
65 20 0.369180
65 25 0.434330
65 30 0.491860
65 35 0.512530
65 40 0.476413
65 45 0.391550
65 50 0.281087
65 55 0.176648
65 60 0.093820
65 65 0.043617
65 70 0.017434
65 75 0.005491
65 80 0.001245
65 85 0.000378
65 90 0.000139
65 95 0.000000
65 100 0.000000
65 105 0.000000
65 110 0.000000
65 115 0.000000
65 120 0.000000
65 125 0.000000
65 130 0.000000
65 135 0.000000
65 140 0.000000
65 145 0.000000
65 150 0.000000
65 155 0.000000
65 160 0.000000
65 165 0.000000
65 170 0.000000
65 175 0.000000
70 -180 0.000000
70 -175 0.000000
70 -170 0.000000
70 -165 0.001058
70 -160 0.003883
70 -155 0.007970
70 -150 0.012930
70 -145 0.016593
70 -140 0.016844
70 -135 0.013518
70 -130 0.008570
70 -125 0.004287
70 -120 0.001346
70 -115 0.000000
70 -110 0.000000
70 -105 0.000000
70 -100 0.000000
70 -95 0.000000
70 -90 0.000000
70 -85 0.004513
70 -80 0.010917
70 -75 0.020445
70 -70 0.029839
70 -65 0.033944
70 -60 0.030106
70 -55 0.020825
70 -50 0.011238
70 -45 0.004733
70 -40 0.000092
70 -35 0.000000
70 -30 0.002815
70 -25 0.007137
70 -20 0.018700
70 -15 0.041094
70 -10 0.077310
70 -5 0.127052
70 0 0.181496
70 5 0.232484
70 10 0.270755
70 15 0.301830
70 20 0.333377
70 25 0.367480
70 30 0.394508
70 35 0.392162
70 40 0.347027
70 45 0.269355
70 50 0.180265
70 55 0.104076
70 60 0.049428
70 65 0.020651
70 70 0.007394
70 75 0.002015
70 80 0.000234
70 85 0.000000
70 90 0.000000
70 95 0.000000
70 100 0.000000
70 105 0.000000
70 110 0.000000
70 115 0.000000
70 120 0.000000
70 125 0.000000
70 130 0.000000
70 135 0.000000
70 140 0.000000
70 145 0.000000
70 150 0.000000
70 155 0.000000
70 160 0.000000
70 165 0.000000
70 170 0.000000
70 175 0.000000
75 -180 0.000000
75 -175 0.000000
75 -170 0.000000
75 -165 0.000505
75 -160 0.001854
75 -155 0.003806
75 -150 0.006175
75 -145 0.007924
75 -140 0.008043
75 -135 0.006455
75 -130 0.004093
75 -125 0.002047
75 -120 0.000643
75 -115 0.000000
75 -110 0.000000
75 -105 0.000000
75 -100 0.000000
75 -95 0.000000
75 -90 0.000000
75 -85 0.002979
75 -80 0.007207
75 -75 0.013497
75 -70 0.019699
75 -65 0.022409
75 -60 0.019875
75 -55 0.013748
75 -50 0.007419
75 -45 0.003125
75 -40 0.000061
75 -35 0.000000
75 -30 0.004189
75 -25 0.010620
75 -20 0.024881
75 -15 0.049635
75 -10 0.085505
75 -5 0.129905
75 0 0.174918
75 5 0.212405
75 10 0.234218
75 15 0.244125
75 20 0.252183
75 25 0.261985
75 30 0.268292
75 35 0.255893
75 40 0.216212
75 45 0.157547
75 50 0.096183
75 55 0.048465
75 60 0.018140
75 65 0.005644
75 70 0.001473
75 75 0.000352
75 80 0.000037
75 85 0.000000
75 90 0.000000
75 95 0.000000
75 100 0.000000
75 105 0.000000
75 110 0.000000
75 115 0.000000
75 120 0.000000
75 125 0.000000
75 130 0.000000
75 135 0.000000
75 140 0.000000
75 145 0.000000
75 150 0.000000
75 155 0.000000
75 160 0.000000
75 165 0.000000
75 170 0.000000
75 175 0.000000
80 -180 0.000000
80 -175 0.000000
80 -170 0.000000
80 -165 0.000121
80 -160 0.000444
80 -155 0.000911
80 -150 0.001478
80 -145 0.001897
80 -140 0.001926
80 -135 0.001546
80 -130 0.000980
80 -125 0.000490
80 -120 0.000154
80 -115 0.000000
80 -110 0.000000
80 -105 0.000000
80 -100 0.000000
80 -95 0.000000
80 -90 0.000000
80 -85 0.001544
80 -80 0.003734
80 -75 0.006994
80 -70 0.010207
80 -65 0.011611
80 -60 0.010298
80 -55 0.007123
80 -50 0.003844
80 -45 0.001619
80 -40 0.000032
80 -35 0.000000
80 -30 0.004883
80 -25 0.012378
80 -20 0.026970
80 -15 0.049874
80 -10 0.079345
80 -5 0.111340
80 0 0.140534
80 5 0.161306
80 10 0.168331
80 15 0.163645
80 20 0.157311
80 25 0.152504
80 30 0.147573
80 35 0.134341
80 40 0.108392
80 45 0.074343
80 50 0.041520
80 55 0.018056
80 60 0.004669
80 65 0.000683
80 70 0.000000
80 75 0.000000
80 80 0.000000
80 85 0.000000
80 90 0.000000
80 95 0.000000
80 100 0.000000
80 105 0.000000
80 110 0.000000
80 115 0.000000
80 120 0.000000
80 125 0.000000
80 130 0.000000
80 135 0.000000
80 140 0.000000
80 145 0.000000
80 150 0.000000
80 155 0.000000
80 160 0.000000
80 165 0.000000
80 170 0.000000
80 175 0.000000
85 -180 0.000000
85 -175 0.000000
85 -170 0.000000
85 -165 0.000000
85 -160 0.000000
85 -155 0.000000
85 -150 0.000000
85 -145 0.000000
85 -140 0.000000
85 -135 0.000000
85 -130 0.000000
85 -125 0.000000
85 -120 0.000000
85 -115 0.000000
85 -110 0.000000
85 -105 0.000000
85 -100 0.000000
85 -95 0.000000
85 -90 0.000000
85 -85 0.000569
85 -80 0.001376
85 -75 0.002576
85 -70 0.003760
85 -65 0.004277
85 -60 0.003794
85 -55 0.002624
85 -50 0.001416
85 -45 0.000596
85 -40 0.000012
85 -35 0.000000
85 -30 0.004463
85 -25 0.011314
85 -20 0.023522
85 -15 0.041112
85 -10 0.061209
85 -5 0.079751
85 0 0.094109
85 5 0.101498
85 10 0.099458
85 15 0.089206
85 20 0.078984
85 25 0.071230
85 30 0.065985
85 35 0.059129
85 40 0.047689
85 45 0.032552
85 50 0.018018
85 55 0.007653
85 60 0.001722
85 65 0.000231
85 70 0.000000
85 75 0.000000
85 80 0.000000
85 85 0.000000
85 90 0.000000
85 95 0.000000
85 100 0.000000
85 105 0.000000
85 110 0.000000
85 115 0.000000
85 120 0.000000
85 125 0.000000
85 130 0.000000
85 135 0.000000
85 140 0.000000
85 145 0.000000
85 150 0.000000
85 155 0.000000
85 160 0.000000
85 165 0.000000
85 170 0.000000
85 175 0.000000
90 -180 0.000000
90 -175 0.000000
90 -170 0.000000
90 -165 0.000000
90 -160 0.000000
90 -155 0.000000
90 -150 0.000000
90 -145 0.000000
90 -140 0.000000
90 -135 0.000000
90 -130 0.000000
90 -125 0.000000
90 -120 0.000000
90 -115 0.000000
90 -110 0.000000
90 -105 0.000000
90 -100 0.000000
90 -95 0.000000
90 -90 0.000000
90 -85 0.000000
90 -80 0.000000
90 -75 0.000000
90 -70 0.000000
90 -65 0.000000
90 -60 0.000000
90 -55 0.000000
90 -50 0.000000
90 -45 0.000000
90 -40 0.000000
90 -35 0.000000
90 -30 0.003203
90 -25 0.008120
90 -20 0.016319
90 -15 0.027251
90 -10 0.038226
90 -5 0.046178
90 0 0.050406
90 5 0.050528
90 10 0.046085
90 15 0.037816
90 20 0.030908
90 25 0.026002
90 30 0.023121
90 35 0.020455
90 40 0.016564
90 45 0.011163
90 50 0.005975
90 55 0.002402
90 60 0.000374
90 65 0.000000
90 70 0.000000
90 75 0.000000
90 80 0.000000
90 85 0.000000
90 90 0.000000
90 95 0.000000
90 100 0.000000
90 105 0.000000
90 110 0.000000
90 115 0.000000
90 120 0.000000
90 125 0.000000
90 130 0.000000
90 135 0.000000
90 140 0.000000
90 145 0.000000
90 150 0.000000
90 155 0.000000
90 160 0.000000
90 165 0.000000
90 170 0.000000
90 175 0.000000
95 -180 0.000000
95 -175 0.000000
95 -170 0.000000
95 -165 0.000000
95 -160 0.000000
95 -155 0.000000
95 -150 0.000000
95 -145 0.000000
95 -140 0.000000
95 -135 0.000000
95 -130 0.000000
95 -125 0.000000
95 -120 0.000000
95 -115 0.000000
95 -110 0.000000
95 -105 0.000000
95 -100 0.000000
95 -95 0.000000
95 -90 0.000000
95 -85 0.000000
95 -80 0.000000
95 -75 0.000000
95 -70 0.000000
95 -65 0.000000
95 -60 0.000000
95 -55 0.000000
95 -50 0.000000
95 -45 0.000000
95 -40 0.000000
95 -35 0.000000
95 -30 0.001808
95 -25 0.004583
95 -20 0.008938
95 -15 0.014297
95 -10 0.018827
95 -5 0.020815
95 0 0.020493
95 5 0.018397
95 10 0.014949
95 15 0.010202
95 20 0.006673
95 25 0.004118
95 30 0.002621
95 35 0.001955
95 40 0.001684
95 45 0.001165
95 50 0.000642
95 55 0.000259
95 60 0.000038
95 65 0.000000
95 70 0.000000
95 75 0.000000
95 80 0.000000
95 85 0.000000
95 90 0.000000
95 95 0.000000
95 100 0.000000
95 105 0.000000
95 110 0.000000
95 115 0.000000
95 120 0.000000
95 125 0.000000
95 130 0.000000
95 135 0.000000
95 140 0.000000
95 145 0.000000
95 150 0.000000
95 155 0.000000
95 160 0.000000
95 165 0.000000
95 170 0.000000
95 175 0.000000
100 -180 0.000000
100 -175 0.000000
100 -170 0.000000
100 -165 0.000000
100 -160 0.000000
100 -155 0.000000
100 -150 0.000000
100 -145 0.000000
100 -140 0.000000
100 -135 0.000000
100 -130 0.000000
100 -125 0.000000
100 -120 0.000000
100 -115 0.000000
100 -110 0.000000
100 -105 0.000000
100 -100 0.000000
100 -95 0.000000
100 -90 0.000000
100 -85 0.000000
100 -80 0.000000
100 -75 0.000000
100 -70 0.000000
100 -65 0.000000
100 -60 0.000000
100 -55 0.000000
100 -50 0.000000
100 -45 0.000000
100 -40 0.000000
100 -35 0.000000
100 -30 0.000803
100 -25 0.002037
100 -20 0.003863
100 -15 0.005889
100 -10 0.007270
100 -5 0.007331
100 0 0.006418
100 5 0.005145
100 10 0.003862
100 15 0.002374
100 20 0.001448
100 25 0.000730
100 30 0.000238
100 35 0.000000
100 40 0.000000
100 45 0.000000
100 50 0.000000
100 55 0.000000
100 60 0.000000
100 65 0.000000
100 70 0.000000
100 75 0.000000
100 80 0.000000
100 85 0.000000
100 90 0.000000
100 95 0.000000
100 100 0.000000
100 105 0.000000
100 110 0.000000
100 115 0.000000
100 120 0.000000
100 125 0.000000
100 130 0.000000
100 135 0.000000
100 140 0.000000
100 145 0.000000
100 150 0.000000
100 155 0.000000
100 160 0.000000
100 165 0.000000
100 170 0.000000
100 175 0.000000
105 -180 0.000000
105 -175 0.000000
105 -170 0.000000
105 -165 0.000000
105 -160 0.000000
105 -155 0.000000
105 -150 0.000000
105 -145 0.000000
105 -140 0.000000
105 -135 0.000000
105 -130 0.000000
105 -125 0.000000
105 -120 0.000000
105 -115 0.000000
105 -110 0.000000
105 -105 0.000000
105 -100 0.000000
105 -95 0.000000
105 -90 0.000000
105 -85 0.000000
105 -80 0.000000
105 -75 0.000000
105 -70 0.000000
105 -65 0.000000
105 -60 0.000000
105 -55 0.000000
105 -50 0.000000
105 -45 0.000000
105 -40 0.000000
105 -35 0.000000
105 -30 0.000094
105 -25 0.000238
105 -20 0.000452
105 -15 0.000671
105 -10 0.000779
105 -5 0.000708
105 0 0.000505
105 5 0.000283
105 10 0.000125
105 15 0.000013
105 20 0.000000
105 25 0.000000
105 30 0.000000
105 35 0.000000
105 40 0.000000
105 45 0.000000
105 50 0.000000
105 55 0.000000
105 60 0.000000
105 65 0.000000
105 70 0.000000
105 75 0.000000
105 80 0.000000
105 85 0.000000
105 90 0.000000
105 95 0.000000
105 100 0.000000
105 105 0.000000
105 110 0.000000
105 115 0.000000
105 120 0.000000
105 125 0.000000
105 130 0.000000
105 135 0.000000
105 140 0.000000
105 145 0.000000
105 150 0.000000
105 155 0.000000
105 160 0.000000
105 165 0.000000
105 170 0.000000
105 175 0.000000
110 -180 0.000000
110 -175 0.000000
110 -170 0.000000
110 -165 0.000000
110 -160 0.000000
110 -155 0.000000
110 -150 0.000000
110 -145 0.000000
110 -140 0.000000
110 -135 0.000000
110 -130 0.000000
110 -125 0.000000
110 -120 0.000000
110 -115 0.000000
110 -110 0.000000
110 -105 0.000000
110 -100 0.000000
110 -95 0.000000
110 -90 0.000000
110 -85 0.000000
110 -80 0.000000
110 -75 0.000000
110 -70 0.000000
110 -65 0.000000
110 -60 0.000000
110 -55 0.000000
110 -50 0.000000
110 -45 0.000000
110 -40 0.000000
110 -35 0.000000
110 -30 0.000000
110 -25 0.000000
110 -20 0.000000
110 -15 0.000000
110 -10 0.000000
110 -5 0.000000
110 0 0.000000
110 5 0.000000
110 10 0.000000
110 15 0.000000
110 20 0.000000
110 25 0.000000
110 30 0.000000
110 35 0.000000
110 40 0.000000
110 45 0.000000
110 50 0.000000
110 55 0.000000
110 60 0.000000
110 65 0.000000
110 70 0.000000
110 75 0.000000
110 80 0.000000
110 85 0.000000
110 90 0.000000
110 95 0.000000
110 100 0.000000
110 105 0.000000
110 110 0.000000
110 115 0.000000
110 120 0.000000
110 125 0.000000
110 130 0.000000
110 135 0.000000
110 140 0.000000
110 145 0.000000
110 150 0.000000
110 155 0.000000
110 160 0.000000
110 165 0.000000
110 170 0.000000
110 175 0.000000
115 -180 0.000000
115 -175 0.000000
115 -170 0.000000
115 -165 0.000000
115 -160 0.000000
115 -155 0.000000
115 -150 0.000000
115 -145 0.000000
115 -140 0.000000
115 -135 0.000000
115 -130 0.000000
115 -125 0.000000
115 -120 0.000000
115 -115 0.000000
115 -110 0.000000
115 -105 0.000000
115 -100 0.000000
115 -95 0.000000
115 -90 0.000000
115 -85 0.000000
115 -80 0.000000
115 -75 0.000000
115 -70 0.000000
115 -65 0.000000
115 -60 0.000000
115 -55 0.000000
115 -50 0.000000
115 -45 0.000000
115 -40 0.000000
115 -35 0.000000
115 -30 0.000000
115 -25 0.000000
115 -20 0.000000
115 -15 0.000000
115 -10 0.000000
115 -5 0.000000
115 0 0.000000
115 5 0.000000
115 10 0.000000
115 15 0.000000
115 20 0.000000
115 25 0.000000
115 30 0.000000
115 35 0.000000
115 40 0.000000
115 45 0.000000
115 50 0.000000
115 55 0.000000
115 60 0.000000
115 65 0.000000
115 70 0.000000
115 75 0.000000
115 80 0.000000
115 85 0.000000
115 90 0.000000
115 95 0.000000
115 100 0.000000
115 105 0.000000
115 110 0.000000
115 115 0.000000
115 120 0.000000
115 125 0.000000
115 130 0.000000
115 135 0.000000
115 140 0.000000
115 145 0.000000
115 150 0.000000
115 155 0.000000
115 160 0.000000
115 165 0.000000
115 170 0.000000
115 175 0.000000
120 -180 0.000000
120 -175 0.000000
120 -170 0.000000
120 -165 0.000000
120 -160 0.000000
120 -155 0.000000
120 -150 0.000000
120 -145 0.000000
120 -140 0.000000
120 -135 0.000000
120 -130 0.000000
120 -125 0.000000
120 -120 0.000000
120 -115 0.000000
120 -110 0.000000
120 -105 0.000000
120 -100 0.000000
120 -95 0.000000
120 -90 0.000000
120 -85 0.000000
120 -80 0.000000
120 -75 0.000000
120 -70 0.000000
120 -65 0.000000
120 -60 0.000000
120 -55 0.000000
120 -50 0.000000
120 -45 0.000000
120 -40 0.000000
120 -35 0.000000
120 -30 0.000000
120 -25 0.000000
120 -20 0.000000
120 -15 0.000000
120 -10 0.000000
120 -5 0.000000
120 0 0.000000
120 5 0.000000
120 10 0.000000
120 15 0.000000
120 20 0.000000
120 25 0.000000
120 30 0.000000
120 35 0.000000
120 40 0.000000
120 45 0.000000
120 50 0.000000
120 55 0.000000
120 60 0.000000
120 65 0.000000
120 70 0.000000
120 75 0.000000
120 80 0.000000
120 85 0.000000
120 90 0.000000
120 95 0.000000
120 100 0.000000
120 105 0.000000
120 110 0.000000
120 115 0.000000
120 120 0.000000
120 125 0.000000
120 130 0.000000
120 135 0.000000
120 140 0.000000
120 145 0.000000
120 150 0.000000
120 155 0.000000
120 160 0.000000
120 165 0.000000
120 170 0.000000
120 175 0.000000
125 -180 0.000000
125 -175 0.000000
125 -170 0.000000
125 -165 0.000000
125 -160 0.000000
125 -155 0.000000
125 -150 0.000000
125 -145 0.000000
125 -140 0.000000
125 -135 0.000000
125 -130 0.000000
125 -125 0.000000
125 -120 0.000000
125 -115 0.000000
125 -110 0.000000
125 -105 0.000000
125 -100 0.000000
125 -95 0.000000
125 -90 0.000000
125 -85 0.000000
125 -80 0.000000
125 -75 0.000000
125 -70 0.000000
125 -65 0.000000
125 -60 0.000000
125 -55 0.000000
125 -50 0.000000
125 -45 0.000000
125 -40 0.000000
125 -35 0.000000
125 -30 0.000000
125 -25 0.000000
125 -20 0.000000
125 -15 0.000000
125 -10 0.000000
125 -5 0.000000
125 0 0.000000
125 5 0.000000
125 10 0.000000
125 15 0.000000
125 20 0.000000
125 25 0.000000
125 30 0.000000
125 35 0.000000
125 40 0.000000
125 45 0.000000
125 50 0.000000
125 55 0.000000
125 60 0.000000
125 65 0.000000
125 70 0.000000
125 75 0.000000
125 80 0.000000
125 85 0.000000
125 90 0.000000
125 95 0.000000
125 100 0.000000
125 105 0.000000
125 110 0.000000
125 115 0.000000
125 120 0.000000
125 125 0.000000
125 130 0.000000
125 135 0.000000
125 140 0.000000
125 145 0.000000
125 150 0.000000
125 155 0.000000
125 160 0.000000
125 165 0.000000
125 170 0.000000
125 175 0.000000
130 -180 0.000000
130 -175 0.000000
130 -170 0.000000
130 -165 0.000000
130 -160 0.000000
130 -155 0.000000
130 -150 0.000000
130 -145 0.000000
130 -140 0.000000
130 -135 0.000000
130 -130 0.000000
130 -125 0.000000
130 -120 0.000000
130 -115 0.000000
130 -110 0.000000
130 -105 0.000000
130 -100 0.000000
130 -95 0.000000
130 -90 0.000000
130 -85 0.000000
130 -80 0.000000
130 -75 0.000000
130 -70 0.000000
130 -65 0.000000
130 -60 0.000000
130 -55 0.000000
130 -50 0.000000
130 -45 0.000000
130 -40 0.000000
130 -35 0.000000
130 -30 0.000000
130 -25 0.000000
130 -20 0.000000
130 -15 0.000000
130 -10 0.000000
130 -5 0.000000
130 0 0.000000
130 5 0.000000
130 10 0.000000
130 15 0.000000
130 20 0.000000
130 25 0.000000
130 30 0.000000
130 35 0.000000
130 40 0.000000
130 45 0.000000
130 50 0.000000
130 55 0.000000
130 60 0.000000
130 65 0.000000
130 70 0.000000
130 75 0.000000
130 80 0.000000
130 85 0.000000
130 90 0.000000
130 95 0.000000
130 100 0.000000
130 105 0.000000
130 110 0.000000
130 115 0.000000
130 120 0.000000
130 125 0.000000
130 130 0.000000
130 135 0.000000
130 140 0.000000
130 145 0.000000
130 150 0.000000
130 155 0.000000
130 160 0.000000
130 165 0.000000
130 170 0.000000
130 175 0.000000
135 -180 0.000000
135 -175 0.000000
135 -170 0.000000
135 -165 0.000000
135 -160 0.000000
135 -155 0.000000
135 -150 0.000000
135 -145 0.000000
135 -140 0.000000
135 -135 0.000000
135 -130 0.000000
135 -125 0.000000
135 -120 0.000000
135 -115 0.000000
135 -110 0.000000
135 -105 0.000000
135 -100 0.000000
135 -95 0.000000
135 -90 0.000000
135 -85 0.000000
135 -80 0.000000
135 -75 0.000000
135 -70 0.000000
135 -65 0.000000
135 -60 0.000000
135 -55 0.000000
135 -50 0.000000
135 -45 0.000000
135 -40 0.000000
135 -35 0.000000
135 -30 0.000000
135 -25 0.000000
135 -20 0.000000
135 -15 0.000000
135 -10 0.000000
135 -5 0.000000
135 0 0.000000
135 5 0.000000
135 10 0.000000
135 15 0.000000
135 20 0.000000
135 25 0.000000
135 30 0.000000
135 35 0.000000
135 40 0.000000
135 45 0.000000
135 50 0.000000
135 55 0.000000
135 60 0.000000
135 65 0.000000
135 70 0.000000
135 75 0.000000
135 80 0.000000
135 85 0.000000
135 90 0.000000
135 95 0.000000
135 100 0.000000
135 105 0.000000
135 110 0.000000
135 115 0.000000
135 120 0.000000
135 125 0.000000
135 130 0.000000
135 135 0.000000
135 140 0.000000
135 145 0.000000
135 150 0.000000
135 155 0.000000
135 160 0.000000
135 165 0.000000
135 170 0.000000
135 175 0.000000
140 -180 0.000000
140 -175 0.000000
140 -170 0.000000
140 -165 0.000000
140 -160 0.000000
140 -155 0.000000
140 -150 0.000000
140 -145 0.000000
140 -140 0.000000
140 -135 0.000000
140 -130 0.000000
140 -125 0.000000
140 -120 0.000000
140 -115 0.000000
140 -110 0.000000
140 -105 0.000000
140 -100 0.000000
140 -95 0.000000
140 -90 0.000000
140 -85 0.000000
140 -80 0.000000
140 -75 0.000000
140 -70 0.000000
140 -65 0.000000
140 -60 0.000000
140 -55 0.000000
140 -50 0.000000
140 -45 0.000000
140 -40 0.000000
140 -35 0.000000
140 -30 0.000000
140 -25 0.000000
140 -20 0.000000
140 -15 0.000000
140 -10 0.000000
140 -5 0.000000
140 0 0.000000
140 5 0.000000
140 10 0.000000
140 15 0.000000
140 20 0.000000
140 25 0.000000
140 30 0.000000
140 35 0.000000
140 40 0.000000
140 45 0.000000
140 50 0.000000
140 55 0.000000
140 60 0.000000
140 65 0.000000
140 70 0.000000
140 75 0.000000
140 80 0.000000
140 85 0.000000
140 90 0.000000
140 95 0.000000
140 100 0.000000
140 105 0.000000
140 110 0.000000
140 115 0.000000
140 120 0.000000
140 125 0.000000
140 130 0.000000
140 135 0.000000
140 140 0.000000
140 145 0.000000
140 150 0.000000
140 155 0.000000
140 160 0.000000
140 165 0.000000
140 170 0.000000
140 175 0.000000
145 -180 0.000000
145 -175 0.000000
145 -170 0.000000
145 -165 0.000000
145 -160 0.000000
145 -155 0.000000
145 -150 0.000000
145 -145 0.000000
145 -140 0.000000
145 -135 0.000000
145 -130 0.000000
145 -125 0.000000
145 -120 0.000000
145 -115 0.000000
145 -110 0.000000
145 -105 0.000000
145 -100 0.000000
145 -95 0.000000
145 -90 0.000000
145 -85 0.000000
145 -80 0.000000
145 -75 0.000000
145 -70 0.000000
145 -65 0.000000
145 -60 0.000000
145 -55 0.000000
145 -50 0.000000
145 -45 0.000000
145 -40 0.000000
145 -35 0.000000
145 -30 0.000000
145 -25 0.000000
145 -20 0.000000
145 -15 0.000000
145 -10 0.000000
145 -5 0.000000
145 0 0.000000
145 5 0.000000
145 10 0.000000
145 15 0.000000
145 20 0.000000
145 25 0.000000
145 30 0.000000
145 35 0.000000
145 40 0.000000
145 45 0.000000
145 50 0.000000
145 55 0.000000
145 60 0.000000
145 65 0.000000
145 70 0.000000
145 75 0.000000
145 80 0.000000
145 85 0.000000
145 90 0.000000
145 95 0.000000
145 100 0.000000
145 105 0.000000
145 110 0.000000
145 115 0.000000
145 120 0.000000
145 125 0.000000
145 130 0.000000
145 135 0.000000
145 140 0.000000
145 145 0.000000
145 150 0.000000
145 155 0.000000
145 160 0.000000
145 165 0.000000
145 170 0.000000
145 175 0.000000
150 -180 0.000000
150 -175 0.000000
150 -170 0.000000
150 -165 0.000000
150 -160 0.000000
150 -155 0.000000
150 -150 0.000000
150 -145 0.000000
150 -140 0.000000
150 -135 0.000000
150 -130 0.000000
150 -125 0.000000
150 -120 0.000000
150 -115 0.000000
150 -110 0.000000
150 -105 0.000000
150 -100 0.000000
150 -95 0.000000
150 -90 0.000069
150 -85 0.000234
150 -80 0.000473
150 -75 0.000756
150 -70 0.000956
150 -65 0.000956
150 -60 0.000756
150 -55 0.000473
150 -50 0.000234
150 -45 0.000069
150 -40 0.000000
150 -35 0.000000
150 -30 0.000000
150 -25 0.000000
150 -20 0.000000
150 -15 0.000000
150 -10 0.000000
150 -5 0.000000
150 0 0.000000
150 5 0.000000
150 10 0.000000
150 15 0.000000
150 20 0.000000
150 25 0.000000
150 30 0.000000
150 35 0.000000
150 40 0.000000
150 45 0.000000
150 50 0.000000
150 55 0.000000
150 60 0.000000
150 65 0.000000
150 70 0.000000
150 75 0.000000
150 80 0.000000
150 85 0.000000
150 90 0.000000
150 95 0.000000
150 100 0.000000
150 105 0.000000
150 110 0.000000
150 115 0.000000
150 120 0.000000
150 125 0.000000
150 130 0.000000
150 135 0.000000
150 140 0.000000
150 145 0.000000
150 150 0.000000
150 155 0.000000
150 160 0.000000
150 165 0.000000
150 170 0.000000
150 175 0.000000
155 -180 0.000617
155 -175 0.000212
155 -170 0.000000
155 -165 0.000000
155 -160 0.000000
155 -155 0.000000
155 -150 0.000000
155 -145 0.000000
155 -140 0.000000
155 -135 0.000000
155 -130 0.000000
155 -125 0.000000
155 -120 0.000000
155 -115 0.000000
155 -110 0.000000
155 -105 0.000000
155 -100 0.000000
155 -95 0.000000
155 -90 0.000478
155 -85 0.001624
155 -80 0.003288
155 -75 0.005257
155 -70 0.006647
155 -65 0.006647
155 -60 0.005257
155 -55 0.003288
155 -50 0.001624
155 -45 0.000478
155 -40 0.000000
155 -35 0.000000
155 -30 0.000000
155 -25 0.000000
155 -20 0.000000
155 -15 0.000000
155 -10 0.000000
155 -5 0.000000
155 0 0.000000
155 5 0.000000
155 10 0.000000
155 15 0.000000
155 20 0.000000
155 25 0.000000
155 30 0.000000
155 35 0.000000
155 40 0.000000
155 45 0.000000
155 50 0.000000
155 55 0.000000
155 60 0.000000
155 65 0.000000
155 70 0.000000
155 75 0.000000
155 80 0.000000
155 85 0.000000
155 90 0.000000
155 95 0.000000
155 100 0.000000
155 105 0.000000
155 110 0.000000
155 115 0.000000
155 120 0.000000
155 125 0.000000
155 130 0.000000
155 135 0.000000
155 140 0.000109
155 145 0.000473
155 150 0.000996
155 155 0.001659
155 160 0.002186
155 165 0.002275
155 170 0.001869
155 175 0.001210
160 -180 0.002331
160 -175 0.000800
160 -170 0.000000
160 -165 0.000000
160 -160 0.000000
160 -155 0.000000
160 -150 0.000000
160 -145 0.000000
160 -140 0.000000
160 -135 0.000000
160 -130 0.000000
160 -125 0.000000
160 -120 0.000000
160 -115 0.000000
160 -110 0.000000
160 -105 0.000000
160 -100 0.000000
160 -95 0.000000
160 -90 0.001059
160 -85 0.003599
160 -80 0.007285
160 -75 0.011650
160 -70 0.014728
160 -65 0.014728
160 -60 0.011650
160 -55 0.007285
160 -50 0.003599
160 -45 0.001059
160 -40 0.000000
160 -35 0.000000
160 -30 0.000000
160 -25 0.000000
160 -20 0.000000
160 -15 0.000000
160 -10 0.000000
160 -5 0.000000
160 0 0.000000
160 5 0.000000
160 10 0.000000
160 15 0.000000
160 20 0.000000
160 25 0.000000
160 30 0.000000
160 35 0.000000
160 40 0.000000
160 45 0.000000
160 50 0.000000
160 55 0.000000
160 60 0.000000
160 65 0.000000
160 70 0.000000
160 75 0.000000
160 80 0.000000
160 85 0.000000
160 90 0.000000
160 95 0.000000
160 100 0.000000
160 105 0.000000
160 110 0.000000
160 115 0.000000
160 120 0.000000
160 125 0.000000
160 130 0.000000
160 135 0.000000
160 140 0.000412
160 145 0.001788
160 150 0.003766
160 155 0.006272
160 160 0.008261
160 165 0.008598
160 170 0.007063
160 175 0.004573
165 -180 0.004807
165 -175 0.001650
165 -170 0.000000
165 -165 0.000000
165 -160 0.000000
165 -155 0.000000
165 -150 0.000000
165 -145 0.000000
165 -140 0.000000
165 -135 0.000000
165 -130 0.000000
165 -125 0.000000
165 -120 0.000000
165 -115 0.000000
165 -110 0.000000
165 -105 0.000000
165 -100 0.000000
165 -95 0.000000
165 -90 0.001851
165 -85 0.006291
165 -80 0.012735
165 -75 0.020364
165 -70 0.025746
165 -65 0.025746
165 -60 0.020364
165 -55 0.012735
165 -50 0.006291
165 -45 0.001851
165 -40 0.000000
165 -35 0.000000
165 -30 0.000000
165 -25 0.000000
165 -20 0.000000
165 -15 0.000000
165 -10 0.000000
165 -5 0.000000
165 0 0.000000
165 5 0.000000
165 10 0.000000
165 15 0.000000
165 20 0.000000
165 25 0.000000
165 30 0.000000
165 35 0.000000
165 40 0.000000
165 45 0.000000
165 50 0.000000
165 55 0.000000
165 60 0.000000
165 65 0.000000
165 70 0.000000
165 75 0.000000
165 80 0.000000
165 85 0.000000
165 90 0.000000
165 95 0.000000
165 100 0.000000
165 105 0.000000
165 110 0.000000
165 115 0.000000
165 120 0.000000
165 125 0.000000
165 130 0.000000
165 135 0.000000
165 140 0.000850
165 145 0.003688
165 150 0.007765
165 155 0.012934
165 160 0.017035
165 165 0.017729
165 170 0.014564
165 175 0.009431
170 -180 0.012779
170 -175 0.005168
170 -170 0.000759
170 -165 0.000215
170 -160 0.000000
170 -155 0.000000
170 -150 0.000000
170 -145 0.000000
170 -140 0.000000
170 -135 0.000000
170 -130 0.000000
170 -125 0.000000
170 -120 0.000000
170 -115 0.000000
170 -110 0.000000
170 -105 0.000000
170 -100 0.000000
170 -95 0.000000
170 -90 0.002549
170 -85 0.008663
170 -80 0.017537
170 -75 0.028043
170 -70 0.035453
170 -65 0.035453
170 -60 0.028043
170 -55 0.017537
170 -50 0.008663
170 -45 0.002549
170 -40 0.000000
170 -35 0.000000
170 -30 0.000000
170 -25 0.000000
170 -20 0.000000
170 -15 0.000000
170 -10 0.000000
170 -5 0.000000
170 0 0.000000
170 5 0.000000
170 10 0.000000
170 15 0.000000
170 20 0.000000
170 25 0.000000
170 30 0.000000
170 35 0.000000
170 40 0.000000
170 45 0.000000
170 50 0.000000
170 55 0.000000
170 60 0.000000
170 65 0.000000
170 70 0.000000
170 75 0.000000
170 80 0.000000
170 85 0.000000
170 90 0.000000
170 95 0.000000
170 100 0.000000
170 105 0.000333
170 110 0.001108
170 115 0.002486
170 120 0.004183
170 125 0.005657
170 130 0.006196
170 135 0.005924
170 140 0.006577
170 145 0.011650
170 150 0.019795
170 155 0.030807
170 160 0.039748
170 165 0.041586
170 170 0.034972
170 175 0.023654
175 -180 0.035926
175 -175 0.017400
175 -170 0.005831
175 -165 0.002068
175 -160 0.000552
175 -155 0.000220
175 -150 0.000000
175 -145 0.000000
175 -140 0.000000
175 -135 0.000000
175 -130 0.000000
175 -125 0.000000
175 -120 0.000000
175 -115 0.000000
175 -110 0.000000
175 -105 0.000000
175 -100 0.000000
175 -95 0.000000
175 -90 0.002761
175 -85 0.009384
175 -80 0.018997
175 -75 0.030377
175 -70 0.038404
175 -65 0.038404
175 -60 0.030377
175 -55 0.018997
175 -50 0.009384
175 -45 0.002761
175 -40 0.000000
175 -35 0.000000
175 -30 0.000000
175 -25 0.000000
175 -20 0.000000
175 -15 0.000000
175 -10 0.000000
175 -5 0.000000
175 0 0.000000
175 5 0.000000
175 10 0.000000
175 15 0.000000
175 20 0.000000
175 25 0.000000
175 30 0.000000
175 35 0.000000
175 40 0.000000
175 45 0.000000
175 50 0.000000
175 55 0.000000
175 60 0.000000
175 65 0.000000
175 70 0.000000
175 75 0.000000
175 80 0.000000
175 85 0.000000
175 90 0.000000
175 95 0.000000
175 100 0.000000
175 105 0.000863
175 110 0.003174
175 115 0.007906
175 120 0.014002
175 125 0.020027
175 130 0.023882
175 135 0.025515
175 140 0.028064
175 145 0.038804
175 150 0.056540
175 155 0.079146
175 160 0.096399
175 165 0.099588
175 170 0.085482
175 175 0.060901
