-180 -180 2.045545
-180 -175 1.948848
-180 -170 1.713043
-180 -165 1.406360
-180 -160 1.079668
-180 -155 0.790302
-180 -150 0.560078
-180 -145 0.390745
-180 -140 0.268450
-180 -135 0.187369
-180 -130 0.142185
-180 -125 0.113373
-180 -120 0.103642
-180 -115 0.092893
-180 -110 0.080541
-180 -105 0.067572
-180 -100 0.057035
-180 -95 0.048713
-180 -90 0.043022
-180 -85 0.039991
-180 -80 0.035929
-180 -75 0.030412
-180 -70 0.026365
-180 -65 0.020954
-180 -60 0.015084
-180 -55 0.011474
-180 -50 0.011021
-180 -45 0.013347
-180 -40 0.018130
-180 -35 0.021512
-180 -30 0.021297
-180 -25 0.017184
-180 -20 0.012092
-180 -15 0.008865
-180 -10 0.008639
-180 -5 0.013695
-180 0 0.021467
-180 5 0.030291
-180 10 0.036193
-180 15 0.035213
-180 20 0.027764
-180 25 0.017975
-180 30 0.010717
-180 35 0.007425
-180 40 0.008555
-180 45 0.012296
-180 50 0.017077
-180 55 0.020610
-180 60 0.023668
-180 65 0.025303
-180 70 0.023710
-180 75 0.018591
-180 80 0.012119
-180 85 0.006552
-180 90 0.004905
-180 95 0.005221
-180 100 0.009663
-180 105 0.021974
-180 110 0.035888
-180 115 0.061679
-180 120 0.091060
-180 125 0.125165
-180 130 0.154115
-180 135 0.177837
-180 140 0.208600
-180 145 0.285540
-180 150 0.423435
-180 155 0.669872
-180 160 1.005855
-180 165 1.388867
-180 170 1.729895
-180 175 1.965110
-175 -180 1.992728
-175 -175 1.882635
-175 -170 1.628592
-175 -165 1.317205
-175 -160 1.000565
-175 -155 0.735152
-175 -150 0.534185
-175 -145 0.389867
-175 -140 0.276925
-175 -135 0.194655
-175 -130 0.143199
-175 -125 0.109877
-175 -120 0.099050
-175 -115 0.092542
-175 -110 0.088980
-175 -105 0.085308
-175 -100 0.081807
-175 -95 0.077015
-175 -90 0.070545
-175 -85 0.062023
-175 -80 0.048676
-175 -75 0.032563
-175 -70 0.020333
-175 -65 0.010241
-175 -60 0.004398
-175 -55 0.004547
-175 -50 0.009503
-175 -45 0.017389
-175 -40 0.026646
-175 -35 0.032585
-175 -30 0.031466
-175 -25 0.024017
-175 -20 0.014499
-175 -15 0.006972
-175 -10 0.003733
-175 -5 0.008348
-175 0 0.017327
-175 5 0.028511
-175 10 0.037167
-175 15 0.038348
-175 20 0.031305
-175 25 0.021531
-175 30 0.015359
-175 35 0.014084
-175 40 0.019213
-175 45 0.027140
-175 50 0.035869
-175 55 0.041403
-175 60 0.045073
-175 65 0.045762
-175 70 0.041045
-175 75 0.031263
-175 80 0.020042
-175 85 0.009865
-175 90 0.004891
-175 95 0.002059
-175 100 0.003988
-175 105 0.011704
-175 110 0.021256
-175 115 0.043598
-175 120 0.071805
-175 125 0.109887
-175 130 0.146907
-175 135 0.183650
-175 140 0.225915
-175 145 0.309252
-175 150 0.441680
-175 155 0.672225
-175 160 0.986250
-175 165 1.349940
-175 170 1.679573
-175 175 1.916035
-170 -180 1.862900
-170 -175 1.755388
-170 -170 1.511525
-170 -165 1.220755
-170 -160 0.928550
-170 -155 0.688492
-170 -150 0.512027
-170 -145 0.386875
-170 -140 0.282243
-170 -135 0.198891
-170 -130 0.139519
-170 -125 0.099949
-170 -120 0.085301
-170 -115 0.082809
-170 -110 0.089752
-170 -105 0.098086
-170 -100 0.104373
-170 -95 0.105106
-170 -90 0.099129
-170 -85 0.085649
-170 -80 0.064527
-170 -75 0.040552
-170 -70 0.022289
-170 -65 0.008644
-170 -60 0.002241
-170 -55 0.003509
-170 -50 0.010390
-170 -45 0.020458
-170 -40 0.031723
-170 -35 0.038794
-170 -30 0.037461
-170 -25 0.028593
-170 -20 0.017261
-170 -15 0.008243
-170 -10 0.003866
-170 -5 0.007912
-170 0 0.016639
-170 5 0.027617
-170 10 0.036279
-170 15 0.037704
-170 20 0.031098
-170 25 0.023083
-170 30 0.020139
-170 35 0.023366
-170 40 0.035027
-170 45 0.048372
-170 50 0.061062
-170 55 0.067539
-170 60 0.069805
-170 65 0.067170
-170 70 0.057304
-170 75 0.042197
-170 80 0.026480
-170 85 0.012261
-170 90 0.004979
-170 95 0.000098
-170 100 0.000692
-170 105 0.004890
-170 110 0.010829
-170 115 0.028934
-170 120 0.054143
-170 125 0.093704
-170 130 0.137683
-170 135 0.190122
-170 140 0.251073
-170 145 0.352140
-170 150 0.491863
-170 155 0.710285
-170 160 0.992510
-170 165 1.309985
-170 170 1.593620
-170 175 1.800598
-165 -180 1.697577
-165 -175 1.604907
-165 -170 1.389408
-165 -165 1.130705
-165 -160 0.865640
-165 -155 0.643845
-165 -150 0.481670
-165 -145 0.369070
-165 -140 0.275375
-165 -135 0.197846
-165 -130 0.136818
-165 -125 0.094685
-165 -120 0.075373
-165 -115 0.073655
-165 -110 0.086522
-165 -105 0.102683
-165 -100 0.115522
-165 -95 0.120177
-165 -90 0.114514
-165 -85 0.097535
-165 -80 0.071762
-165 -75 0.044445
-165 -70 0.023517
-165 -65 0.008602
-165 -60 0.002219
-165 -55 0.003288
-165 -50 0.009737
-165 -45 0.019172
-165 -40 0.029729
-165 -35 0.036355
-165 -30 0.035106
-165 -25 0.026795
-165 -20 0.016304
-165 -15 0.008545
-165 -10 0.005162
-165 -5 0.009453
-165 0 0.018311
-165 5 0.028678
-165 10 0.037364
-165 15 0.040087
-165 20 0.036181
-165 25 0.032118
-165 30 0.032562
-165 35 0.038976
-165 40 0.054502
-165 45 0.069999
-165 50 0.083575
-165 55 0.088488
-165 60 0.087366
-165 65 0.079899
-165 70 0.064650
-165 75 0.045847
-165 80 0.028021
-165 85 0.012322
-165 90 0.005004
-165 95 0.000381
-165 100 0.001771
-165 105 0.005170
-165 110 0.009856
-165 115 0.025418
-165 120 0.048207
-165 125 0.088939
-165 130 0.139686
-165 135 0.208423
-165 140 0.290017
-165 145 0.411105
-165 150 0.561878
-165 155 0.767445
-165 160 1.011267
-165 165 1.268927
-165 170 1.490175
-165 175 1.652630
-160 -180 1.531810
-160 -175 1.464720
-160 -170 1.288830
-160 -165 1.065310
-160 -160 0.825263
-160 -155 0.613938
-160 -150 0.456728
-160 -145 0.350820
-160 -140 0.269820
-160 -135 0.203426
-160 -130 0.145769
-160 -125 0.102586
-160 -120 0.076660
-160 -115 0.069972
-160 -110 0.081486
-160 -105 0.098957
-160 -100 0.113524
-160 -95 0.119593
-160 -90 0.113657
-160 -85 0.095056
-160 -80 0.068525
-160 -75 0.042512
-160 -70 0.022241
-160 -65 0.008412
-160 -60 0.002707
-160 -55 0.002884
-160 -50 0.007289
-160 -45 0.014163
-160 -40 0.021962
-160 -35 0.026857
-160 -30 0.025934
-160 -25 0.019795
-160 -20 0.012282
-160 -15 0.007831
-160 -10 0.007752
-160 -5 0.014190
-160 0 0.025295
-160 5 0.037044
-160 10 0.047627
-160 15 0.054000
-160 20 0.055563
-160 25 0.058366
-160 30 0.063115
-160 35 0.070385
-160 40 0.083613
-160 45 0.093369
-160 50 0.100261
-160 55 0.098606
-160 60 0.091525
-160 65 0.079145
-160 70 0.060180
-160 75 0.040812
-160 80 0.024053
-160 85 0.009795
-160 90 0.003977
-160 95 0.000790
-160 100 0.003572
-160 105 0.007915
-160 110 0.013719
-160 115 0.029564
-160 120 0.052275
-160 125 0.094224
-160 130 0.149857
-160 135 0.229479
-160 140 0.324415
-160 145 0.456437
-160 150 0.611770
-160 155 0.801035
-160 160 1.007265
-160 165 1.209295
-160 170 1.374223
-160 175 1.496390
-155 -180 1.374555
-155 -175 1.332817
-155 -170 1.196612
-155 -165 1.005327
-155 -160 0.787892
-155 -155 0.584915
-155 -150 0.431827
-155 -145 0.333460
-155 -140 0.269350
-155 -135 0.219048
-155 -130 0.169857
-155 -125 0.127473
-155 -120 0.094268
-155 -115 0.078020
-155 -110 0.082445
-155 -105 0.095352
-155 -100 0.106371
-155 -95 0.110728
-155 -90 0.103509
-155 -85 0.084930
-155 -80 0.061167
-155 -75 0.039879
-155 -70 0.022456
-155 -65 0.010438
-155 -60 0.004741
-155 -55 0.003137
-155 -50 0.004572
-155 -45 0.008630
-155 -40 0.014177
-155 -35 0.018541
-155 -30 0.019856
-155 -25 0.017743
-155 -20 0.014080
-155 -15 0.012779
-155 -10 0.015962
-155 -5 0.025578
-155 0 0.041386
-155 5 0.057724
-155 10 0.074224
-155 15 0.089028
-155 20 0.100767
-155 25 0.114608
-155 30 0.124895
-155 35 0.128792
-155 40 0.129424
-155 45 0.121418
-155 50 0.111910
-155 55 0.098253
-155 60 0.083776
-155 65 0.068285
-155 70 0.048329
-155 75 0.030989
-155 80 0.017270
-155 85 0.006154
-155 90 0.002499
-155 95 0.001294
-155 100 0.005855
-155 105 0.012397
-155 110 0.020981
-155 115 0.038133
-155 120 0.060730
-155 125 0.100501
-155 130 0.154864
-155 135 0.235422
-155 140 0.332962
-155 145 0.463835
-155 150 0.615375
-155 155 0.787355
-155 160 0.963625
-155 165 1.124000
-155 170 1.249933
-155 175 1.342968
-150 -180 1.236357
-150 -175 1.220887
-150 -170 1.122760
-150 -165 0.960680
-150 -160 0.762373
-150 -155 0.566767
-150 -150 0.419210
-150 -145 0.328860
-150 -140 0.281325
-150 -135 0.248181
-150 -130 0.210568
-150 -125 0.171079
-150 -120 0.131518
-150 -115 0.102348
-150 -110 0.094822
-150 -105 0.097891
-150 -100 0.101810
-150 -95 0.103799
-150 -90 0.096713
-150 -85 0.080390
-150 -80 0.060709
-150 -75 0.043606
-150 -70 0.027985
-150 -65 0.015916
-150 -60 0.008446
-150 -55 0.004456
-150 -50 0.002953
-150 -45 0.005415
-150 -40 0.010810
-150 -35 0.017450
-150 -30 0.023709
-150 -25 0.027951
-150 -20 0.029240
-150 -15 0.031066
-150 -10 0.037461
-150 -5 0.050792
-150 0 0.072230
-150 5 0.094867
-150 10 0.119633
-150 15 0.145414
-150 20 0.169096
-150 25 0.194981
-150 30 0.210027
-150 35 0.205581
-150 40 0.184986
-150 45 0.150644
-150 50 0.119093
-150 55 0.091332
-150 60 0.070434
-150 65 0.054490
-150 70 0.035991
-150 75 0.021591
-150 80 0.011052
-150 85 0.003053
-150 90 0.001240
-150 95 0.001678
-150 100 0.007591
-150 105 0.016073
-150 110 0.027099
-150 115 0.044930
-150 120 0.066409
-150 125 0.100839
-150 130 0.148557
-150 135 0.221201
-150 140 0.311628
-150 145 0.431770
-150 150 0.571885
-150 155 0.726788
-150 160 0.880572
-150 165 1.012980
-150 170 1.118425
-150 175 1.198738
-145 -180 1.139415
-145 -175 1.151712
-145 -170 1.083400
-145 -165 0.939983
-145 -160 0.752487
-145 -155 0.561685
-145 -150 0.421045
-145 -145 0.338560
-145 -140 0.303780
-145 -135 0.283290
-145 -130 0.256458
-145 -125 0.221624
-145 -120 0.179268
-145 -115 0.139277
-145 -110 0.119758
-145 -105 0.110276
-145 -100 0.103910
-145 -95 0.101888
-145 -90 0.095425
-145 -85 0.082948
-145 -80 0.068793
-145 -75 0.056137
-145 -70 0.042377
-145 -65 0.029183
-145 -60 0.018374
-145 -55 0.010523
-145 -50 0.005037
-145 -45 0.006404
-145 -40 0.013658
-145 -35 0.026515
-145 -30 0.041981
-145 -25 0.055912
-145 -20 0.063247
-145 -15 0.066143
-145 -10 0.072839
-145 -5 0.088459
-145 0 0.116798
-145 5 0.151418
-145 10 0.190881
-145 15 0.232336
-145 20 0.267452
-145 25 0.300685
-145 30 0.314620
-145 35 0.294552
-145 40 0.246320
-145 45 0.181842
-145 50 0.126940
-145 55 0.086108
-145 60 0.060150
-145 65 0.045066
-145 70 0.028295
-145 75 0.015584
-145 80 0.006937
-145 85 0.000919
-145 90 0.000373
-145 95 0.001720
-145 100 0.007783
-145 105 0.016480
-145 110 0.027717
-145 115 0.043782
-145 120 0.061991
-145 125 0.089220
-145 130 0.128112
-145 135 0.189657
-145 140 0.269587
-145 145 0.375755
-145 150 0.500098
-145 155 0.636443
-145 160 0.771707
-145 165 0.887938
-145 170 0.991955
-145 175 1.080780
-140 -180 1.093062
-140 -175 1.131898
-140 -170 1.086570
-140 -165 0.955980
-140 -160 0.775002
-140 -155 0.587995
-140 -150 0.452527
-140 -145 0.373843
-140 -140 0.342720
-140 -135 0.325650
-140 -130 0.303822
-140 -125 0.271952
-140 -120 0.229895
-140 -115 0.184572
-140 -110 0.158117
-140 -105 0.139570
-140 -100 0.124209
-140 -95 0.116868
-140 -90 0.108909
-140 -85 0.097691
-140 -80 0.085852
-140 -75 0.074626
-140 -70 0.061303
-140 -65 0.045945
-140 -60 0.031087
-140 -55 0.019178
-140 -50 0.010018
-140 -45 0.011399
-140 -40 0.022360
-140 -35 0.044536
-140 -30 0.072120
-140 -25 0.098328
-140 -20 0.113269
-140 -15 0.116870
-140 -10 0.121722
-140 -5 0.136806
-140 0 0.169030
-140 5 0.214695
-140 10 0.267815
-140 15 0.322003
-140 20 0.362495
-140 25 0.395033
-140 30 0.401550
-140 35 0.363542
-140 40 0.290552
-140 45 0.202361
-140 50 0.130459
-140 55 0.081577
-140 60 0.053653
-140 65 0.040399
-140 70 0.025388
-140 75 0.013314
-140 80 0.005277
-140 85 0.000000
-140 90 0.000000
-140 95 0.001394
-140 100 0.006305
-140 105 0.013352
-140 110 0.022421
-140 115 0.034627
-140 120 0.048046
-140 125 0.067769
-140 130 0.097522
-140 135 0.147092
-140 140 0.216224
-140 145 0.311300
-140 150 0.424005
-140 155 0.549068
-140 160 0.675195
-140 165 0.787335
-140 170 0.899800
-140 175 1.007075
-135 -180 1.110295
-135 -175 1.176410
-135 -170 1.152220
-135 -165 1.032185
-135 -160 0.855683
-135 -155 0.671100
-135 -150 0.534042
-135 -145 0.448018
-135 -140 0.404993
-135 -135 0.375733
-135 -130 0.347745
-135 -125 0.314440
-135 -120 0.274737
-135 -115 0.230313
-135 -110 0.202324
-135 -105 0.179592
-135 -100 0.159700
-135 -95 0.148580
-135 -90 0.139010
-135 -85 0.127438
-135 -80 0.115017
-135 -75 0.102474
-135 -70 0.088774
-135 -65 0.071449
-135 -60 0.052312
-135 -55 0.034699
-135 -50 0.020272
-135 -45 0.019807
-135 -40 0.032649
-135 -35 0.064063
-135 -30 0.104913
-135 -25 0.145997
-135 -20 0.173742
-135 -15 0.183611
-135 -10 0.190268
-135 -5 0.205818
-135 0 0.241657
-135 5 0.298895
-135 10 0.365240
-135 15 0.427320
-135 20 0.462480
-135 25 0.476645
-135 30 0.459215
-135 35 0.396203
-135 40 0.303110
-135 45 0.202748
-135 50 0.124514
-135 55 0.073936
-135 60 0.046876
-135 65 0.035472
-135 70 0.022806
-135 75 0.012023
-135 80 0.004743
-135 85 0.000000
-135 90 0.000000
-135 95 0.000891
-135 100 0.004032
-135 105 0.008539
-135 110 0.014321
-135 115 0.021931
-135 120 0.030411
-135 125 0.043610
-135 130 0.065379
-135 135 0.104243
-135 140 0.165905
-135 145 0.256035
-135 150 0.366980
-135 155 0.492872
-135 160 0.620720
-135 165 0.738783
-135 170 0.864435
-135 175 0.993770
-130 -180 1.183155
-130 -175 1.266675
-130 -170 1.259158
-130 -165 1.153973
-130 -160 0.988820
-130 -155 0.811237
-130 -150 0.668173
-130 -145 0.562603
-130 -140 0.490650
-130 -135 0.432068
-130 -130 0.384062
-130 -125 0.342995
-130 -120 0.306608
-130 -115 0.270435
-130 -110 0.247818
-130 -105 0.226318
-130 -100 0.205344
-130 -95 0.189318
-130 -90 0.174847
-130 -85 0.159869
-130 -80 0.145251
-130 -75 0.131967
-130 -70 0.120101
-130 -65 0.104425
-130 -60 0.083479
-130 -55 0.059712
-130 -50 0.038183
-130 -45 0.032031
-130 -40 0.041795
-130 -35 0.077742
-130 -30 0.127825
-130 -25 0.181663
-130 -20 0.224731
-130 -15 0.248104
-130 -10 0.266350
-130 -5 0.293190
-130 0 0.343817
-130 5 0.421922
-130 10 0.505103
-130 15 0.569805
-130 20 0.586162
-130 25 0.559532
-130 30 0.496230
-130 35 0.397362
-130 40 0.286973
-130 45 0.185278
-130 50 0.111446
-130 55 0.065821
-130 60 0.041730
-130 65 0.030573
-130 70 0.019522
-130 75 0.010126
-130 80 0.003950
-130 85 0.000000
-130 90 0.000000
-130 95 0.000449
-130 100 0.002033
-130 105 0.004304
-130 110 0.007210
-130 115 0.011573
-130 120 0.018018
-130 125 0.028782
-130 130 0.047408
-130 135 0.080197
-130 140 0.138678
-130 145 0.231105
-130 150 0.351997
-130 155 0.495110
-130 160 0.640580
-130 165 0.774180
-130 170 0.910318
-130 175 1.050127
-125 -180 1.314993
-125 -175 1.413273
-125 -170 1.423403
-125 -165 1.338623
-125 -160 1.192538
-125 -155 1.025050
-125 -150 0.869415
-125 -145 0.729723
-125 -140 0.609050
-125 -135 0.501753
-125 -130 0.418577
-125 -125 0.361698
-125 -120 0.328288
-125 -115 0.305990
-125 -110 0.294535
-125 -105 0.278722
-125 -100 0.259383
-125 -95 0.237825
-125 -90 0.216509
-125 -85 0.197146
-125 -80 0.181144
-125 -75 0.168318
-125 -70 0.159105
-125 -65 0.146285
-125 -60 0.123769
-125 -55 0.092259
-125 -50 0.061509
-125 -45 0.046101
-125 -40 0.048644
-125 -35 0.083630
-125 -30 0.138624
-125 -25 0.202310
-125 -20 0.263065
-125 -15 0.310837
-125 -10 0.358743
-125 -5 0.419210
-125 0 0.507275
-125 5 0.620965
-125 10 0.723235
-125 15 0.779228
-125 20 0.758835
-125 25 0.669155
-125 30 0.540705
-125 35 0.396928
-125 40 0.270002
-125 45 0.172054
-125 50 0.107314
-125 55 0.067903
-125 60 0.044478
-125 65 0.029425
-125 70 0.017415
-125 75 0.008204
-125 80 0.002925
-125 85 0.000000
-125 90 0.000000
-125 95 0.000147
-125 100 0.000663
-125 105 0.001404
-125 110 0.002352
-125 115 0.005223
-125 120 0.012745
-125 125 0.025206
-125 130 0.046004
-125 135 0.077738
-125 140 0.136978
-125 145 0.234042
-125 150 0.369030
-125 155 0.535600
-125 160 0.707265
-125 165 0.865503
-125 170 1.017192
-125 175 1.168060
-120 -180 1.505580
-120 -175 1.621235
-120 -170 1.657787
-120 -165 1.606240
-120 -160 1.486193
-120 -155 1.324040
-120 -150 1.145590
-120 -145 0.959135
-120 -140 0.778910
-120 -135 0.614903
-120 -130 0.488220
-120 -125 0.407578
-120 -120 0.368395
-120 -115 0.355697
-120 -110 0.354960
-120 -105 0.345183
-120 -100 0.327883
-120 -95 0.299655
-120 -90 0.268950
-120 -85 0.242092
-120 -80 0.222917
-120 -75 0.210042
-120 -70 0.201981
-120 -65 0.191293
-120 -60 0.167020
-120 -55 0.127972
-120 -50 0.088273
-120 -45 0.063161
-120 -40 0.058343
-120 -35 0.089920
-120 -30 0.147431
-120 -25 0.220110
-120 -20 0.302925
-120 -15 0.390863
-120 -10 0.495092
-120 -5 0.623370
-120 0 0.780983
-120 5 0.947385
-120 10 1.065503
-120 15 1.091883
-120 20 1.007737
-120 25 0.830582
-120 30 0.619000
-120 35 0.420760
-120 40 0.272657
-120 45 0.175458
-120 50 0.117457
-120 55 0.081831
-120 60 0.055847
-120 65 0.033789
-120 70 0.018223
-120 75 0.007410
-120 80 0.002211
-120 85 0.000000
-120 90 0.000000
-120 95 0.000000
-120 100 0.000000
-120 105 0.000000
-120 110 0.000000
-120 115 0.002657
-120 120 0.013507
-120 125 0.030906
-120 130 0.059593
-120 135 0.097865
-120 140 0.164648
-120 145 0.271453
-120 150 0.424168
-120 155 0.618105
-120 160 0.822963
-120 165 1.012245
-120 170 1.184558
-120 175 1.347222
-115 -180 1.778145
-115 -175 1.914930
-115 -170 1.979060
-115 -165 1.963483
-115 -160 1.866542
-115 -155 1.699472
-115 -150 1.485918
-115 -145 1.239980
-115 -140 0.989625
-115 -135 0.763813
-115 -130 0.591732
-115 -125 0.485393
-115 -120 0.433588
-115 -115 0.422772
-115 -110 0.425700
-115 -105 0.415590
-115 -100 0.395260
-115 -95 0.359092
-115 -90 0.319572
-115 -85 0.285180
-115 -80 0.262995
-115 -75 0.249805
-115 -70 0.240721
-115 -65 0.230018
-115 -60 0.203508
-115 -55 0.158666
-115 -50 0.112800
-115 -45 0.081637
-115 -40 0.075673
-115 -35 0.110239
-115 -30 0.178786
-115 -25 0.272172
-115 -20 0.394055
-115 -15 0.547545
-115 -10 0.740670
-115 -5 0.971730
-115 0 1.225337
-115 5 1.450473
-115 10 1.569548
-115 15 1.537585
-115 20 1.357840
-115 25 1.067192
-115 30 0.753602
-115 35 0.486685
-115 40 0.305135
-115 45 0.198925
-115 50 0.141876
-115 55 0.106701
-115 60 0.075689
-115 65 0.044754
-115 70 0.023127
-115 75 0.008359
-115 80 0.002037
-115 85 0.000024
-115 90 0.000340
-115 95 0.000783
-115 100 0.001418
-115 105 0.002013
-115 110 0.002235
-115 115 0.005488
-115 120 0.020711
-115 125 0.045007
-115 130 0.085823
-115 135 0.137740
-115 140 0.217421
-115 145 0.336788
-115 150 0.505455
-115 155 0.725020
-115 160 0.967388
-115 165 1.198490
-115 170 1.408937
-115 175 1.600162
-110 -180 2.208215
-110 -175 2.386265
-110 -170 2.478893
-110 -165 2.481203
-110 -160 2.366357
-110 -155 2.143727
-110 -150 1.854483
-110 -145 1.527045
-110 -140 1.202268
-110 -135 0.921742
-110 -130 0.713275
-110 -125 0.583760
-110 -120 0.512493
-110 -115 0.494132
-110 -110 0.492762
-110 -105 0.476558
-110 -100 0.448338
-110 -95 0.403417
-110 -90 0.356800
-110 -85 0.316563
-110 -80 0.292343
-110 -75 0.279295
-110 -70 0.266920
-110 -65 0.252842
-110 -60 0.222866
-110 -55 0.175845
-110 -50 0.130755
-110 -45 0.102988
-110 -40 0.106924
-110 -35 0.155967
-110 -30 0.249567
-110 -25 0.381700
-110 -20 0.566870
-110 -15 0.818530
-110 -10 1.135668
-110 -5 1.499842
-110 0 1.864123
-110 5 2.138130
-110 10 2.223032
-110 15 2.085550
-110 20 1.767060
-110 25 1.336285
-110 30 0.908755
-110 35 0.569483
-110 40 0.351477
-110 45 0.232427
-110 50 0.173052
-110 55 0.137022
-110 60 0.100927
-110 65 0.062486
-110 70 0.034910
-110 75 0.015509
-110 80 0.007809
-110 85 0.005655
-110 90 0.006666
-110 95 0.007884
-110 100 0.009642
-110 105 0.011189
-110 110 0.011984
-110 115 0.015757
-110 120 0.034402
-110 125 0.066004
-110 130 0.120517
-110 135 0.190898
-110 140 0.288460
-110 145 0.426617
-110 150 0.613083
-110 155 0.859890
-110 160 1.148095
-110 165 1.439370
-110 170 1.718902
-110 175 1.977298
-105 -180 2.859875
-105 -175 3.083500
-105 -170 3.183950
-105 -165 3.157400
-105 -160 2.958575
-105 -155 2.617200
-105 -150 2.207177
-105 -145 1.779500
-105 -140 1.382278
-105 -135 1.059692
-105 -130 0.826673
-105 -125 0.677848
-105 -120 0.583707
-105 -115 0.550617
-105 -110 0.538272
-105 -105 0.512500
-105 -100 0.472543
-105 -95 0.418608
-105 -90 0.367600
-105 -85 0.326342
-105 -80 0.304765
-105 -75 0.296203
-105 -70 0.281878
-105 -65 0.262238
-105 -60 0.227320
-105 -55 0.181653
-105 -50 0.145993
-105 -45 0.134002
-105 -40 0.161170
-105 -35 0.240234
-105 -30 0.378653
-105 -25 0.578020
-105 -20 0.868032
-105 -15 1.265215
-105 -10 1.745860
-105 -5 2.256533
-105 0 2.706900
-105 5 2.970875
-105 10 2.948475
-105 15 2.644775
-105 20 2.153957
-105 25 1.579345
-105 30 1.052798
-105 35 0.655305
-105 40 0.407525
-105 45 0.275867
-105 50 0.213131
-105 55 0.177630
-105 60 0.140675
-105 65 0.100363
-105 70 0.069108
-105 75 0.044147
-105 80 0.032668
-105 85 0.026515
-105 90 0.025912
-105 95 0.026675
-105 100 0.028838
-105 105 0.031308
-105 110 0.032620
-105 115 0.036258
-105 120 0.055702
-105 125 0.093593
-105 130 0.161829
-105 135 0.255860
-105 140 0.380785
-105 145 0.553192
-105 150 0.774657
-105 155 1.068290
-105 160 1.425635
-105 165 1.807208
-105 170 2.190775
-105 175 2.552300
-100 -180 3.760650
-100 -175 4.000650
-100 -170 4.057800
-100 -165 3.930250
-100 -160 3.568975
-100 -155 3.045700
-100 -150 2.476827
-100 -145 1.937760
-100 -140 1.477790
-100 -135 1.129252
-100 -130 0.885183
-100 -125 0.722892
-100 -120 0.609160
-100 -115 0.560105
-100 -110 0.536590
-100 -105 0.504530
-100 -100 0.457163
-100 -95 0.399760
-100 -90 0.350602
-100 -85 0.314840
-100 -80 0.299590
-100 -75 0.297662
-100 -70 0.282417
-100 -65 0.256543
-100 -60 0.218104
-100 -55 0.179284
-100 -50 0.163525
-100 -45 0.181163
-100 -40 0.245956
-100 -35 0.375962
-100 -30 0.587112
-100 -25 0.892095
-100 -20 1.332888
-100 -15 1.910872
-100 -10 2.560450
-100 -5 3.177125
-100 0 3.630225
-100 5 3.780900
-100 10 3.563800
-100 15 3.050525
-100 20 2.389670
-100 25 1.706248
-100 30 1.128132
-100 35 0.709913
-100 40 0.453812
-100 45 0.318610
-100 50 0.256768
-100 55 0.225305
-100 60 0.193399
-100 65 0.157700
-100 70 0.126077
-100 75 0.095517
-100 80 0.078089
-100 85 0.064452
-100 90 0.060071
-100 95 0.059192
-100 100 0.061080
-100 105 0.064482
-100 110 0.066353
-100 115 0.069424
-100 120 0.089131
-100 125 0.135506
-100 130 0.220870
-100 135 0.344662
-100 140 0.508005
-100 145 0.732258
-100 150 1.014447
-100 155 1.390872
-100 160 1.859500
-100 165 2.373640
-100 170 2.895775
-100 175 3.379500
-95 -180 4.835725
-95 -175 5.016300
-95 -170 4.949725
-95 -165 4.641175
-95 -160 4.060025
-95 -155 3.328800
-95 -150 2.596900
-95 -145 1.956562
-95 -140 1.452152
-95 -135 1.093387
-95 -130 0.849407
-95 -125 0.682362
-95 -120 0.562128
-95 -115 0.505940
-95 -110 0.477915
-95 -105 0.446543
-95 -100 0.399565
-95 -95 0.346823
-95 -90 0.307340
-95 -85 0.286338
-95 -80 0.284848
-95 -75 0.294538
-95 -70 0.283658
-95 -65 0.257125
-95 -60 0.222047
-95 -55 0.197317
-95 -50 0.211856
-95 -45 0.273402
-95 -40 0.389007
-95 -35 0.590363
-95 -30 0.900415
-95 -25 1.339830
-95 -20 1.955465
-95 -15 2.712950
-95 -10 3.493175
-95 -5 4.133325
-95 0 4.478975
-95 5 4.413625
-95 10 3.937325
-95 15 3.205750
-95 20 2.411078
-95 25 1.676527
-95 30 1.108113
-95 35 0.714850
-95 40 0.480087
-95 45 0.358070
-95 50 0.306532
-95 55 0.285805
-95 60 0.264615
-95 65 0.237762
-95 70 0.206992
-95 75 0.169496
-95 80 0.143450
-95 85 0.119131
-95 90 0.109565
-95 95 0.106731
-95 100 0.107599
-95 105 0.111442
-95 110 0.114204
-95 115 0.118995
-95 120 0.144142
-95 125 0.209186
-95 130 0.326180
-95 135 0.495710
-95 140 0.718137
-95 145 1.018445
-95 150 1.395135
-95 155 1.895830
-95 160 2.515550
-95 165 3.191700
-95 170 3.858200
-95 175 4.436425
-90 -180 5.854575
-90 -175 5.867675
-90 -170 5.599100
-90 -165 5.067500
-90 -160 4.271825
-90 -155 3.374275
-90 -150 2.529775
-90 -145 1.830827
-90 -140 1.311797
-90 -135 0.959750
-90 -130 0.724522
-90 -125 0.560425
-90 -120 0.447487
-90 -115 0.394813
-90 -110 0.371117
-90 -105 0.349008
-90 -100 0.312180
-90 -95 0.272547
-90 -90 0.247596
-90 -85 0.244562
-90 -80 0.258082
-90 -75 0.279737
-90 -70 0.277722
-90 -65 0.259795
-90 -60 0.241858
-90 -55 0.246335
-90 -50 0.308057
-90 -45 0.433718
-90 -40 0.619302
-90 -35 0.914843
-90 -30 1.346010
-90 -25 1.933502
-90 -20 2.714025
-90 -15 3.599125
-90 -10 4.412950
-90 -5 4.946225
-90 0 5.055400
-90 5 4.689575
-90 10 3.933650
-90 15 3.023900
-90 20 2.170888
-90 25 1.467577
-90 30 0.979315
-90 35 0.660687
-90 40 0.478875
-90 45 0.388615
-90 50 0.356830
-90 55 0.351700
-90 60 0.343388
-90 65 0.325203
-90 70 0.293800
-90 75 0.247907
-90 80 0.211845
-90 85 0.176512
-90 90 0.162078
-90 95 0.157866
-90 100 0.158458
-90 105 0.163860
-90 110 0.170288
-90 115 0.181605
-90 120 0.219452
-90 125 0.313927
-90 130 0.481728
-90 135 0.727002
-90 140 1.053050
-90 145 1.481332
-90 150 2.005653
-90 155 2.669150
-90 160 3.445325
-90 165 4.249875
-90 170 4.987425
-90 175 5.554350
-85 -180 6.512300
-85 -175 6.270525
-85 -170 5.760125
-85 -165 5.019025
-85 -160 4.078775
-85 -155 3.113850
-85 -150 2.250967
-85 -145 1.564825
-85 -140 1.076458
-85 -135 0.756255
-85 -130 0.545325
-85 -125 0.397813
-85 -120 0.305003
-85 -115 0.263732
-85 -110 0.249505
-85 -105 0.240713
-85 -100 0.220513
-85 -95 0.199164
-85 -90 0.189313
-85 -85 0.200038
-85 -80 0.222771
-85 -75 0.251875
-85 -70 0.262735
-85 -65 0.265587
-85 -60 0.284762
-85 -55 0.338850
-85 -50 0.467565
-85 -45 0.679897
-85 -40 0.964573
-85 -35 1.391962
-85 -30 1.981495
-85 -25 2.732900
-85 -20 3.640625
-85 -15 4.543525
-85 -10 5.229175
-85 -5 5.486275
-85 0 5.237500
-85 5 4.535375
-85 10 3.544775
-85 15 2.547175
-85 20 1.730065
-85 25 1.132155
-85 30 0.769805
-85 35 0.551668
-85 40 0.436688
-85 45 0.385980
-85 50 0.377072
-85 55 0.388115
-85 60 0.392145
-85 65 0.381097
-85 70 0.348733
-85 75 0.297220
-85 80 0.254205
-85 85 0.212907
-85 90 0.197363
-85 95 0.194939
-85 100 0.198827
-85 105 0.209713
-85 110 0.227087
-85 115 0.256232
-85 120 0.321673
-85 125 0.463678
-85 130 0.709358
-85 135 1.064485
-85 140 1.535073
-85 145 2.124322
-85 150 2.811925
-85 155 3.618225
-85 160 4.486925
-85 165 5.321450
-85 170 6.007675
-85 175 6.429800
-80 -180 6.524875
-80 -175 6.004875
-80 -170 5.282400
-80 -165 4.416075
-80 -160 3.456475
-80 -155 2.557475
-80 -150 1.790875
-80 -145 1.201435
-80 -140 0.794688
-80 -135 0.534128
-80 -130 0.363932
-80 -125 0.245447
-80 -120 0.177599
-80 -115 0.148944
-80 -110 0.143145
-80 -105 0.144681
-80 -100 0.139623
-80 -95 0.133986
-80 -90 0.134002
-80 -85 0.149377
-80 -80 0.172895
-80 -75 0.204831
-80 -70 0.232207
-80 -65 0.267147
-80 -60 0.343128
-80 -55 0.471080
-80 -50 0.693805
-80 -45 1.023252
-80 -40 1.443040
-80 -35 2.032433
-80 -30 2.788925
-80 -25 3.670375
-80 -20 4.609325
-80 -15 5.376200
-80 -10 5.761450
-80 -5 5.610850
-80 0 4.960625
-80 5 3.975900
-80 10 2.866725
-80 15 1.903985
-80 20 1.211272
-80 25 0.762160
-80 30 0.531635
-80 35 0.407255
-80 40 0.349545
-80 45 0.331072
-80 50 0.338958
-80 55 0.360947
-80 60 0.374047
-80 65 0.369155
-80 70 0.339152
-80 75 0.290488
-80 80 0.249256
-80 85 0.212171
-80 90 0.202169
-80 95 0.205901
-80 100 0.217738
-80 105 0.238275
-80 110 0.274545
-80 115 0.334313
-80 120 0.443507
-80 125 0.651665
-80 130 0.998988
-80 135 1.488947
-80 140 2.124370
-80 145 2.873800
-80 150 3.688650
-80 155 4.552500
-80 160 5.384400
-80 165 6.098150
-80 170 6.583350
-80 175 6.736575
-75 -180 5.811750
-75 -175 5.089875
-75 -170 4.265800
-75 -165 3.406900
-75 -160 2.562825
-75 -155 1.842243
-75 -150 1.254840
-75 -145 0.815520
-75 -140 0.516685
-75 -135 0.326835
-75 -130 0.204682
-75 -125 0.122109
-75 -120 0.081288
-75 -115 0.065984
-75 -110 0.066637
-75 -105 0.073527
-75 -100 0.077701
-75 -95 0.081576
-75 -90 0.086153
-75 -85 0.100087
-75 -80 0.119502
-75 -75 0.151075
-75 -70 0.195116
-75 -65 0.265058
-75 -60 0.405927
-75 -55 0.622245
-75 -50 0.959175
-75 -45 1.429335
-75 -40 2.011602
-75 -35 2.771050
-75 -30 3.668300
-75 -25 4.604550
-75 -20 5.451300
-75 -15 5.940450
-75 -10 5.910350
-75 -5 5.311475
-75 0 4.312550
-75 5 3.165675
-75 10 2.078835
-75 15 1.257440
-75 20 0.741152
-75 25 0.444407
-75 30 0.319120
-75 35 0.261322
-75 40 0.240627
-75 45 0.240969
-75 50 0.256383
-75 55 0.280823
-75 60 0.296337
-75 65 0.294650
-75 70 0.269987
-75 75 0.231881
-75 80 0.200727
-75 85 0.176129
-75 90 0.175961
-75 95 0.188178
-75 100 0.211444
-75 105 0.246029
-75 110 0.308510
-75 115 0.411708
-75 120 0.579605
-75 125 0.867428
-75 130 1.324220
-75 135 1.943927
-75 140 2.716700
-75 145 3.568700
-75 150 4.416450
-75 155 5.204950
-75 160 5.845600
-75 165 6.290900
-75 170 6.462575
-75 175 6.296925
-70 -180 4.552825
-70 -175 3.787775
-70 -170 3.014775
-70 -165 2.290482
-70 -160 1.647625
-70 -155 1.147595
-70 -150 0.758705
-70 -145 0.478355
-70 -140 0.291255
-70 -135 0.173789
-70 -130 0.099654
-70 -125 0.050704
-70 -120 0.029586
-70 -115 0.022497
-70 -110 0.025476
-70 -105 0.032966
-70 -100 0.039998
-70 -95 0.046322
-70 -90 0.050413
-70 -85 0.059498
-70 -80 0.072880
-70 -75 0.104091
-70 -70 0.165063
-70 -65 0.269730
-70 -60 0.474410
-70 -55 0.778543
-70 -50 1.224688
-70 -45 1.820810
-70 -40 2.542650
-70 -35 3.421950
-70 -30 4.377575
-70 -25 5.260550
-70 -20 5.901325
-70 -15 6.038875
-70 -10 5.594750
-70 -5 4.638650
-70 0 3.444100
-70 5 2.294157
-70 10 1.352975
-70 15 0.730845
-70 20 0.392115
-70 25 0.219108
-70 30 0.159635
-70 35 0.138220
-70 40 0.135153
-70 45 0.142173
-70 50 0.157116
-70 55 0.177407
-70 60 0.190835
-70 65 0.191158
-70 70 0.174663
-70 75 0.151040
-70 80 0.133315
-70 85 0.122579
-70 90 0.130678
-70 95 0.148960
-70 100 0.181761
-70 105 0.229499
-70 110 0.317985
-70 115 0.466068
-70 120 0.694273
-70 125 1.058392
-70 130 1.604405
-70 135 2.307857
-70 140 3.136500
-70 145 3.979575
-70 150 4.727175
-70 155 5.303250
-70 160 5.640250
-70 165 5.748950
-70 170 5.600900
-70 175 5.184075
-65 -180 3.108225
-65 -175 2.454865
-65 -170 1.847127
-65 -165 1.323908
-65 -160 0.901790
-65 -155 0.607017
-65 -150 0.390327
-65 -145 0.241415
-65 -140 0.142851
-65 -135 0.080808
-65 -130 0.042166
-65 -125 0.017625
-65 -120 0.008539
-65 -115 0.005435
-65 -110 0.007292
-65 -105 0.011903
-65 -100 0.017200
-65 -95 0.022127
-65 -90 0.024505
-65 -85 0.029911
-65 -80 0.039537
-65 -75 0.071089
-65 -70 0.145336
-65 -65 0.276643
-65 -60 0.527215
-65 -55 0.896643
-65 -50 1.421347
-65 -45 2.097910
-65 -40 2.896900
-65 -35 3.803275
-65 -30 4.697350
-65 -25 5.406050
-65 -20 5.760075
-65 -15 5.557700
-65 -10 4.816375
-65 -5 3.696925
-65 0 2.510875
-65 5 1.507185
-65 10 0.788515
-65 15 0.376720
-65 20 0.187153
-65 25 0.101091
-65 30 0.075048
-65 35 0.065267
-65 40 0.063383
-65 45 0.066684
-65 50 0.075721
-65 55 0.088448
-65 60 0.097511
-65 65 0.098704
-65 70 0.089886
-65 75 0.078618
-65 80 0.071477
-65 85 0.069917
-65 90 0.081356
-65 95 0.101110
-65 100 0.138249
-65 105 0.194201
-65 110 0.299893
-65 115 0.481215
-65 120 0.756238
-65 125 1.173975
-65 130 1.762153
-65 135 2.468165
-65 140 3.231050
-65 145 3.922575
-65 150 4.436925
-65 155 4.714525
-65 160 4.736000
-65 165 4.567700
-65 170 4.220950
-65 175 3.715050
-60 -180 1.830645
-60 -175 1.376350
-60 -170 0.975858
-60 -165 0.652155
-60 -160 0.411792
-60 -155 0.261933
-60 -150 0.159505
-60 -145 0.095354
-60 -140 0.054207
-60 -135 0.028139
-60 -130 0.012780
-60 -125 0.003786
-60 -120 0.001451
-60 -115 0.000771
-60 -110 0.002030
-60 -105 0.004177
-60 -100 0.006812
-60 -95 0.008965
-60 -90 0.009412
-60 -85 0.012518
-60 -80 0.020185
-60 -75 0.052375
-60 -70 0.134025
-60 -65 0.280348
-60 -60 0.549845
-60 -55 0.942643
-60 -50 1.484165
-60 -45 2.156010
-60 -40 2.922200
-60 -35 3.727850
-60 -30 4.435175
-60 -25 4.883875
-60 -20 4.944800
-60 -15 4.507775
-60 -10 3.664775
-60 -5 2.611450
-60 0 1.625600
-60 5 0.876675
-60 10 0.405230
-60 15 0.175197
-60 20 0.089143
-60 25 0.052879
-60 30 0.038187
-60 35 0.028555
-60 40 0.022835
-60 45 0.020507
-60 50 0.023623
-60 55 0.029211
-60 60 0.033492
-60 65 0.034434
-60 70 0.031102
-60 75 0.028038
-60 80 0.027501
-60 85 0.030544
-60 90 0.042115
-60 95 0.060216
-60 100 0.095965
-60 105 0.152014
-60 110 0.259240
-60 115 0.448917
-60 120 0.739267
-60 125 1.165985
-60 130 1.729805
-60 135 2.349473
-60 140 2.941125
-60 145 3.385175
-60 150 3.611100
-60 155 3.605675
-60 160 3.403600
-60 165 3.100000
-60 170 2.720425
-60 175 2.284943
-55 -180 0.911990
-55 -175 0.658578
-55 -170 0.442697
-55 -165 0.274570
-55 -160 0.157277
-55 -155 0.092050
-55 -150 0.050887
-55 -145 0.029347
-55 -140 0.016365
-55 -135 0.007940
-55 -130 0.003097
-55 -125 0.000465
-55 -120 0.000180
-55 -115 0.000154
-55 -110 0.000582
-55 -105 0.001200
-55 -100 0.001956
-55 -95 0.002523
-55 -90 0.002574
-55 -85 0.005657
-55 -80 0.013448
-55 -75 0.046240
-55 -70 0.129342
-55 -65 0.278558
-55 -60 0.539303
-55 -55 0.908865
-55 -50 1.395520
-55 -45 1.966485
-55 -40 2.582075
-55 -35 3.173325
-55 -30 3.617725
-55 -25 3.799975
-55 -20 3.652725
-55 -15 3.150500
-55 -10 2.412397
-55 -5 1.606557
-55 0 0.927260
-55 5 0.457368
-55 10 0.195467
-55 15 0.087912
-55 20 0.056219
-55 25 0.040591
-55 30 0.027589
-55 35 0.015601
-55 40 0.007503
-55 45 0.002498
-55 50 0.002771
-55 55 0.004692
-55 60 0.006264
-55 65 0.006864
-55 70 0.006265
-55 75 0.006408
-55 80 0.007755
-55 85 0.010632
-55 90 0.019583
-55 95 0.033821
-55 100 0.063922
-55 105 0.112951
-55 110 0.207621
-55 115 0.378748
-55 120 0.644338
-55 125 1.023308
-55 130 1.494592
-55 135 1.964745
-55 140 2.345413
-55 145 2.545750
-55 150 2.541300
-55 155 2.361820
-55 160 2.074090
-55 165 1.769672
-55 170 1.469897
-55 175 1.180357
-50 -180 0.375380
-50 -175 0.267825
-50 -170 0.176216
-50 -165 0.104652
-50 -160 0.055607
-50 -155 0.030228
-50 -150 0.015129
-50 -145 0.008949
-50 -140 0.005266
-50 -135 0.002584
-50 -130 0.000885
-50 -125 0.000000
-50 -120 0.000000
-50 -115 0.000000
-50 -110 0.000000
-50 -105 0.000000
-50 -100 0.000000
-50 -95 0.000000
-50 -90 0.000000
-50 -85 0.002465
-50 -80 0.009300
-50 -75 0.039820
-50 -70 0.117197
-50 -65 0.256105
-50 -60 0.484045
-50 -55 0.791360
-50 -50 1.167458
-50 -45 1.572297
-50 -40 1.972395
-50 -35 2.313042
-50 -30 2.511825
-50 -25 2.508050
-50 -20 2.284380
-50 -15 1.861950
-50 -10 1.341487
-50 -5 0.833655
-50 0 0.445985
-50 5 0.201285
-50 10 0.082618
-50 15 0.045518
-50 20 0.039772
-50 25 0.034753
-50 30 0.025055
-50 35 0.014427
-50 40 0.006572
-50 45 0.001076
-50 50 0.000104
-50 55 0.000167
-50 60 0.000212
-50 65 0.000213
-50 70 0.000169
-50 75 0.000504
-50 80 0.001250
-50 85 0.002382
-50 90 0.007997
-50 95 0.017629
-50 100 0.040620
-50 105 0.079376
-50 110 0.154392
-50 115 0.288670
-50 120 0.497962
-50 125 0.785235
-50 130 1.120745
-50 135 1.422030
-50 140 1.616425
-50 145 1.648885
-50 150 1.528808
-50 155 1.305508
-50 160 1.048708
-50 165 0.823378
-50 170 0.641598
-50 175 0.494582
-45 -180 0.126128
-45 -175 0.095164
-45 -170 0.064774
-45 -165 0.038011
-45 -160 0.018479
-45 -155 0.008006
-45 -150 0.002129
-45 -145 0.000722
-45 -140 0.000471
-45 -135 0.000242
-45 -130 0.000086
-45 -125 0.000000
-45 -120 0.000000
-45 -115 0.000000
-45 -110 0.000000
-45 -105 0.000000
-45 -100 0.000000
-45 -95 0.000000
-45 -90 0.000000
-45 -85 0.001480
-45 -80 0.006896
-45 -75 0.032501
-45 -70 0.097282
-45 -65 0.212838
-45 -60 0.390047
-45 -55 0.612865
-45 -50 0.858792
-45 -45 1.090987
-45 -40 1.289020
-45 -35 1.425715
-45 -30 1.462220
-45 -25 1.378718
-45 -20 1.182078
-45 -15 0.903150
-45 -10 0.606155
-45 -5 0.347400
-45 0 0.171431
-45 5 0.072191
-45 10 0.032597
-45 15 0.026123
-45 20 0.027425
-45 25 0.025198
-45 30 0.018404
-45 35 0.010597
-45 40 0.004817
-45 45 0.000753
-45 50 0.000000
-45 55 0.000000
-45 60 0.000000
-45 65 0.000000
-45 70 0.000000
-45 75 0.000000
-45 80 0.000000
-45 85 0.000000
-45 90 0.003260
-45 95 0.009260
-45 100 0.025241
-45 105 0.052697
-45 110 0.106196
-45 115 0.198567
-45 120 0.341197
-45 125 0.526755
-45 130 0.727618
-45 135 0.884015
-45 140 0.948967
-45 145 0.897670
-45 150 0.756540
-45 155 0.573512
-45 160 0.403605
-45 165 0.280320
-45 170 0.204699
-45 175 0.157720
-40 -180 0.033232
-40 -175 0.028692
-40 -170 0.021170
-40 -165 0.012849
-40 -160 0.006223
-40 -155 0.002427
-40 -150 0.000282
-40 -145 0.000000
-40 -140 0.000000
-40 -135 0.000000
-40 -130 0.000000
-40 -125 0.000000
-40 -120 0.000000
-40 -115 0.000000
-40 -110 0.000000
-40 -105 0.000000
-40 -100 0.000000
-40 -95 0.000000
-40 -90 0.000000
-40 -85 0.000714
-40 -80 0.004718
-40 -75 0.023530
-40 -70 0.070318
-40 -65 0.152637
-40 -60 0.270888
-40 -55 0.409042
-40 -50 0.543385
-40 -45 0.646798
-40 -40 0.709340
-40 -35 0.724875
-40 -30 0.684800
-40 -25 0.591950
-40 -20 0.462107
-40 -15 0.318905
-40 -10 0.190306
-40 -5 0.094301
-40 0 0.040316
-40 5 0.016115
-40 10 0.010762
-40 15 0.013533
-40 20 0.015746
-40 25 0.014602
-40 30 0.010665
-40 35 0.006141
-40 40 0.002792
-40 45 0.000436
-40 50 0.000000
-40 55 0.000000
-40 60 0.000000
-40 65 0.000000
-40 70 0.000000
-40 75 0.000000
-40 80 0.000000
-40 85 0.000000
-40 90 0.001999
-40 95 0.005354
-40 100 0.015282
-40 105 0.032910
-40 110 0.067633
-40 115 0.123758
-40 120 0.207113
-40 125 0.306463
-40 130 0.402357
-40 135 0.462363
-40 140 0.465033
-40 145 0.404750
-40 150 0.305795
-40 155 0.198792
-40 160 0.114530
-40 165 0.063005
-40 170 0.041645
-40 175 0.034985
-35 -180 0.005061
-35 -175 0.004951
-35 -170 0.003927
-35 -165 0.002509
-35 -160 0.001224
-35 -155 0.000460
-35 -150 0.000023
-35 -145 0.000000
-35 -140 0.000000
-35 -135 0.000000
-35 -130 0.000000
-35 -125 0.000000
-35 -120 0.000000
-35 -115 0.000000
-35 -110 0.000000
-35 -105 0.000000
-35 -100 0.000000
-35 -95 0.000000
-35 -90 0.000000
-35 -85 0.000183
-35 -80 0.002694
-35 -75 0.014511
-35 -70 0.043268
-35 -65 0.092762
-35 -60 0.159510
-35 -55 0.230454
-35 -50 0.287645
-35 -45 0.315922
-35 -40 0.314025
-35 -35 0.287413
-35 -30 0.241905
-35 -25 0.185265
-35 -20 0.127344
-35 -15 0.076894
-35 -10 0.039337
-35 -5 0.015864
-35 0 0.005925
-35 5 0.003299
-35 10 0.004249
-35 15 0.006103
-35 20 0.007204
-35 25 0.006684
-35 30 0.004882
-35 35 0.002811
-35 40 0.001278
-35 45 0.000200
-35 50 0.000000
-35 55 0.000000
-35 60 0.000000
-35 65 0.000000
-35 70 0.000000
-35 75 0.000000
-35 80 0.000000
-35 85 0.000000
-35 90 0.000970
-35 95 0.002568
-35 100 0.008161
-35 105 0.019417
-35 110 0.041604
-35 115 0.074230
-35 120 0.118382
-35 125 0.162828
-35 130 0.196396
-35 135 0.206794
-35 140 0.190422
-35 145 0.150940
-35 150 0.102654
-35 155 0.058213
-35 160 0.028082
-35 165 0.010679
-35 170 0.005240
-35 175 0.004402
-30 -180 0.000000
-30 -175 0.000000
-30 -170 0.000000
-30 -165 0.000000
-30 -160 0.000000
-30 -155 0.000000
-30 -150 0.000000
-30 -145 0.000000
-30 -140 0.000000
-30 -135 0.000000
-30 -130 0.000000
-30 -125 0.000000
-30 -120 0.000000
-30 -115 0.000000
-30 -110 0.000000
-30 -105 0.000000
-30 -100 0.000000
-30 -95 0.000000
-30 -90 0.000000
-30 -85 0.000000
-30 -80 0.001413
-30 -75 0.007682
-30 -70 0.022590
-30 -65 0.047368
-30 -60 0.078653
-30 -55 0.107882
-30 -50 0.124340
-30 -45 0.121892
-30 -40 0.103483
-30 -35 0.077196
-30 -30 0.050986
-30 -25 0.029955
-30 -20 0.015872
-30 -15 0.007581
-30 -10 0.003007
-30 -5 0.000810
-30 0 0.000269
-30 5 0.000356
-30 10 0.000683
-30 15 0.001027
-30 20 0.001212
-30 25 0.001124
-30 30 0.000821
-30 35 0.000473
-30 40 0.000215
-30 45 0.000034
-30 50 0.000000
-30 55 0.000000
-30 60 0.000000
-30 65 0.000000
-30 70 0.000000
-30 75 0.000000
-30 80 0.000000
-30 85 0.000000
-30 90 0.000257
-30 95 0.000679
-30 100 0.003076
-30 105 0.009656
-30 110 0.023403
-30 115 0.041925
-30 120 0.064100
-30 125 0.081210
-30 130 0.086916
-30 135 0.079340
-30 140 0.062741
-30 145 0.042698
-30 150 0.024763
-30 155 0.011649
-30 160 0.005221
-30 165 0.001272
-30 170 0.000277
-30 175 0.000000
-25 -180 0.000000
-25 -175 0.000000
-25 -170 0.000000
-25 -165 0.000000
-25 -160 0.000000
-25 -155 0.000000
-25 -150 0.000000
-25 -145 0.000000
-25 -140 0.000000
-25 -135 0.000000
-25 -130 0.000000
-25 -125 0.000000
-25 -120 0.000000
-25 -115 0.000000
-25 -110 0.000000
-25 -105 0.000000
-25 -100 0.000000
-25 -95 0.000000
-25 -90 0.000000
-25 -85 0.000000
-25 -80 0.000734
-25 -75 0.003067
-25 -70 0.008261
-25 -65 0.016474
-25 -60 0.025914
-25 -55 0.034021
-25 -50 0.037481
-25 -45 0.034932
-25 -40 0.028015
-25 -35 0.019443
-25 -30 0.011820
-25 -25 0.006151
-25 -20 0.002736
-25 -15 0.001167
-25 -10 0.000299
-25 -5 0.000000
-25 0 0.000000
-25 5 0.000000
-25 10 0.000000
-25 15 0.000000
-25 20 0.000000
-25 25 0.000000
-25 30 0.000000
-25 35 0.000000
-25 40 0.000000
-25 45 0.000000
-25 50 0.000000
-25 55 0.000000
-25 60 0.000000
-25 65 0.000000
-25 70 0.000000
-25 75 0.000000
-25 80 0.000000
-25 85 0.000000
-25 90 0.000000
-25 95 0.000000
-25 100 0.000761
-25 105 0.004663
-25 110 0.012975
-25 115 0.024384
-25 120 0.037070
-25 125 0.045229
-25 130 0.044601
-25 135 0.035726
-25 140 0.023426
-25 145 0.012471
-25 150 0.004810
-25 155 0.001100
-25 160 0.000435
-25 165 0.000027
-25 170 0.000000
-25 175 0.000000
-20 -180 0.000000
-20 -175 0.000000
-20 -170 0.000000
-20 -165 0.000000
-20 -160 0.000000
-20 -155 0.000000
-20 -150 0.000000
-20 -145 0.000000
-20 -140 0.000000
-20 -135 0.000000
-20 -130 0.000000
-20 -125 0.000000
-20 -120 0.000000
-20 -115 0.000000
-20 -110 0.000000
-20 -105 0.000000
-20 -100 0.000000
-20 -95 0.000000
-20 -90 0.000000
-20 -85 0.000000
-20 -80 0.000274
-20 -75 0.001030
-20 -70 0.002285
-20 -65 0.003847
-20 -60 0.005184
-20 -55 0.005601
-20 -50 0.004859
-20 -45 0.003388
-20 -40 0.001896
-20 -35 0.000763
-20 -30 0.000162
-20 -25 0.000000
-20 -20 0.000000
-20 -15 0.000000
-20 -10 0.000000
-20 -5 0.000000
-20 0 0.000000
-20 5 0.000000
-20 10 0.000000
-20 15 0.000000
-20 20 0.000000
-20 25 0.000000
-20 30 0.000000
-20 35 0.000000
-20 40 0.000000
-20 45 0.000000
-20 50 0.000000
-20 55 0.000000
-20 60 0.000000
-20 65 0.000000
-20 70 0.000000
-20 75 0.000000
-20 80 0.000000
-20 85 0.000000
-20 90 0.000000
-20 95 0.000000
-20 100 0.000042
-20 105 0.002003
-20 110 0.006243
-20 115 0.012376
-20 120 0.019398
-20 125 0.024054
-20 130 0.023612
-20 135 0.018351
-20 140 0.011289
-20 145 0.005480
-20 150 0.001491
-20 155 0.000000
-20 160 0.000000
-20 165 0.000000
-20 170 0.000000
-20 175 0.000000
-15 -180 0.000000
-15 -175 0.000000
-15 -170 0.000000
-15 -165 0.000000
-15 -160 0.000000
-15 -155 0.000000
-15 -150 0.000000
-15 -145 0.000000
-15 -140 0.000000
-15 -135 0.000000
-15 -130 0.000000
-15 -125 0.000000
-15 -120 0.000000
-15 -115 0.000000
-15 -110 0.000000
-15 -105 0.000000
-15 -100 0.000000
-15 -95 0.000000
-15 -90 0.000000
-15 -85 0.000000
-15 -80 0.000000
-15 -75 0.000000
-15 -70 0.000000
-15 -65 0.000000
-15 -60 0.000000
-15 -55 0.000000
-15 -50 0.000000
-15 -45 0.000000
-15 -40 0.000000
-15 -35 0.000000
-15 -30 0.000000
-15 -25 0.000000
-15 -20 0.000000
-15 -15 0.000000
-15 -10 0.000000
-15 -5 0.000000
-15 0 0.000000
-15 5 0.000000
-15 10 0.000000
-15 15 0.000000
-15 20 0.000000
-15 25 0.000000
-15 30 0.000000
-15 35 0.000000
-15 40 0.000000
-15 45 0.000000
-15 50 0.000000
-15 55 0.000000
-15 60 0.000000
-15 65 0.000000
-15 70 0.000000
-15 75 0.000000
-15 80 0.000000
-15 85 0.000000
-15 90 0.000000
-15 95 0.000000
-15 100 0.000000
-15 105 0.001014
-15 110 0.003228
-15 115 0.006453
-15 120 0.010179
-15 125 0.012683
-15 130 0.012495
-15 135 0.009736
-15 140 0.006001
-15 145 0.002924
-15 150 0.000796
-15 155 0.000000
-15 160 0.000000
-15 165 0.000000
-15 170 0.000000
-15 175 0.000000
-10 -180 0.000000
-10 -175 0.000000
-10 -170 0.000000
-10 -165 0.000000
-10 -160 0.000000
-10 -155 0.000000
-10 -150 0.000000
-10 -145 0.000000
-10 -140 0.000000
-10 -135 0.000000
-10 -130 0.000000
-10 -125 0.000000
-10 -120 0.000000
-10 -115 0.000000
-10 -110 0.000000
-10 -105 0.000000
-10 -100 0.000000
-10 -95 0.000000
-10 -90 0.000000
-10 -85 0.000000
-10 -80 0.000000
-10 -75 0.000000
-10 -70 0.000000
-10 -65 0.000000
-10 -60 0.000000
-10 -55 0.000000
-10 -50 0.000000
-10 -45 0.000000
-10 -40 0.000000
-10 -35 0.000000
-10 -30 0.000000
-10 -25 0.000000
-10 -20 0.000000
-10 -15 0.000000
-10 -10 0.000000
-10 -5 0.000000
-10 0 0.000000
-10 5 0.000000
-10 10 0.000000
-10 15 0.000000
-10 20 0.000000
-10 25 0.000000
-10 30 0.000000
-10 35 0.000000
-10 40 0.000000
-10 45 0.000000
-10 50 0.000000
-10 55 0.000000
-10 60 0.000000
-10 65 0.000000
-10 70 0.000000
-10 75 0.000000
-10 80 0.000000
-10 85 0.000000
-10 90 0.000000
-10 95 0.000000
-10 100 0.000000
-10 105 0.000419
-10 110 0.001334
-10 115 0.002667
-10 120 0.004207
-10 125 0.005242
-10 130 0.005165
-10 135 0.004024
-10 140 0.002480
-10 145 0.001209
-10 150 0.000329
-10 155 0.000000
-10 160 0.000000
-10 165 0.000000
-10 170 0.000000
-10 175 0.000000
-5 -180 0.000000
-5 -175 0.000000
-5 -170 0.000000
-5 -165 0.000000
-5 -160 0.000000
-5 -155 0.000000
-5 -150 0.000000
-5 -145 0.000000
-5 -140 0.000000
-5 -135 0.000000
-5 -130 0.000000
-5 -125 0.000000
-5 -120 0.000000
-5 -115 0.000000
-5 -110 0.000000
-5 -105 0.000000
-5 -100 0.000000
-5 -95 0.000000
-5 -90 0.000000
-5 -85 0.000000
-5 -80 0.000000
-5 -75 0.000000
-5 -70 0.000000
-5 -65 0.000000
-5 -60 0.000000
-5 -55 0.000000
-5 -50 0.000000
-5 -45 0.000000
-5 -40 0.000000
-5 -35 0.000000
-5 -30 0.000000
-5 -25 0.000000
-5 -20 0.000000
-5 -15 0.000000
-5 -10 0.000000
-5 -5 0.000000
-5 0 0.000000
-5 5 0.000000
-5 10 0.000000
-5 15 0.000000
-5 20 0.000000
-5 25 0.000000
-5 30 0.000000
-5 35 0.000000
-5 40 0.000000
-5 45 0.000000
-5 50 0.000000
-5 55 0.000000
-5 60 0.000000
-5 65 0.000000
-5 70 0.000000
-5 75 0.000000
-5 80 0.000000
-5 85 0.000000
-5 90 0.000000
-5 95 0.000000
-5 100 0.000000
-5 105 0.000000
-5 110 0.000000
-5 115 0.000000
-5 120 0.000000
-5 125 0.000000
-5 130 0.000000
-5 135 0.000000
-5 140 0.000000
-5 145 0.000000
-5 150 0.000000
-5 155 0.000000
-5 160 0.000000
-5 165 0.000000
-5 170 0.000000
-5 175 0.000000
0 -180 0.000000
0 -175 0.000000
0 -170 0.000000
0 -165 0.000000
0 -160 0.000000
0 -155 0.000000
0 -150 0.000000
0 -145 0.000000
0 -140 0.000000
0 -135 0.000000
0 -130 0.000000
0 -125 0.000000
0 -120 0.000000
0 -115 0.000000
0 -110 0.000000
0 -105 0.000000
0 -100 0.000000
0 -95 0.000000
0 -90 0.000000
0 -85 0.000000
0 -80 0.000000
0 -75 0.000000
0 -70 0.000000
0 -65 0.000000
0 -60 0.000000
0 -55 0.000000
0 -50 0.000000
0 -45 0.000000
0 -40 0.000000
0 -35 0.000000
0 -30 0.000000
0 -25 0.000000
0 -20 0.000000
0 -15 0.000000
0 -10 0.000000
0 -5 0.000000
0 0 0.000000
0 5 0.000000
0 10 0.000000
0 15 0.000000
0 20 0.000000
0 25 0.000000
0 30 0.000000
0 35 0.000000
0 40 0.000000
0 45 0.000000
0 50 0.000000
0 55 0.000000
0 60 0.000000
0 65 0.000000
0 70 0.000000
0 75 0.000000
0 80 0.000000
0 85 0.000000
0 90 0.000000
0 95 0.000000
0 100 0.000000
0 105 0.000000
0 110 0.000000
0 115 0.000000
0 120 0.000000
0 125 0.000000
0 130 0.000000
0 135 0.000000
0 140 0.000000
0 145 0.000000
0 150 0.000000
0 155 0.000000
0 160 0.000000
0 165 0.000000
0 170 0.000000
0 175 0.000000
5 -180 0.000000
5 -175 0.000000
5 -170 0.000000
5 -165 0.000000
5 -160 0.000000
5 -155 0.000000
5 -150 0.000000
5 -145 0.000000
5 -140 0.000000
5 -135 0.000000
5 -130 0.000000
5 -125 0.000000
5 -120 0.000000
5 -115 0.000000
5 -110 0.000000
5 -105 0.000000
5 -100 0.000000
5 -95 0.000000
5 -90 0.000000
5 -85 0.000000
5 -80 0.000000
5 -75 0.000000
5 -70 0.000000
5 -65 0.000000
5 -60 0.000000
5 -55 0.000000
5 -50 0.000000
5 -45 0.000000
5 -40 0.000000
5 -35 0.000000
5 -30 0.000000
5 -25 0.000000
5 -20 0.000000
5 -15 0.000000
5 -10 0.000000
5 -5 0.000000
5 0 0.000000
5 5 0.000000
5 10 0.000000
5 15 0.000000
5 20 0.000000
5 25 0.000000
5 30 0.000000
5 35 0.000000
5 40 0.000000
5 45 0.000000
5 50 0.000000
5 55 0.000000
5 60 0.000000
5 65 0.000000
5 70 0.000000
5 75 0.000000
5 80 0.000000
5 85 0.000000
5 90 0.000000
5 95 0.000000
5 100 0.000000
5 105 0.000000
5 110 0.000000
5 115 0.000000
5 120 0.000000
5 125 0.000000
5 130 0.000000
5 135 0.000000
5 140 0.000000
5 145 0.000000
5 150 0.000000
5 155 0.000000
5 160 0.000000
5 165 0.000000
5 170 0.000000
5 175 0.000000
10 -180 0.000000
10 -175 0.000000
10 -170 0.000000
10 -165 0.000000
10 -160 0.000000
10 -155 0.000000
10 -150 0.000000
10 -145 0.000000
10 -140 0.000000
10 -135 0.000000
10 -130 0.000000
10 -125 0.000000
10 -120 0.000000
10 -115 0.000000
10 -110 0.000000
10 -105 0.000000
10 -100 0.000000
10 -95 0.000000
10 -90 0.000000
10 -85 0.000000
10 -80 0.000000
10 -75 0.000000
10 -70 0.000000
10 -65 0.000000
10 -60 0.000000
10 -55 0.000000
10 -50 0.000000
10 -45 0.000000
10 -40 0.000000
10 -35 0.000000
10 -30 0.000000
10 -25 0.000000
10 -20 0.000000
10 -15 0.000000
10 -10 0.000000
10 -5 0.000000
10 0 0.000000
10 5 0.000000
10 10 0.000000
10 15 0.000000
10 20 0.000000
10 25 0.000000
10 30 0.000000
10 35 0.000000
10 40 0.000000
10 45 0.000000
10 50 0.000000
10 55 0.000000
10 60 0.000000
10 65 0.000000
10 70 0.000000
10 75 0.000000
10 80 0.000000
10 85 0.000000
10 90 0.000000
10 95 0.000000
10 100 0.000000
10 105 0.000000
10 110 0.000000
10 115 0.000000
10 120 0.000000
10 125 0.000000
10 130 0.000000
10 135 0.000000
10 140 0.000000
10 145 0.000000
10 150 0.000000
10 155 0.000000
10 160 0.000000
10 165 0.000000
10 170 0.000000
10 175 0.000000
15 -180 0.000000
15 -175 0.000000
15 -170 0.000000
15 -165 0.000000
15 -160 0.000000
15 -155 0.000000
15 -150 0.000062
15 -145 0.000804
15 -140 0.001850
15 -135 0.003342
15 -130 0.004733
15 -125 0.005249
15 -120 0.004554
15 -115 0.003088
15 -110 0.001635
15 -105 0.000656
15 -100 0.000000
15 -95 0.000000
15 -90 0.000000
15 -85 0.000000
15 -80 0.000000
15 -75 0.000000
15 -70 0.000000
15 -65 0.000000
15 -60 0.000000
15 -55 0.000000
15 -50 0.000000
15 -45 0.000000
15 -40 0.000000
15 -35 0.000000
15 -30 0.000000
15 -25 0.000000
15 -20 0.000000
15 -15 0.000000
15 -10 0.000000
15 -5 0.000000
15 0 0.000000
15 5 0.000000
15 10 0.000000
15 15 0.000000
15 20 0.000000
15 25 0.000000
15 30 0.000000
15 35 0.000000
15 40 0.000000
15 45 0.000000
15 50 0.000000
15 55 0.000000
15 60 0.000000
15 65 0.000000
15 70 0.000000
15 75 0.000000
15 80 0.000000
15 85 0.000000
15 90 0.000000
15 95 0.000000
15 100 0.000000
15 105 0.000000
15 110 0.000000
15 115 0.000000
15 120 0.000000
15 125 0.000000
15 130 0.000000
15 135 0.000000
15 140 0.000000
15 145 0.000000
15 150 0.000000
15 155 0.000000
15 160 0.000000
15 165 0.000000
15 170 0.000000
15 175 0.000000
20 -180 0.000032
20 -175 0.000243
20 -170 0.001099
20 -165 0.002314
20 -160 0.003874
20 -155 0.005765
20 -150 0.008129
20 -145 0.012515
20 -140 0.018188
20 -135 0.024875
20 -130 0.029647
20 -125 0.029288
20 -120 0.023738
20 -115 0.015438
20 -110 0.007832
20 -105 0.002881
20 -100 0.000232
20 -95 0.000000
20 -90 0.000000
20 -85 0.000000
20 -80 0.000000
20 -75 0.000000
20 -70 0.000000
20 -65 0.000000
20 -60 0.000000
20 -55 0.000000
20 -50 0.000000
20 -45 0.000000
20 -40 0.000000
20 -35 0.000000
20 -30 0.000000
20 -25 0.000000
20 -20 0.000000
20 -15 0.000000
20 -10 0.000000
20 -5 0.000000
20 0 0.000000
20 5 0.000000
20 10 0.000000
20 15 0.000000
20 20 0.000000
20 25 0.000000
20 30 0.000000
20 35 0.000000
20 40 0.000000
20 45 0.000000
20 50 0.000000
20 55 0.000000
20 60 0.000000
20 65 0.000000
20 70 0.000000
20 75 0.000000
20 80 0.000000
20 85 0.000000
20 90 0.000000
20 95 0.000000
20 100 0.000000
20 105 0.000000
20 110 0.000000
20 115 0.000000
20 120 0.000000
20 125 0.000000
20 130 0.000000
20 135 0.000000
20 140 0.000000
20 145 0.000000
20 150 0.000000
20 155 0.000000
20 160 0.000000
20 165 0.000000
20 170 0.000000
20 175 0.000000
25 -180 0.000167
25 -175 0.001274
25 -170 0.004357
25 -165 0.008696
25 -160 0.014248
25 -155 0.020951
25 -150 0.028797
25 -145 0.041914
25 -140 0.058614
25 -135 0.076896
25 -130 0.088740
25 -125 0.086253
25 -120 0.069552
25 -115 0.045381
25 -110 0.023234
25 -105 0.008878
25 -100 0.001178
25 -95 0.000000
25 -90 0.000000
25 -85 0.000000
25 -80 0.000000
25 -75 0.000000
25 -70 0.000000
25 -65 0.000000
25 -60 0.000000
25 -55 0.000000
25 -50 0.000000
25 -45 0.000000
25 -40 0.000000
25 -35 0.000000
25 -30 0.000000
25 -25 0.000000
25 -20 0.000000
25 -15 0.000000
25 -10 0.000000
25 -5 0.000000
25 0 0.000000
25 5 0.000000
25 10 0.000139
25 15 0.000398
25 20 0.001357
25 25 0.004564
25 30 0.009021
25 35 0.014582
25 40 0.019263
25 45 0.020529
25 50 0.017502
25 55 0.011831
25 60 0.006362
25 65 0.002534
25 70 0.000231
25 75 0.000000
25 80 0.000000
25 85 0.000000
25 90 0.000000
25 95 0.000000
25 100 0.000000
25 105 0.000000
25 110 0.000000
25 115 0.000000
25 120 0.000000
25 125 0.000000
25 130 0.000000
25 135 0.000000
25 140 0.000000
25 145 0.000000
25 150 0.000000
25 155 0.000000
25 160 0.000000
25 165 0.000000
25 170 0.000000
25 175 0.000000
30 -180 0.000363
30 -175 0.002768
30 -170 0.009380
30 -165 0.019782
30 -160 0.035661
30 -155 0.060015
30 -150 0.092994
30 -145 0.139943
30 -140 0.192519
30 -135 0.238116
30 -130 0.256858
30 -125 0.235612
30 -120 0.181444
30 -115 0.114521
30 -110 0.056902
30 -105 0.021339
30 -100 0.003506
30 -95 0.000000
30 -90 0.000000
30 -85 0.000000
30 -80 0.000000
30 -75 0.000000
30 -70 0.000000
30 -65 0.000000
30 -60 0.000000
30 -55 0.000000
30 -50 0.000000
30 -45 0.000000
30 -40 0.000000
30 -35 0.000000
30 -30 0.000000
30 -25 0.000000
30 -20 0.000000
30 -15 0.000000
30 -10 0.000000
30 -5 0.000000
30 0 0.000000
30 5 0.000391
30 10 0.002506
30 15 0.006076
30 20 0.013677
30 25 0.029274
30 30 0.048083
30 35 0.068450
30 40 0.083296
30 45 0.084806
30 50 0.070817
30 55 0.047697
30 60 0.026216
30 65 0.010836
30 70 0.001731
30 75 0.000279
30 80 0.000000
30 85 0.000000
30 90 0.000000
30 95 0.000000
30 100 0.000000
30 105 0.000000
30 110 0.000000
30 115 0.000000
30 120 0.000000
30 125 0.000000
30 130 0.000000
30 135 0.000000
30 140 0.000000
30 145 0.000000
30 150 0.000000
30 155 0.000000
30 160 0.000000
30 165 0.000000
30 170 0.000000
30 175 0.000000
35 -180 0.001661
35 -175 0.008159
35 -170 0.023670
35 -165 0.051565
35 -160 0.096601
35 -155 0.169686
35 -150 0.272595
35 -145 0.404912
35 -140 0.541495
35 -135 0.641518
35 -130 0.662160
35 -125 0.585337
35 -120 0.437935
35 -115 0.273165
35 -110 0.136649
35 -105 0.052878
35 -100 0.012764
35 -95 0.001742
35 -90 0.000526
35 -85 0.000000
35 -80 0.000000
35 -75 0.000000
35 -70 0.000000
35 -65 0.000000
35 -60 0.000000
35 -55 0.000000
35 -50 0.000000
35 -45 0.000000
35 -40 0.000000
35 -35 0.000000
35 -30 0.000000
35 -25 0.000151
35 -20 0.000440
35 -15 0.000864
35 -10 0.001335
35 -5 0.001625
35 0 0.001893
35 5 0.004702
35 10 0.016244
35 15 0.037041
35 20 0.073634
35 25 0.130743
35 30 0.191450
35 35 0.245679
35 40 0.275633
35 45 0.266080
35 50 0.216336
35 55 0.145153
35 60 0.081244
35 65 0.035337
35 70 0.008410
35 75 0.001868
35 80 0.000184
35 85 0.000000
35 90 0.000000
35 95 0.000000
35 100 0.000000
35 105 0.000000
35 110 0.000000
35 115 0.000000
35 120 0.000000
35 125 0.000000
35 130 0.000000
35 135 0.000000
35 140 0.000000
35 145 0.000000
35 150 0.000000
35 155 0.000000
35 160 0.000000
35 165 0.000000
35 170 0.000000
35 175 0.000090
40 -180 0.010233
40 -175 0.030459
40 -170 0.071152
40 -165 0.139842
40 -160 0.244445
40 -155 0.406455
40 -150 0.629005
40 -145 0.899768
40 -140 1.167940
40 -135 1.345853
40 -130 1.355598
40 -125 1.174815
40 -120 0.866437
40 -115 0.537480
40 -110 0.270533
40 -105 0.107411
40 -100 0.030934
40 -95 0.006157
40 -90 0.002126
40 -85 0.000296
40 -80 0.000000
40 -75 0.000000
40 -70 0.000000
40 -65 0.000000
40 -60 0.000000
40 -55 0.000000
40 -50 0.000000
40 -45 0.000089
40 -40 0.000277
40 -35 0.000551
40 -30 0.000865
40 -25 0.002090
40 -20 0.003993
40 -15 0.006747
40 -10 0.010430
40 -5 0.015047
40 0 0.020759
40 5 0.038698
40 10 0.089787
40 15 0.178879
40 20 0.312900
40 25 0.485750
40 30 0.641905
40 35 0.742733
40 40 0.757127
40 45 0.677457
40 50 0.522810
40 55 0.340642
40 60 0.189144
40 65 0.085262
40 70 0.024663
40 75 0.006441
40 80 0.000992
40 85 0.000000
40 90 0.000000
40 95 0.000000
40 100 0.000000
40 105 0.000000
40 110 0.000000
40 115 0.000000
40 120 0.000000
40 125 0.000000
40 130 0.000000
40 135 0.000000
40 140 0.000000
40 145 0.000000
40 150 0.000000
40 155 0.000002
40 160 0.000078
40 165 0.000186
40 170 0.000702
40 175 0.002624
45 -180 0.065472
45 -175 0.123677
45 -170 0.217350
45 -165 0.357652
45 -160 0.549785
45 -155 0.829010
45 -150 1.205440
45 -145 1.649225
45 -140 2.083368
45 -135 2.358505
45 -130 2.350053
45 -125 2.028585
45 -120 1.499995
45 -115 0.943168
45 -110 0.488420
45 -105 0.203652
45 -100 0.068324
45 -95 0.016602
45 -90 0.005385
45 -85 0.001085
45 -80 0.000000
45 -75 0.000000
45 -70 0.000000
45 -65 0.000000
45 -60 0.000000
45 -55 0.000000
45 -50 0.000000
45 -45 0.000567
45 -40 0.001770
45 -35 0.003524
45 -30 0.005534
45 -25 0.009401
45 -20 0.014978
45 -15 0.024120
45 -10 0.039743
45 -5 0.067687
45 0 0.110605
45 5 0.197775
45 10 0.370157
45 15 0.630895
45 20 0.969723
45 25 1.341803
45 30 1.623570
45 35 1.734667
45 40 1.643502
45 45 1.383640
45 50 1.020698
45 55 0.647885
45 60 0.356932
45 65 0.164667
45 70 0.053611
45 75 0.015270
45 80 0.002630
45 85 0.000000
45 90 0.000000
45 95 0.000000
45 100 0.000000
45 105 0.000000
45 110 0.000000
45 115 0.000000
45 120 0.000000
45 125 0.000000
45 130 0.000000
45 135 0.000000
45 140 0.000000
45 145 0.000000
45 150 0.000000
45 155 0.000613
45 160 0.002963
45 165 0.007508
45 170 0.016325
45 175 0.033006
50 -180 0.206260
50 -175 0.348952
50 -170 0.546113
50 -165 0.800145
50 -160 1.099482
50 -155 1.486945
50 -150 1.988590
50 -145 2.567050
50 -140 3.138050
50 -135 3.493875
50 -130 3.458900
50 -125 2.988275
50 -120 2.225397
50 -115 1.421030
50 -110 0.757110
50 -105 0.330665
50 -100 0.124288
50 -95 0.036568
50 -90 0.013268
50 -85 0.004146
50 -80 0.000906
50 -75 0.000200
50 -70 0.000000
50 -65 0.000000
50 -60 0.000000
50 -55 0.000341
50 -50 0.000950
50 -45 0.003092
50 -40 0.006710
50 -35 0.011135
50 -30 0.015673
50 -25 0.023661
50 -20 0.039953
50 -15 0.077471
50 -10 0.153980
50 -5 0.294285
50 0 0.510053
50 5 0.843183
50 10 1.333133
50 15 1.944255
50 20 2.605925
50 25 3.195725
50 30 3.512525
50 35 3.455550
50 40 3.042325
50 45 2.403220
50 50 1.686338
50 55 1.035985
50 60 0.562427
50 65 0.262435
50 70 0.092630
50 75 0.028203
50 80 0.005331
50 85 0.000007
50 90 0.000000
50 95 0.000000
50 100 0.000000
50 105 0.000000
50 110 0.000000
50 115 0.000000
50 120 0.000000
50 125 0.000000
50 130 0.000000
50 135 0.000000
50 140 0.000082
50 145 0.000909
50 150 0.002207
50 155 0.006155
50 160 0.015144
50 165 0.031128
50 170 0.061077
50 175 0.114163
55 -180 0.518450
55 -175 0.796573
55 -170 1.139042
55 -165 1.521400
55 -160 1.901547
55 -155 2.322172
55 -150 2.838275
55 -145 3.428525
55 -140 4.033500
55 -135 4.412875
55 -130 4.349500
55 -125 3.774050
55 -120 2.842100
55 -115 1.848155
55 -110 1.013527
55 -105 0.462325
55 -100 0.188393
55 -95 0.062625
55 -90 0.024997
55 -85 0.010886
55 -80 0.005388
55 -75 0.003973
55 -70 0.003136
55 -65 0.002237
55 -60 0.001639
55 -55 0.002576
55 -50 0.004818
55 -45 0.010748
55 -40 0.019074
55 -35 0.028168
55 -30 0.038101
55 -25 0.061057
55 -20 0.121281
55 -15 0.265158
55 -10 0.549737
55 -5 1.028115
55 0 1.705490
55 5 2.588550
55 10 3.643400
55 15 4.732450
55 20 5.685625
55 25 6.308025
55 30 6.372525
55 35 5.827525
55 40 4.809125
55 45 3.587025
55 50 2.401908
55 55 1.429558
55 60 0.764065
55 65 0.359547
55 70 0.134797
55 75 0.043251
55 80 0.008747
55 85 0.000025
55 90 0.000000
55 95 0.000000
55 100 0.000000
55 105 0.000000
55 110 0.000000
55 115 0.000000
55 120 0.000000
55 125 0.000000
55 130 0.000000
55 135 0.000000
55 140 0.000657
55 145 0.005534
55 150 0.014900
55 155 0.033422
55 160 0.066007
55 165 0.115002
55 170 0.193974
55 175 0.320062
60 -180 1.097605
60 -175 1.539913
60 -170 2.027027
60 -165 2.498465
60 -160 2.877725
60 -155 3.200050
60 -150 3.561350
60 -145 3.985300
60 -140 4.471800
60 -135 4.787175
60 -130 4.696450
60 -125 4.100975
60 -120 3.131500
60 -115 2.078877
60 -110 1.176015
60 -105 0.561775
60 -100 0.246871
60 -95 0.092287
60 -90 0.041069
60 -85 0.022677
60 -80 0.016215
60 -75 0.016022
60 -70 0.017117
60 -65 0.017122
60 -60 0.016932
60 -55 0.018545
60 -50 0.021533
60 -45 0.030591
60 -40 0.044172
60 -35 0.061298
60 -30 0.092352
60 -25 0.179201
60 -20 0.401610
60 -15 0.862765
60 -10 1.672080
60 -5 2.880000
60 0 4.412175
60 5 6.147500
60 10 7.893625
60 15 9.370600
60 20 10.320050
60 25 10.534700
60 30 9.877725
60 35 8.447400
60 40 6.561475
60 45 4.633850
60 50 2.962350
60 55 1.707518
60 60 0.899378
60 65 0.426600
60 70 0.169075
60 75 0.058265
60 80 0.013534
60 85 0.001149
60 90 0.000851
60 95 0.001289
60 100 0.001535
60 105 0.001438
60 110 0.001063
60 115 0.000620
60 120 0.000298
60 125 0.000694
60 130 0.002180
60 135 0.005272
60 140 0.011608
60 145 0.030200
60 150 0.062917
60 155 0.117719
60 160 0.205375
60 165 0.327577
60 170 0.502053
60 175 0.748960
65 -180 1.960885
65 -175 2.544050
65 -170 3.117500
65 -165 3.587050
65 -160 3.850825
65 -155 3.938125
65 -150 3.990850
65 -145 4.099025
65 -140 4.334600
65 -135 4.502925
65 -130 4.379850
65 -125 3.844025
65 -120 2.975375
65 -115 2.015855
65 -110 1.176660
65 -105 0.590590
65 -100 0.280905
65 -95 0.119935
65 -90 0.061087
65 -85 0.040286
65 -80 0.034581
65 -75 0.037917
65 -70 0.043791
65 -65 0.047828
65 -60 0.050687
65 -55 0.055496
65 -50 0.061072
65 -45 0.075132
65 -40 0.097971
65 -35 0.140582
65 -30 0.242728
65 -25 0.515922
65 -20 1.125475
65 -15 2.235502
65 -10 3.989150
65 -5 6.354000
65 0 9.076750
65 5 11.806600
65 10 14.126975
65 15 15.614350
65 20 15.991400
65 25 15.177950
65 30 13.285525
65 35 10.656075
65 40 7.808425
65 45 5.231775
65 50 3.198000
65 55 1.785778
65 60 0.927478
65 65 0.441885
65 70 0.183081
65 75 0.067739
65 80 0.018762
65 85 0.004867
65 90 0.005362
65 95 0.007801
65 100 0.009303
65 105 0.009380
65 110 0.008120
65 115 0.006105
65 120 0.004206
65 125 0.005816
65 130 0.012421
65 135 0.027440
65 140 0.053326
65 145 0.107751
65 150 0.193714
65 155 0.322958
65 160 0.510685
65 165 0.753628
65 170 1.064183
65 175 1.457740
70 -180 3.044075
70 -175 3.682000
70 -170 4.222950
70 -165 4.562775
70 -160 4.603525
70 -155 4.377550
70 -150 4.063575
70 -145 3.810625
70 -140 3.743475
70 -135 3.720400
70 -130 3.552650
70 -125 3.114850
70 -120 2.433428
70 -115 1.677295
70 -110 1.009118
70 -105 0.533983
70 -100 0.276097
70 -95 0.134749
70 -90 0.078437
70 -85 0.060407
70 -80 0.061352
70 -75 0.074618
70 -70 0.092005
70 -65 0.105332
70 -60 0.114301
70 -55 0.123181
70 -50 0.132099
70 -45 0.152979
70 -40 0.196803
70 -35 0.306225
70 -30 0.578163
70 -25 1.231058
70 -20 2.531550
70 -15 4.670150
70 -10 7.750275
70 -5 11.535350
70 0 15.483350
70 5 18.958400
70 10 21.345625
70 15 22.185625
70 20 21.327500
70 25 18.973125
70 30 15.586250
70 35 11.757675
70 40 8.139650
70 45 5.182525
70 50 3.035450
70 55 1.648232
70 60 0.849860
70 65 0.410005
70 70 0.179033
70 75 0.073355
70 80 0.026850
70 85 0.014252
70 90 0.016229
70 95 0.021236
70 100 0.023783
70 105 0.024085
70 110 0.022290
70 115 0.019698
70 120 0.018486
70 125 0.027424
70 130 0.051428
70 135 0.100706
70 140 0.177032
70 145 0.306302
70 150 0.487315
70 155 0.729882
70 160 1.052285
70 165 1.444497
70 170 1.904437
70 175 2.433650
75 -180 4.181350
75 -175 4.740175
75 -170 5.108025
75 -165 5.206500
75 -160 4.968400
75 -155 4.439350
75 -150 3.811500
75 -145 3.263700
75 -140 2.937700
75 -135 2.738525
75 -130 2.527300
75 -125 2.192178
75 -120 1.718220
75 -115 1.202585
75 -110 0.748735
75 -105 0.423475
75 -100 0.241916
75 -95 0.136323
75 -90 0.089738
75 -85 0.077359
75 -80 0.087312
75 -75 0.113755
75 -70 0.146606
75 -65 0.174345
75 -60 0.194202
75 -55 0.210753
75 -50 0.226978
75 -45 0.260988
75 -40 0.353612
75 -35 0.608567
75 -30 1.206862
75 -25 2.491853
75 -20 4.786775
75 -15 8.216050
75 -10 12.727675
75 -5 17.777875
75 0 22.506975
75 5 26.057250
75 10 27.756500
75 15 27.275750
75 20 24.734400
75 25 20.718025
75 30 16.025200
75 35 11.389550
75 40 7.460825
75 45 4.530250
75 50 2.557375
75 55 1.361573
75 60 0.705703
75 65 0.349872
75 70 0.162600
75 75 0.076197
75 80 0.038091
75 85 0.030091
75 90 0.035133
75 95 0.043899
75 100 0.048146
75 105 0.049551
75 110 0.047903
75 115 0.046211
75 120 0.048292
75 125 0.071426
75 130 0.126202
75 135 0.235296
75 140 0.399335
75 145 0.650175
75 150 0.972465
75 155 1.366943
75 160 1.844940
75 165 2.385905
75 170 2.966200
75 175 3.567100
80 -180 5.096050
80 -175 5.464575
80 -170 5.573525
80 -165 5.391975
80 -160 4.896625
80 -155 4.151625
80 -150 3.337400
80 -145 2.627625
80 -140 2.146140
80 -135 1.832283
80 -130 1.594917
80 -125 1.346457
80 -120 1.049247
80 -115 0.745517
80 -110 0.485553
80 -105 0.301165
80 -100 0.194874
80 -95 0.128284
80 -90 0.095856
80 -85 0.091130
80 -80 0.109777
80 -75 0.148436
80 -70 0.195854
80 -65 0.239247
80 -60 0.272062
80 -55 0.299268
80 -50 0.329087
80 -45 0.388948
80 -40 0.567582
80 -35 1.054105
80 -30 2.118745
80 -25 4.200375
80 -20 7.587475
80 -15 12.233000
80 -10 17.827125
80 -5 23.508050
80 0 28.196750
80 5 30.990000
80 10 31.352250
80 15 29.238250
80 20 25.096000
80 25 19.855650
80 30 14.495100
80 35 9.720625
80 40 6.036725
80 45 3.513900
80 50 1.930030
80 55 1.021710
80 60 0.542185
80 65 0.282278
80 70 0.141862
80 75 0.079241
80 80 0.054219
80 85 0.054706
80 90 0.064965
80 95 0.077259
80 100 0.082591
80 105 0.087174
80 110 0.090351
80 115 0.098735
80 120 0.116737
80 125 0.168139
80 130 0.269240
80 135 0.459075
80 140 0.737598
80 145 1.136647
80 150 1.617358
80 155 2.163435
80 160 2.766350
80 165 3.396575
80 170 4.014875
80 175 4.590000
85 -180 5.559275
85 -175 5.683150
85 -170 5.528375
85 -165 5.113100
85 -160 4.449350
85 -155 3.617550
85 -150 2.769100
85 -145 2.044550
85 -140 1.530957
85 -135 1.185658
85 -130 0.952767
85 -125 0.769012
85 -120 0.590530
85 -115 0.428657
85 -110 0.297853
85 -105 0.206800
85 -100 0.151359
85 -95 0.112963
85 -90 0.092783
85 -85 0.094674
85 -80 0.118377
85 -75 0.163167
85 -70 0.218083
85 -65 0.272068
85 -60 0.315507
85 -55 0.355013
85 -50 0.407545
85 -45 0.514220
85 -40 0.824475
85 -35 1.613907
85 -30 3.210650
85 -25 6.068575
85 -20 10.325925
85 -15 15.700300
85 -10 21.608475
85 -5 26.997500
85 0 30.790000
85 5 32.244250
85 10 31.095750
85 15 27.612500
85 20 22.491450
85 25 16.843050
85 30 11.614250
85 35 7.352400
85 40 4.341275
85 45 2.445545
85 50 1.331080
85 55 0.719228
85 60 0.401335
85 65 0.224974
85 70 0.124921
85 75 0.085509
85 80 0.074948
85 85 0.084681
85 90 0.099186
85 95 0.111937
85 100 0.116464
85 105 0.125519
85 110 0.137515
85 115 0.163752
85 120 0.207168
85 125 0.296808
85 130 0.453910
85 135 0.734490
85 140 1.139778
85 145 1.692740
85 150 2.321122
85 155 2.984775
85 160 3.642675
85 165 4.262400
85 170 4.806100
85 175 5.248850
90 -180 5.493300
90 -175 5.407250
90 -170 5.067675
90 -165 4.520525
90 -160 3.796925
90 -155 2.985550
90 -150 2.205633
90 -145 1.558667
90 -140 1.094777
90 -135 0.777925
90 -130 0.572878
90 -125 0.435075
90 -120 0.326565
90 -115 0.244689
90 -110 0.186188
90 -105 0.147139
90 -100 0.119929
90 -95 0.098674
90 -90 0.086729
90 -85 0.091636
90 -80 0.113536
90 -75 0.154142
90 -70 0.204552
90 -65 0.258733
90 -60 0.306685
90 -55 0.358882
90 -50 0.441138
90 -45 0.612308
90 -40 1.075832
90 -35 2.165882
90 -30 4.210375
90 -25 7.582100
90 -20 12.198450
90 -15 17.562150
90 -10 22.910075
90 -5 27.212000
90 0 29.615750
90 5 29.673500
90 10 27.392250
90 15 23.251700
90 20 18.030075
90 25 12.813750
90 30 8.357925
90 35 5.004600
90 40 2.829200
90 45 1.568250
90 50 0.868880
90 55 0.494773
90 60 0.296815
90 65 0.182381
90 70 0.112819
90 75 0.092204
90 80 0.094274
90 85 0.112288
90 90 0.130823
90 95 0.143592
90 100 0.148561
90 105 0.164831
90 110 0.189830
90 115 0.240249
90 120 0.315305
90 125 0.443587
90 130 0.648243
90 135 0.997475
90 140 1.497212
90 145 2.159698
90 150 2.881850
90 155 3.597700
90 160 4.229750
90 165 4.747625
90 170 5.134700
90 175 5.389900
95 -180 4.955675
95 -175 4.735450
95 -170 4.310800
95 -165 3.734375
95 -160 3.042325
95 -155 2.324318
95 -150 1.672660
95 -145 1.152767
95 -140 0.785417
95 -135 0.535452
95 -130 0.377532
95 -125 0.279842
95 -120 0.212339
95 -115 0.168987
95 -110 0.140532
95 -105 0.120182
95 -100 0.101843
95 -95 0.086569
95 -90 0.078394
95 -85 0.082964
95 -80 0.097616
95 -75 0.125953
95 -70 0.162087
95 -65 0.206716
95 -60 0.251900
95 -55 0.314238
95 -50 0.426117
95 -45 0.665862
95 -40 1.264118
95 -35 2.557850
95 -30 4.809675
95 -25 8.245700
95 -20 12.582450
95 -15 17.219000
95 -10 21.381800
95 -5 24.254125
95 0 25.310000
95 5 24.384075
95 10 21.650125
95 15 17.642075
95 20 13.063675
95 25 8.828250
95 30 5.446500
95 35 3.088100
95 40 1.687937
95 45 0.944280
95 50 0.552390
95 55 0.343932
95 60 0.225545
95 65 0.152661
95 70 0.104874
95 75 0.097479
95 80 0.108963
95 85 0.133143
95 90 0.155531
95 95 0.170189
95 100 0.178834
95 105 0.204328
95 110 0.243225
95 115 0.318427
95 120 0.423080
95 125 0.581233
95 130 0.814780
95 135 1.193900
95 140 1.731055
95 145 2.426308
95 150 3.158400
95 155 3.843150
95 160 4.376875
95 165 4.738675
95 170 4.941475
95 175 5.014850
100 -180 4.159550
100 -175 3.898200
100 -170 3.482600
100 -165 2.955775
100 -160 2.350285
100 -155 1.750605
100 -150 1.229947
100 -145 0.831585
100 -140 0.561183
100 -135 0.382987
100 -130 0.273923
100 -125 0.209076
100 -120 0.165394
100 -115 0.138744
100 -110 0.121779
100 -105 0.107490
100 -100 0.091978
100 -95 0.078155
100 -90 0.069764
100 -85 0.070114
100 -80 0.074804
100 -75 0.088342
100 -70 0.107764
100 -65 0.138653
100 -60 0.175879
100 -55 0.243808
100 -50 0.378260
100 -45 0.672022
100 -40 1.344538
100 -35 2.678500
100 -30 4.830875
100 -25 7.877075
100 -20 11.429475
100 -15 14.922450
100 -10 17.721300
100 -5 19.302025
100 0 19.428600
100 5 18.117525
100 10 15.583425
100 15 12.287300
100 20 8.764275
100 25 5.683900
100 30 3.343575
100 35 1.811575
100 40 0.971562
100 45 0.558063
100 50 0.348268
100 55 0.236767
100 60 0.168053
100 65 0.123294
100 70 0.093315
100 75 0.094957
100 80 0.111882
100 85 0.139054
100 90 0.164471
100 95 0.184055
100 100 0.200855
100 105 0.236009
100 110 0.285450
100 115 0.375972
100 120 0.495372
100 125 0.664580
100 130 0.903367
100 135 1.274580
100 140 1.793860
100 145 2.449912
100 150 3.117350
100 155 3.706075
100 160 4.104925
100 165 4.309500
100 170 4.357225
100 175 4.303200
105 -180 3.320450
105 -175 3.084550
105 -170 2.732825
105 -165 2.290555
105 -160 1.786765
105 -155 1.298145
105 -150 0.887118
105 -145 0.584993
105 -140 0.392367
105 -135 0.272653
105 -130 0.202093
105 -125 0.160712
105 -120 0.132078
105 -115 0.113891
105 -110 0.103176
105 -105 0.093279
105 -100 0.080628
105 -95 0.067742
105 -90 0.058064
105 -85 0.053772
105 -80 0.050473
105 -75 0.052613
105 -70 0.058605
105 -65 0.075703
105 -60 0.102021
105 -55 0.169627
105 -50 0.313798
105 -45 0.630587
105 -40 1.295257
105 -35 2.501000
105 -30 4.300325
105 -25 6.661650
105 -20 9.206350
105 -15 11.506950
105 -10 13.137750
105 -5 13.836875
105 0 13.547625
105 5 12.346650
105 10 10.401450
105 15 8.037050
105 20 5.606750
105 25 3.555150
105 30 2.038772
105 35 1.087880
105 40 0.594245
105 45 0.358912
105 50 0.239472
105 55 0.173158
105 60 0.127867
105 65 0.096827
105 70 0.076850
105 75 0.081782
105 80 0.100392
105 85 0.129365
105 90 0.159557
105 95 0.189185
105 100 0.219084
105 105 0.263090
105 110 0.316880
105 115 0.408413
105 120 0.523672
105 125 0.683472
105 130 0.906653
105 135 1.241663
105 140 1.700585
105 145 2.265495
105 150 2.820850
105 155 3.282450
105 160 3.552150
105 165 3.640050
105 170 3.594050
105 175 3.479975
110 -180 2.600300
110 -175 2.412708
110 -170 2.134907
110 -165 1.777975
110 -160 1.368470
110 -155 0.973475
110 -150 0.647605
110 -145 0.414250
110 -140 0.275130
110 -135 0.195744
110 -130 0.152710
110 -125 0.127683
110 -120 0.108426
110 -115 0.093796
110 -110 0.085040
110 -105 0.076952
110 -100 0.065923
110 -95 0.054289
110 -90 0.044595
110 -85 0.038951
110 -80 0.033983
110 -75 0.032297
110 -70 0.032026
110 -65 0.038464
110 -60 0.052949
110 -55 0.111273
110 -50 0.245097
110 -45 0.540870
110 -40 1.119855
110 -35 2.082640
110 -30 3.413400
110 -25 5.032025
110 -20 6.651175
110 -15 8.007500
110 -10 8.863975
110 -5 9.122775
110 0 8.781825
110 5 7.898125
110 10 6.579175
110 15 5.035000
110 20 3.489525
110 25 2.213532
110 30 1.282298
110 35 0.711547
110 40 0.417780
110 45 0.271545
110 50 0.190813
110 55 0.141234
110 60 0.104209
110 65 0.077101
110 70 0.059791
110 75 0.063213
110 80 0.079912
110 85 0.109716
110 90 0.145519
110 95 0.186574
110 100 0.229466
110 105 0.279075
110 110 0.332795
110 115 0.417222
110 120 0.519855
110 125 0.662095
110 130 0.860842
110 135 1.147998
110 140 1.528582
110 145 1.982763
110 150 2.413843
110 155 2.750900
110 160 2.921175
110 165 2.942775
110 170 2.861850
110 175 2.739100
115 -180 2.066958
115 -175 1.913755
115 -170 1.692187
115 -165 1.405380
115 -160 1.074575
115 -155 0.755987
115 -150 0.496152
115 -145 0.311923
115 -140 0.206510
115 -135 0.151951
115 -130 0.126093
115 -125 0.109903
115 -120 0.094703
115 -115 0.079704
115 -110 0.068972
115 -105 0.060223
115 -100 0.050466
115 -95 0.042203
115 -90 0.035550
115 -85 0.032361
115 -80 0.029712
115 -75 0.027809
115 -70 0.023907
115 -65 0.022284
115 -60 0.026968
115 -55 0.071822
115 -50 0.182093
115 -45 0.424162
115 -40 0.871348
115 -35 1.557292
115 -30 2.442087
115 -25 3.448175
115 -20 4.394675
115 -15 5.147575
115 -10 5.591750
115 -5 5.696825
115 0 5.454600
115 5 4.884650
115 10 4.055750
115 15 3.097925
115 20 2.156770
115 25 1.394600
115 30 0.845045
115 35 0.515852
115 40 0.344158
115 45 0.247829
115 50 0.182526
115 55 0.131964
115 60 0.091455
115 65 0.060903
115 70 0.041653
115 75 0.042445
115 80 0.056099
115 85 0.085733
115 90 0.125561
115 95 0.174279
115 100 0.225198
115 105 0.275665
115 110 0.325815
115 115 0.398490
115 120 0.486225
115 125 0.609803
115 130 0.781327
115 135 1.018812
115 140 1.318937
115 145 1.664530
115 150 1.984645
115 155 2.228830
115 160 2.349810
115 165 2.359570
115 170 2.289575
115 175 2.184325
120 -180 1.717632
120 -175 1.585032
120 -170 1.403165
120 -165 1.171480
120 -160 0.906057
120 -155 0.648123
120 -150 0.435460
120 -145 0.279792
120 -140 0.184294
120 -135 0.135183
120 -130 0.112725
120 -125 0.097267
120 -120 0.082293
120 -115 0.065324
120 -110 0.051474
120 -105 0.041127
120 -100 0.032611
120 -95 0.029809
120 -90 0.030068
120 -85 0.034236
120 -80 0.038935
120 -75 0.040685
120 -70 0.036042
120 -65 0.028861
120 -60 0.025779
120 -55 0.054868
120 -50 0.135013
120 -45 0.309940
120 -40 0.618823
120 -35 1.061233
120 -30 1.602768
120 -25 2.188347
120 -20 2.722600
120 -15 3.149200
120 -10 3.408175
120 -5 3.479175
120 0 3.335625
120 5 2.973350
120 10 2.448200
120 15 1.853895
120 20 1.295190
120 25 0.865733
120 30 0.569825
120 35 0.404803
120 40 0.316450
120 45 0.251543
120 50 0.190685
120 55 0.132655
120 60 0.083944
120 65 0.048272
120 70 0.026532
120 75 0.026355
120 80 0.037603
120 85 0.065697
120 90 0.105192
120 95 0.153230
120 100 0.202309
120 105 0.247316
120 110 0.292798
120 115 0.355215
120 120 0.433405
120 125 0.544345
120 130 0.691740
120 135 0.884685
120 140 1.114785
120 145 1.370095
120 150 1.606905
120 155 1.792440
120 160 1.900552
120 165 1.928975
120 170 1.891860
120 175 1.817063
125 -180 1.535092
125 -175 1.409552
125 -170 1.250050
125 -165 1.056205
125 -160 0.839080
125 -155 0.624740
125 -150 0.441783
125 -145 0.298713
125 -140 0.198663
125 -135 0.141722
125 -130 0.112845
125 -125 0.091985
125 -120 0.074105
125 -115 0.054723
125 -110 0.038041
125 -105 0.025722
125 -100 0.018035
125 -95 0.020680
125 -90 0.028326
125 -85 0.041062
125 -80 0.053704
125 -75 0.058986
125 -70 0.053112
125 -65 0.041421
125 -60 0.034002
125 -55 0.051913
125 -50 0.107494
125 -45 0.225019
125 -40 0.424132
125 -35 0.697228
125 -30 1.027530
125 -25 1.384125
125 -20 1.714747
125 -15 1.988355
125 -10 2.158615
125 -5 2.201198
125 0 2.093770
125 5 1.835080
125 10 1.479802
125 15 1.099390
125 20 0.767195
125 25 0.536238
125 30 0.392760
125 35 0.327283
125 40 0.292038
125 45 0.248284
125 50 0.190592
125 55 0.127784
125 60 0.074159
125 65 0.036857
125 70 0.015087
125 75 0.016226
125 80 0.026387
125 85 0.051889
125 90 0.087513
125 95 0.128700
125 100 0.168104
125 105 0.201607
125 110 0.238623
125 115 0.289345
125 120 0.359102
125 125 0.460430
125 130 0.588352
125 135 0.746860
125 140 0.925970
125 145 1.120293
125 150 1.309485
125 155 1.473123
125 160 1.597120
125 165 1.662240
125 170 1.667010
125 175 1.623275
130 -180 1.461485
130 -175 1.346760
130 -170 1.202885
130 -165 1.033790
130 -160 0.850585
130 -155 0.664387
130 -150 0.496937
130 -145 0.354320
130 -140 0.238398
130 -135 0.162395
130 -130 0.116886
130 -125 0.085543
130 -120 0.062970
130 -115 0.042908
130 -110 0.027012
130 -105 0.015572
130 -100 0.010212
130 -95 0.017598
130 -90 0.031278
130 -85 0.050483
130 -80 0.068232
130 -75 0.074869
130 -70 0.067385
130 -65 0.053601
130 -60 0.047024
130 -55 0.062098
130 -50 0.104434
130 -45 0.183775
130 -40 0.306403
130 -35 0.470592
130 -30 0.676327
130 -25 0.910660
130 -20 1.140473
130 -15 1.334523
130 -10 1.447027
130 -5 1.452680
130 0 1.345820
130 5 1.139763
130 10 0.885325
130 15 0.636938
130 20 0.440667
130 25 0.323315
130 30 0.264732
130 35 0.252503
130 40 0.247020
130 45 0.218354
130 50 0.168204
130 55 0.109665
130 60 0.059322
130 65 0.025950
130 70 0.007194
130 75 0.010318
130 80 0.020395
130 85 0.043097
130 90 0.073548
130 95 0.105413
130 100 0.131941
130 105 0.152362
130 110 0.179495
130 115 0.219978
130 120 0.283580
130 125 0.376255
130 130 0.487020
130 135 0.616672
130 140 0.757167
130 145 0.908430
130 150 1.069560
130 155 1.227565
130 160 1.375347
130 165 1.481070
130 170 1.532593
130 175 1.528698
135 -180 1.440595
135 -175 1.335147
135 -170 1.200300
135 -165 1.047160
135 -160 0.889547
135 -155 0.725045
135 -150 0.567723
135 -145 0.420802
135 -140 0.284782
135 -135 0.184490
135 -130 0.117473
135 -125 0.074072
135 -120 0.047274
135 -115 0.028457
135 -110 0.015925
135 -105 0.007114
135 -100 0.004415
135 -95 0.014037
135 -90 0.030205
135 -85 0.051973
135 -80 0.072206
135 -75 0.080590
135 -70 0.075216
135 -65 0.064244
135 -60 0.062479
135 -55 0.079681
135 -50 0.117512
135 -45 0.177558
135 -40 0.257295
135 -35 0.358520
135 -30 0.488648
135 -25 0.644282
135 -20 0.802610
135 -15 0.932038
135 -10 0.994055
135 -5 0.968550
135 0 0.863368
135 5 0.700095
135 10 0.520690
135 15 0.363910
135 20 0.252610
135 25 0.196485
135 30 0.176465
135 35 0.181729
135 40 0.184967
135 45 0.164608
135 50 0.125889
135 55 0.080165
135 60 0.040906
135 65 0.016317
135 70 0.003268
135 75 0.008401
135 80 0.018734
135 85 0.037992
135 90 0.061994
135 95 0.083722
135 100 0.097227
135 105 0.104611
135 110 0.119250
135 115 0.147511
135 120 0.201623
135 125 0.285162
135 130 0.386605
135 135 0.503413
135 140 0.629543
135 145 0.762252
135 150 0.910983
135 155 1.068342
135 160 1.232410
135 165 1.368038
135 170 1.455610
135 175 1.486317
140 -180 1.482675
140 -175 1.390777
140 -170 1.263335
140 -165 1.116255
140 -160 0.966280
140 -155 0.803960
140 -150 0.641800
140 -145 0.482323
140 -140 0.326470
140 -135 0.203710
140 -130 0.117147
140 -125 0.063444
140 -120 0.033367
140 -115 0.016812
140 -110 0.008808
140 -105 0.003331
140 -100 0.002576
140 -95 0.011135
140 -90 0.025759
140 -85 0.046065
140 -80 0.066979
140 -75 0.078881
140 -70 0.080159
140 -65 0.075840
140 -60 0.079987
140 -55 0.099617
140 -50 0.135552
140 -45 0.186492
140 -40 0.243139
140 -35 0.306470
140 -30 0.386930
140 -25 0.485880
140 -20 0.590923
140 -15 0.672095
140 -10 0.699497
140 -5 0.657083
140 0 0.559115
140 5 0.432252
140 10 0.308580
140 15 0.212684
140 20 0.151862
140 25 0.123781
140 30 0.114663
140 35 0.117278
140 40 0.117625
140 45 0.102199
140 50 0.076504
140 55 0.047149
140 60 0.022321
140 65 0.007752
140 70 0.000550
140 75 0.006512
140 80 0.016546
140 85 0.032781
140 90 0.051718
140 95 0.066335
140 100 0.071142
140 105 0.068953
140 110 0.071486
140 115 0.086154
140 120 0.126917
140 125 0.198563
140 130 0.292967
140 135 0.404897
140 140 0.530433
140 145 0.661695
140 150 0.812683
140 155 0.979662
140 160 1.163347
140 165 1.326705
140 170 1.444650
140 175 1.504663
145 -180 1.535458
145 -175 1.460285
145 -170 1.340720
145 -165 1.193728
145 -160 1.036665
145 -155 0.861408
145 -150 0.686475
145 -145 0.514555
145 -140 0.346675
145 -135 0.210576
145 -130 0.112551
145 -125 0.053010
145 -120 0.021043
145 -115 0.007507
145 -110 0.003751
145 -105 0.001327
145 -100 0.001657
145 -95 0.007735
145 -90 0.019606
145 -85 0.037879
145 -80 0.060702
145 -75 0.079287
145 -70 0.090585
145 -65 0.093717
145 -60 0.100084
145 -55 0.115703
145 -50 0.143760
145 -45 0.184564
145 -40 0.225977
145 -35 0.263898
145 -30 0.309358
145 -25 0.363375
145 -20 0.424000
145 -15 0.467365
145 -10 0.474120
145 -5 0.432083
145 0 0.353652
145 5 0.262985
145 10 0.182548
145 15 0.125342
145 20 0.093318
145 25 0.077340
145 30 0.070035
145 35 0.067468
145 40 0.064323
145 45 0.053358
145 50 0.039128
145 55 0.023693
145 60 0.010726
145 65 0.003471
145 70 0.000000
145 75 0.005342
145 80 0.014578
145 85 0.028841
145 90 0.045585
145 95 0.057792
145 100 0.060046
145 105 0.054191
145 110 0.048645
145 115 0.052264
145 120 0.079272
145 125 0.137535
145 130 0.223885
145 135 0.331492
145 140 0.459487
145 145 0.594555
145 150 0.751250
145 155 0.927805
145 160 1.126553
145 165 1.309883
145 170 1.450073
145 175 1.533410
150 -180 1.587790
150 -175 1.535960
150 -170 1.429728
150 -165 1.281345
150 -160 1.104928
150 -155 0.903555
150 -150 0.706677
150 -145 0.521218
150 -140 0.348233
150 -135 0.208834
150 -130 0.109128
150 -125 0.048595
150 -120 0.015705
150 -115 0.003988
150 -110 0.001801
150 -105 0.000564
150 -100 0.000894
150 -95 0.004680
150 -90 0.014870
150 -85 0.032869
150 -80 0.060150
150 -75 0.087769
150 -70 0.109822
150 -65 0.118770
150 -60 0.121912
150 -55 0.125227
150 -50 0.136927
150 -45 0.161213
150 -40 0.188024
150 -35 0.208758
150 -30 0.233715
150 -25 0.260672
150 -20 0.293490
150 -15 0.315192
150 -10 0.314808
150 -5 0.282510
150 0 0.226608
150 5 0.165839
150 10 0.114534
150 15 0.078018
150 20 0.058809
150 25 0.046502
150 30 0.038225
150 35 0.032177
150 40 0.027423
150 45 0.020582
150 50 0.014450
150 55 0.008620
150 60 0.003760
150 65 0.001225
150 70 0.000000
150 75 0.004071
150 80 0.011401
150 85 0.022815
150 90 0.036986
150 95 0.047658
150 100 0.050629
150 105 0.046427
150 110 0.039425
150 115 0.037722
150 120 0.053561
150 125 0.097327
150 130 0.170146
150 135 0.267537
150 140 0.394230
150 145 0.536803
150 150 0.706265
150 155 0.899502
150 160 1.114305
150 165 1.311955
150 170 1.464430
150 175 1.562423
155 -180 1.651312
155 -175 1.626430
155 -170 1.532820
155 -165 1.374625
155 -160 1.164907
155 -155 0.924375
155 -150 0.697362
155 -145 0.496912
155 -140 0.325535
155 -135 0.193013
155 -130 0.100870
155 -125 0.044564
155 -120 0.013360
155 -115 0.003487
155 -110 0.001580
155 -105 0.000589
155 -100 0.000690
155 -95 0.002730
155 -90 0.012092
155 -85 0.030637
155 -80 0.062126
155 -75 0.097172
155 -70 0.127029
155 -65 0.139055
155 -60 0.135986
155 -55 0.124424
155 -50 0.117311
155 -45 0.122756
155 -40 0.135171
155 -35 0.144006
155 -30 0.158033
155 -25 0.171026
155 -20 0.188502
155 -15 0.201139
155 -10 0.202409
155 -5 0.184161
155 0 0.150542
155 5 0.113802
155 10 0.081277
155 15 0.054127
155 20 0.038529
155 25 0.026612
155 30 0.017562
155 35 0.011527
155 40 0.007940
155 45 0.004638
155 50 0.002894
155 55 0.001689
155 60 0.000696
155 65 0.000232
155 70 0.000000
155 75 0.002538
155 80 0.007284
155 85 0.015396
155 90 0.027129
155 95 0.037606
155 100 0.044278
155 105 0.046246
155 110 0.042792
155 115 0.039594
155 120 0.045968
155 125 0.073096
155 130 0.125507
155 135 0.203378
155 140 0.318050
155 145 0.462605
155 150 0.645247
155 155 0.860272
155 160 1.098225
155 165 1.316515
155 170 1.486277
155 175 1.600758
160 -180 1.727765
160 -175 1.723155
160 -170 1.634860
160 -165 1.460955
160 -160 1.215850
160 -155 0.937380
160 -150 0.680120
160 -145 0.464837
160 -140 0.297685
160 -135 0.177671
160 -130 0.099542
160 -125 0.051826
160 -120 0.024999
160 -115 0.015028
160 -110 0.009776
160 -105 0.005439
160 -100 0.002776
160 -95 0.002342
160 -90 0.010263
160 -85 0.028389
160 -80 0.060596
160 -75 0.097608
160 -70 0.129124
160 -65 0.140635
160 -60 0.131576
160 -55 0.109242
160 -50 0.088251
160 -45 0.078726
160 -40 0.080156
160 -35 0.082902
160 -30 0.093276
160 -25 0.102582
160 -20 0.114554
160 -15 0.124769
160 -10 0.129009
160 -5 0.121696
160 0 0.104656
160 5 0.084448
160 10 0.063838
160 15 0.042345
160 20 0.027988
160 25 0.016538
160 30 0.008032
160 35 0.003513
160 40 0.001619
160 45 0.000291
160 50 0.000000
160 55 0.000000
160 60 0.000000
160 65 0.000000
160 70 0.000000
160 75 0.001462
160 80 0.004194
160 85 0.009819
160 90 0.019935
160 95 0.030789
160 100 0.041303
160 105 0.050780
160 110 0.054491
160 115 0.056219
160 120 0.060592
160 125 0.077434
160 130 0.111429
160 135 0.166412
160 140 0.260267
160 145 0.398180
160 150 0.586718
160 155 0.821192
160 160 1.083620
160 165 1.328625
160 170 1.522282
160 175 1.655482
165 -180 1.824627
165 -175 1.819937
165 -170 1.714063
165 -165 1.509420
165 -160 1.229163
165 -155 0.923895
165 -150 0.649613
165 -145 0.429812
165 -140 0.272422
165 -135 0.167489
165 -130 0.104491
165 -125 0.065427
165 -120 0.043698
165 -115 0.032167
165 -110 0.021959
165 -105 0.012674
165 -100 0.006359
165 -95 0.003335
165 -90 0.008952
165 -85 0.024537
165 -80 0.052053
165 -75 0.083576
165 -70 0.109566
165 -65 0.117615
165 -60 0.106130
165 -55 0.081963
165 -50 0.058056
165 -45 0.043147
165 -40 0.039132
165 -35 0.038899
165 -30 0.046401
165 -25 0.053952
165 -20 0.063416
165 -15 0.072992
165 -10 0.079325
165 -5 0.078844
165 0 0.072241
165 5 0.062645
165 10 0.050180
165 15 0.034017
165 20 0.021474
165 25 0.011395
165 30 0.004249
165 35 0.001213
165 40 0.000428
165 45 0.000077
165 50 0.000000
165 55 0.000000
165 60 0.000000
165 65 0.000000
165 70 0.000000
165 75 0.000664
165 80 0.001906
165 85 0.005507
165 90 0.013785
165 95 0.023996
165 100 0.036295
165 105 0.051627
165 110 0.062255
165 115 0.071971
165 120 0.080555
165 125 0.094855
165 130 0.117622
165 135 0.153804
165 140 0.223998
165 145 0.345995
165 150 0.527923
165 155 0.773850
165 160 1.061632
165 165 1.344743
165 170 1.577327
165 175 1.737463
170 -180 1.929532
170 -175 1.903685
170 -170 1.759213
170 -165 1.515840
170 -160 1.208910
170 -155 0.894793
170 -150 0.621195
170 -145 0.408677
170 -140 0.262373
170 -135 0.169592
170 -130 0.117887
170 -125 0.085562
170 -120 0.069305
170 -115 0.056432
170 -110 0.041976
170 -105 0.027980
170 -100 0.017586
170 -95 0.010963
170 -90 0.011970
170 -85 0.021741
170 -80 0.039605
170 -75 0.059920
170 -70 0.076493
170 -65 0.080521
170 -60 0.070488
170 -55 0.051939
170 -50 0.033749
170 -45 0.021419
170 -40 0.017344
170 -35 0.016895
170 -30 0.021541
170 -25 0.026054
170 -20 0.031155
170 -15 0.037015
170 -10 0.041719
170 -5 0.044126
170 0 0.044278
170 5 0.042924
170 10 0.038376
170 15 0.028936
170 20 0.019293
170 25 0.010539
170 30 0.003909
170 35 0.000885
170 40 0.000000
170 45 0.000022
170 50 0.000397
170 55 0.000925
170 60 0.001687
170 65 0.002409
170 70 0.002689
170 75 0.002449
170 80 0.001894
170 85 0.002964
170 90 0.008177
170 95 0.015773
170 100 0.026951
170 105 0.044927
170 110 0.060618
170 115 0.079383
170 120 0.096130
170 125 0.113862
170 130 0.131215
170 135 0.152286
170 140 0.198053
170 145 0.298610
170 150 0.465720
170 155 0.718202
170 160 1.032722
170 165 1.362332
170 170 1.643173
170 175 1.835910
175 -180 2.012942
175 -175 1.951905
175 -170 1.759657
175 -165 1.479113
175 -160 1.155950
175 -155 0.848825
175 -150 0.592020
175 -145 0.398002
175 -140 0.263962
175 -135 0.179290
175 -130 0.133733
175 -125 0.104676
175 -120 0.092358
175 -115 0.078954
175 -110 0.062505
175 -105 0.046087
175 -100 0.033615
175 -95 0.025163
175 -90 0.022479
175 -85 0.026078
175 -80 0.033017
175 -75 0.040301
175 -70 0.046299
175 -65 0.045779
175 -60 0.038070
175 -55 0.027332
175 -50 0.017973
175 -45 0.012395
175 -40 0.012019
175 -35 0.013206
175 -30 0.015203
175 -25 0.015410
175 -20 0.015199
175 -15 0.016312
175 -10 0.018568
175 -5 0.022917
175 0 0.027926
175 5 0.032677
175 10 0.034283
175 15 0.030060
175 20 0.022202
175 25 0.013451
175 30 0.006693
175 35 0.003351
175 40 0.002693
175 45 0.003671
175 50 0.005228
175 55 0.006537
175 60 0.008205
175 65 0.009736
175 70 0.009954
175 75 0.008308
175 80 0.005618
175 85 0.003988
175 90 0.005876
175 95 0.009903
175 100 0.017823
175 105 0.034181
175 110 0.050706
175 115 0.075530
175 120 0.100756
175 125 0.127088
175 130 0.148330
175 135 0.165856
175 140 0.197548
175 145 0.280443
175 150 0.429895
175 155 0.681692
175 160 1.013795
175 165 1.380845
175 170 1.702345
175 175 1.922605
