-180 -180 0.071757
-180 -175 0.044698
-180 -170 0.029177
-180 -165 0.016771
-180 -160 0.010440
-180 -155 0.005634
-180 -150 0.002373
-180 -145 0.000046
-180 -140 0.000000
-180 -135 0.000000
-180 -130 0.000000
-180 -125 0.000000
-180 -120 0.000000
-180 -115 0.000000
-180 -110 0.000000
-180 -105 0.000000
-180 -100 0.000000
-180 -95 0.000000
-180 -90 0.000000
-180 -85 0.000000
-180 -80 0.000000
-180 -75 0.000000
-180 -70 0.000000
-180 -65 0.000000
-180 -60 0.000000
-180 -55 0.000000
-180 -50 0.000000
-180 -45 0.000000
-180 -40 0.000000
-180 -35 0.000000
-180 -30 0.000000
-180 -25 0.000000
-180 -20 0.000000
-180 -15 0.000000
-180 -10 0.000000
-180 -5 0.000000
-180 0 0.000000
-180 5 0.000000
-180 10 0.000000
-180 15 0.000000
-180 20 0.000000
-180 25 0.000000
-180 30 0.000000
-180 35 0.000000
-180 40 0.000000
-180 45 0.000000
-180 50 0.000000
-180 55 0.000000
-180 60 0.000000
-180 65 0.000000
-180 70 0.000000
-180 75 0.001245
-180 80 0.003338
-180 85 0.006423
-180 90 0.009694
-180 95 0.011491
-180 100 0.010715
-180 105 0.010340
-180 110 0.013555
-180 115 0.023754
-180 120 0.040563
-180 125 0.060333
-180 130 0.075124
-180 135 0.083339
-180 140 0.088805
-180 145 0.094735
-180 150 0.112004
-180 155 0.134023
-180 160 0.151106
-180 165 0.152530
-180 170 0.136197
-180 175 0.105785
-175 -180 0.130883
-175 -175 0.079998
-175 -170 0.050628
-175 -165 0.028800
-175 -160 0.017586
-175 -155 0.009490
-175 -150 0.003997
-175 -145 0.000078
-175 -140 0.000000
-175 -135 0.000000
-175 -130 0.000000
-175 -125 0.000000
-175 -120 0.000000
-175 -115 0.000000
-175 -110 0.000000
-175 -105 0.000000
-175 -100 0.000000
-175 -95 0.000000
-175 -90 0.000000
-175 -85 0.000000
-175 -80 0.000000
-175 -75 0.000000
-175 -70 0.000000
-175 -65 0.000000
-175 -60 0.000000
-175 -55 0.000000
-175 -50 0.000000
-175 -45 0.000000
-175 -40 0.000000
-175 -35 0.000000
-175 -30 0.000000
-175 -25 0.000000
-175 -20 0.000000
-175 -15 0.000000
-175 -10 0.000000
-175 -5 0.000000
-175 0 0.000000
-175 5 0.000000
-175 10 0.000000
-175 15 0.000000
-175 20 0.000000
-175 25 0.000000
-175 30 0.000000
-175 35 0.000000
-175 40 0.000000
-175 45 0.000000
-175 50 0.000094
-175 55 0.000238
-175 60 0.000452
-175 65 0.000671
-175 70 0.000779
-175 75 0.003104
-175 80 0.006928
-175 85 0.012642
-175 90 0.018780
-175 95 0.022204
-175 100 0.020806
-175 105 0.018727
-175 110 0.021348
-175 115 0.034918
-175 120 0.060604
-175 125 0.093675
-175 130 0.123588
-175 135 0.147017
-175 140 0.167766
-175 145 0.188850
-175 150 0.225748
-175 155 0.266842
-175 160 0.294747
-175 165 0.291677
-175 170 0.256302
-175 175 0.195886
-170 -180 0.210124
-170 -175 0.126471
-170 -170 0.076748
-170 -165 0.042426
-170 -160 0.025021
-170 -155 0.013407
-170 -150 0.005513
-170 -145 0.000104
-170 -140 0.000000
-170 -135 0.000000
-170 -130 0.000000
-170 -125 0.000000
-170 -120 0.000000
-170 -115 0.000000
-170 -110 0.000000
-170 -105 0.000000
-170 -100 0.000000
-170 -95 0.000000
-170 -90 0.000000
-170 -85 0.000000
-170 -80 0.000000
-170 -75 0.000000
-170 -70 0.000000
-170 -65 0.000000
-170 -60 0.000000
-170 -55 0.000000
-170 -50 0.000000
-170 -45 0.000000
-170 -40 0.000000
-170 -35 0.000000
-170 -30 0.000000
-170 -25 0.000000
-170 -20 0.000000
-170 -15 0.000000
-170 -10 0.000000
-170 -5 0.000000
-170 0 0.000000
-170 5 0.000000
-170 10 0.000000
-170 15 0.000000
-170 20 0.000000
-170 25 0.000000
-170 30 0.000047
-170 35 0.000143
-170 40 0.000282
-170 45 0.000439
-170 50 0.001342
-170 55 0.002560
-170 60 0.004265
-170 65 0.005984
-170 70 0.006844
-170 75 0.009863
-170 80 0.014305
-170 85 0.021478
-170 90 0.029693
-170 95 0.034773
-170 100 0.033526
-170 105 0.030308
-170 110 0.031855
-170 115 0.046444
-170 120 0.077708
-170 125 0.122043
-170 130 0.170169
-170 135 0.217922
-170 140 0.266935
-170 145 0.317990
-170 150 0.386157
-170 155 0.453052
-170 160 0.492993
-170 165 0.481662
-170 170 0.419017
-170 175 0.317255
-165 -180 0.297812
-165 -175 0.175560
-165 -170 0.100531
-165 -165 0.052050
-165 -160 0.029297
-165 -155 0.015531
-165 -150 0.006153
-165 -145 0.000109
-165 -140 0.000000
-165 -135 0.000000
-165 -130 0.000000
-165 -125 0.000000
-165 -120 0.000000
-165 -115 0.000000
-165 -110 0.000000
-165 -105 0.000000
-165 -100 0.000000
-165 -95 0.000000
-165 -90 0.000000
-165 -85 0.000000
-165 -80 0.000000
-165 -75 0.000000
-165 -70 0.000000
-165 -65 0.000000
-165 -60 0.000000
-165 -55 0.000000
-165 -50 0.000000
-165 -45 0.000000
-165 -40 0.000000
-165 -35 0.000000
-165 -30 0.000000
-165 -25 0.000000
-165 -20 0.000000
-165 -15 0.000000
-165 -10 0.000000
-165 -5 0.000000
-165 0 0.000000
-165 5 0.000000
-165 10 0.000000
-165 15 0.000000
-165 20 0.000000
-165 25 0.000000
-165 30 0.000540
-165 35 0.001625
-165 40 0.003211
-165 45 0.005000
-165 50 0.007951
-165 55 0.010891
-165 60 0.014163
-165 65 0.017531
-165 70 0.020151
-165 75 0.024162
-165 80 0.029181
-165 85 0.036851
-165 90 0.045013
-165 95 0.049343
-165 100 0.046582
-165 105 0.041404
-165 110 0.040785
-165 115 0.053434
-165 120 0.086264
-165 125 0.138978
-165 130 0.208361
-165 135 0.289975
-165 140 0.380675
-165 145 0.475280
-165 150 0.581997
-165 155 0.673928
-165 160 0.721378
-165 165 0.697532
-165 170 0.602557
-165 175 0.453305
-160 -180 0.383895
-160 -175 0.222165
-160 -170 0.119179
-160 -165 0.056829
-160 -160 0.029593
-160 -155 0.015422
-160 -150 0.005732
-160 -145 0.000090
-160 -140 0.000000
-160 -135 0.000000
-160 -130 0.000000
-160 -125 0.000000
-160 -120 0.000000
-160 -115 0.000000
-160 -110 0.000000
-160 -105 0.000000
-160 -100 0.000000
-160 -95 0.000000
-160 -90 0.000000
-160 -85 0.000000
-160 -80 0.000000
-160 -75 0.000000
-160 -70 0.000000
-160 -65 0.000000
-160 -60 0.000000
-160 -55 0.000000
-160 -50 0.000145
-160 -45 0.000417
-160 -40 0.000816
-160 -35 0.001254
-160 -30 0.001520
-160 -25 0.001453
-160 -20 0.001098
-160 -15 0.001014
-160 -10 0.001560
-160 -5 0.002611
-160 0 0.004085
-160 5 0.005191
-160 10 0.005245
-160 15 0.004247
-160 20 0.002817
-160 25 0.001649
-160 30 0.002098
-160 35 0.004227
-160 40 0.007823
-160 45 0.011832
-160 50 0.017593
-160 55 0.023497
-160 60 0.030413
-160 65 0.038534
-160 70 0.047266
-160 75 0.054903
-160 80 0.060799
-160 85 0.066028
-160 90 0.068661
-160 95 0.066742
-160 100 0.059041
-160 105 0.051399
-160 110 0.049400
-160 115 0.059216
-160 120 0.090519
-160 125 0.148887
-160 130 0.241090
-160 135 0.364230
-160 140 0.507940
-160 145 0.658185
-160 150 0.805905
-160 155 0.916353
-160 160 0.961030
-160 165 0.917605
-160 170 0.785855
-160 175 0.587965
-155 -180 0.444575
-155 -175 0.254412
-155 -170 0.129792
-155 -165 0.057887
-155 -160 0.027510
-155 -155 0.014000
-155 -150 0.004718
-155 -145 0.000059
-155 -140 0.000000
-155 -135 0.000000
-155 -130 0.000000
-155 -125 0.000000
-155 -120 0.000000
-155 -115 0.000000
-155 -110 0.000000
-155 -105 0.000000
-155 -100 0.000000
-155 -95 0.000000
-155 -90 0.000000
-155 -85 0.000000
-155 -80 0.000000
-155 -75 0.000000
-155 -70 0.000000
-155 -65 0.000000
-155 -60 0.000000
-155 -55 0.000000
-155 -50 0.000722
-155 -45 0.002073
-155 -40 0.004054
-155 -35 0.006235
-155 -30 0.007556
-155 -25 0.007223
-155 -20 0.005455
-155 -15 0.004531
-155 -10 0.005923
-155 -5 0.009407
-155 0 0.014669
-155 5 0.018838
-155 10 0.019621
-155 15 0.017020
-155 20 0.013930
-155 25 0.012598
-155 30 0.015261
-155 35 0.021144
-155 40 0.029019
-155 45 0.035687
-155 50 0.043904
-155 55 0.053089
-155 60 0.065399
-155 65 0.080996
-155 70 0.099996
-155 75 0.113520
-155 80 0.119660
-155 85 0.117717
-155 90 0.107588
-155 95 0.091461
-155 100 0.072818
-155 105 0.060478
-155 110 0.057550
-155 115 0.065115
-155 120 0.095380
-155 125 0.161723
-155 130 0.280370
-155 135 0.452335
-155 140 0.656980
-155 145 0.866307
-155 150 1.045280
-155 155 1.154743
-155 160 1.174720
-155 165 1.096710
-155 170 0.923575
-155 175 0.685028
-150 -180 0.471275
-150 -175 0.268248
-150 -170 0.132615
-150 -165 0.056779
-150 -160 0.024251
-150 -155 0.011982
-150 -150 0.003611
-150 -145 0.000030
-150 -140 0.000000
-150 -135 0.000000
-150 -130 0.000000
-150 -125 0.000000
-150 -120 0.000000
-150 -115 0.000000
-150 -110 0.000000
-150 -105 0.000000
-150 -100 0.000000
-150 -95 0.000000
-150 -90 0.000000
-150 -85 0.000000
-150 -80 0.000000
-150 -75 0.000632
-150 -70 0.001587
-150 -65 0.003002
-150 -60 0.004437
-150 -55 0.005129
-150 -50 0.006189
-150 -45 0.007733
-150 -40 0.010517
-150 -35 0.014175
-150 -30 0.016525
-150 -25 0.016095
-150 -20 0.012814
-150 -15 0.011776
-150 -10 0.016007
-150 -5 0.025334
-150 0 0.039521
-150 5 0.051513
-150 10 0.056207
-150 15 0.052155
-150 20 0.045613
-150 25 0.041359
-150 30 0.043165
-150 35 0.050188
-150 40 0.060303
-150 45 0.067645
-150 50 0.076779
-150 55 0.089488
-150 60 0.109424
-150 65 0.135946
-150 70 0.170079
-150 75 0.193593
-150 80 0.201297
-150 85 0.189736
-150 90 0.162394
-150 95 0.127115
-150 100 0.093928
-150 105 0.076614
-150 110 0.074763
-150 115 0.082445
-150 120 0.114012
-150 125 0.190707
-150 130 0.334572
-150 135 0.553730
-150 140 0.817105
-150 145 1.077655
-150 150 1.271863
-150 155 1.360387
-150 160 1.335780
-150 165 1.210145
-150 170 0.995305
-150 175 0.730215
-145 -180 0.465593
-145 -175 0.261792
-145 -170 0.125834
-145 -165 0.051935
-145 -160 0.019411
-145 -155 0.009274
-145 -150 0.002527
-145 -145 0.000011
-145 -140 0.000000
-145 -135 0.000000
-145 -130 0.000000
-145 -125 0.000000
-145 -120 0.000000
-145 -115 0.000000
-145 -110 0.000000
-145 -105 0.000000
-145 -100 0.000000
-145 -95 0.000000
-145 -90 0.000000
-145 -85 0.000539
-145 -80 0.001502
-145 -75 0.004488
-145 -70 0.008396
-145 -65 0.012808
-145 -60 0.016090
-145 -55 0.016530
-145 -50 0.016560
-145 -45 0.017336
-145 -40 0.020672
-145 -35 0.026618
-145 -30 0.031265
-145 -25 0.031514
-145 -20 0.027200
-145 -15 0.027355
-145 -10 0.036962
-145 -5 0.056180
-145 0 0.084703
-145 5 0.109632
-145 10 0.121695
-145 15 0.116504
-145 20 0.105343
-145 25 0.096204
-145 30 0.094360
-145 35 0.099265
-145 40 0.107562
-145 45 0.110574
-145 50 0.116191
-145 55 0.130072
-145 60 0.158402
-145 65 0.198375
-145 70 0.250470
-145 75 0.287245
-145 80 0.298055
-145 85 0.276338
-145 90 0.230446
-145 95 0.174409
-145 100 0.127101
-145 105 0.107301
-145 110 0.110869
-145 115 0.124582
-145 120 0.163150
-145 125 0.252610
-145 130 0.415442
-145 135 0.670360
-145 140 0.978463
-145 145 1.273052
-145 150 1.468015
-145 155 1.525517
-145 160 1.448410
-145 165 1.268683
-145 170 1.012725
-145 175 0.730773
-140 -180 0.433800
-140 -175 0.241178
-140 -170 0.115421
-140 -165 0.048690
-140 -160 0.018222
-140 -155 0.009600
-140 -150 0.003596
-140 -145 0.000977
-140 -140 0.000197
-140 -135 0.000000
-140 -130 0.000000
-140 -125 0.000000
-140 -120 0.000000
-140 -115 0.000000
-140 -110 0.000000
-140 -105 0.000000
-140 -100 0.000114
-140 -95 0.000328
-140 -90 0.000641
-140 -85 0.002289
-140 -80 0.005291
-140 -75 0.012557
-140 -70 0.022212
-140 -65 0.032736
-140 -60 0.040283
-140 -55 0.040869
-140 -50 0.038036
-140 -45 0.035010
-140 -40 0.035924
-140 -35 0.042599
-140 -30 0.049945
-140 -25 0.052365
-140 -20 0.049555
-140 -15 0.054183
-140 -10 0.072457
-140 -5 0.105653
-140 0 0.153731
-140 5 0.197948
-140 10 0.224487
-140 15 0.224270
-140 20 0.213009
-140 25 0.199375
-140 30 0.188670
-140 35 0.182006
-140 40 0.176225
-140 45 0.163018
-140 50 0.156103
-140 55 0.165654
-140 60 0.200244
-140 65 0.252570
-140 70 0.320415
-140 75 0.369073
-140 80 0.382393
-140 85 0.351853
-140 90 0.291580
-140 95 0.220445
-140 100 0.166693
-140 105 0.152124
-140 110 0.167997
-140 115 0.195483
-140 120 0.247621
-140 125 0.350830
-140 130 0.523182
-140 135 0.792245
-140 140 1.115710
-140 145 1.411488
-140 150 1.585405
-140 155 1.604860
-140 160 1.479865
-140 165 1.256150
-140 170 0.973577
-140 175 0.690675
-135 -180 0.407108
-135 -175 0.228033
-135 -170 0.112443
-135 -165 0.051211
-135 -160 0.021429
-135 -155 0.012455
-135 -150 0.006108
-135 -145 0.002430
-135 -140 0.000489
-135 -135 0.000000
-135 -130 0.000000
-135 -125 0.000000
-135 -120 0.000000
-135 -115 0.000000
-135 -110 0.000000
-135 -105 0.000000
-135 -100 0.000679
-135 -95 0.002070
-135 -90 0.004743
-135 -85 0.010385
-135 -80 0.018848
-135 -75 0.033288
-135 -70 0.050600
-135 -65 0.067585
-135 -60 0.078788
-135 -55 0.077927
-135 -50 0.070058
-135 -45 0.060535
-135 -40 0.056364
-135 -35 0.061465
-135 -30 0.070871
-135 -25 0.076588
-135 -20 0.079417
-135 -15 0.092690
-135 -10 0.124579
-135 -5 0.177758
-135 0 0.251482
-135 5 0.322185
-135 10 0.370865
-135 15 0.380595
-135 20 0.368273
-135 25 0.341792
-135 30 0.309505
-135 35 0.276517
-135 40 0.243260
-135 45 0.205352
-135 50 0.180864
-135 55 0.181793
-135 60 0.218009
-135 65 0.277463
-135 70 0.354953
-135 75 0.412712
-135 80 0.431452
-135 85 0.401562
-135 90 0.339363
-135 95 0.265468
-135 100 0.217085
-135 105 0.216184
-135 110 0.250265
-135 115 0.297368
-135 120 0.364422
-135 125 0.474038
-135 130 0.638652
-135 135 0.893255
-135 140 1.196955
-135 145 1.463097
-135 150 1.603785
-135 155 1.592707
-135 160 1.441695
-135 165 1.201440
-135 170 0.917007
-135 175 0.648290
-130 -180 0.394587
-130 -175 0.225543
-130 -170 0.117549
-130 -165 0.059405
-130 -160 0.029433
-130 -155 0.018537
-130 -150 0.010546
-130 -145 0.004991
-130 -140 0.001365
-130 -135 0.000378
-130 -130 0.000253
-130 -125 0.000133
-130 -120 0.000051
-130 -115 0.000000
-130 -110 0.000000
-130 -105 0.000000
-130 -100 0.001483
-130 -95 0.004549
-130 -90 0.010563
-130 -85 0.021830
-130 -80 0.037973
-130 -75 0.061195
-130 -70 0.088471
-130 -65 0.113764
-130 -60 0.130809
-130 -55 0.131129
-130 -50 0.120536
-130 -45 0.106086
-130 -40 0.097243
-130 -35 0.101101
-130 -30 0.114611
-130 -25 0.127483
-130 -20 0.143348
-130 -15 0.171531
-130 -10 0.222232
-130 -5 0.300545
-130 0 0.401765
-130 5 0.502058
-130 10 0.576808
-130 15 0.598627
-130 20 0.579783
-130 25 0.526338
-130 30 0.454418
-130 35 0.376793
-130 40 0.301415
-130 45 0.232884
-130 50 0.187910
-130 55 0.176344
-130 60 0.206552
-130 65 0.263373
-130 70 0.340600
-130 75 0.402265
-130 80 0.430297
-130 85 0.413405
-130 90 0.364462
-130 95 0.301113
-130 100 0.266655
-130 105 0.281445
-130 110 0.331835
-130 115 0.397392
-130 120 0.475115
-130 125 0.579860
-130 130 0.719713
-130 135 0.933170
-130 140 1.189630
-130 145 1.411015
-130 150 1.526435
-130 155 1.510237
-130 160 1.365582
-130 165 1.138875
-130 170 0.871215
-130 175 0.621127
-125 -180 0.410310
-125 -175 0.241293
-125 -170 0.131918
-125 -165 0.071549
-125 -160 0.039764
-125 -155 0.027241
-125 -150 0.018654
-125 -145 0.012408
-125 -140 0.007514
-125 -135 0.005258
-125 -130 0.003522
-125 -125 0.001846
-125 -120 0.000713
-125 -115 0.000000
-125 -110 0.000000
-125 -105 0.000000
-125 -100 0.002560
-125 -95 0.007892
-125 -90 0.018548
-125 -85 0.036718
-125 -80 0.061602
-125 -75 0.092571
-125 -70 0.127624
-125 -65 0.158380
-125 -60 0.179914
-125 -55 0.183266
-125 -50 0.174465
-125 -45 0.160197
-125 -40 0.151643
-125 -35 0.157997
-125 -30 0.180611
-125 -25 0.208005
-125 -20 0.248446
-125 -15 0.303615
-125 -10 0.385827
-125 -5 0.502462
-125 0 0.640402
-125 5 0.776353
-125 10 0.876313
-125 15 0.900200
-125 20 0.853592
-125 25 0.745152
-125 30 0.607780
-125 35 0.466335
-125 40 0.339110
-125 45 0.240359
-125 50 0.176931
-125 55 0.153252
-125 60 0.172153
-125 65 0.217937
-125 70 0.287585
-125 75 0.349882
-125 80 0.391652
-125 85 0.398307
-125 90 0.373755
-125 95 0.327930
-125 100 0.306793
-125 105 0.330055
-125 110 0.387603
-125 115 0.465898
-125 120 0.551235
-125 125 0.649105
-125 130 0.763657
-125 135 0.929593
-125 140 1.128775
-125 145 1.301333
-125 150 1.399717
-125 155 1.398143
-125 160 1.284850
-125 165 1.096830
-125 170 0.860605
-125 175 0.629243
-120 -180 0.441595
-120 -175 0.267083
-120 -170 0.150398
-120 -165 0.084428
-120 -160 0.048500
-120 -155 0.034496
-120 -150 0.026468
-120 -145 0.020835
-120 -140 0.015765
-120 -135 0.012133
-120 -130 0.008125
-120 -125 0.004260
-120 -120 0.001645
-120 -115 0.000000
-120 -110 0.000000
-120 -105 0.000000
-120 -100 0.003484
-120 -95 0.010795
-120 -90 0.025642
-120 -85 0.049624
-120 -80 0.081281
-120 -75 0.116651
-120 -70 0.156003
-120 -65 0.189558
-120 -60 0.216262
-120 -55 0.227902
-120 -50 0.229783
-120 -45 0.225315
-120 -40 0.226238
-120 -35 0.242210
-120 -30 0.282230
-120 -25 0.335270
-120 -20 0.416215
-120 -15 0.516795
-120 -10 0.649972
-120 -5 0.821675
-120 0 1.005078
-120 5 1.175465
-120 10 1.286685
-120 15 1.285350
-120 20 1.174303
-120 25 0.974043
-120 30 0.744668
-120 35 0.526617
-120 40 0.347895
-120 45 0.227966
-120 50 0.156065
-120 55 0.128262
-120 60 0.138869
-120 65 0.173043
-120 70 0.232690
-120 75 0.291747
-120 80 0.344440
-120 85 0.373095
-120 90 0.373237
-120 95 0.345795
-120 100 0.333855
-120 105 0.357198
-120 110 0.413225
-120 115 0.497277
-120 120 0.588385
-120 125 0.684595
-120 130 0.787445
-120 135 0.921345
-120 140 1.077517
-120 145 1.216565
-120 150 1.307547
-120 155 1.324947
-120 160 1.242617
-120 165 1.089910
-120 170 0.879373
-120 175 0.659007
-115 -180 0.468570
-115 -175 0.289158
-115 -170 0.164359
-115 -165 0.091919
-115 -160 0.052044
-115 -155 0.038277
-115 -150 0.033400
-115 -145 0.030669
-115 -140 0.027118
-115 -135 0.021966
-115 -130 0.014711
-115 -125 0.007713
-115 -120 0.002979
-115 -115 0.000000
-115 -110 0.000000
-115 -105 0.000000
-115 -100 0.003737
-115 -95 0.011625
-115 -90 0.027869
-115 -85 0.053693
-115 -80 0.086983
-115 -75 0.121970
-115 -70 0.161795
-115 -65 0.197549
-115 -60 0.231885
-115 -55 0.258433
-115 -50 0.280130
-115 -45 0.294802
-115 -40 0.315088
-115 -35 0.350272
-115 -30 0.420280
-115 -25 0.515412
-115 -20 0.659428
-115 -15 0.832805
-115 -10 1.044065
-115 -5 1.290042
-115 0 1.521418
-115 5 1.705027
-115 10 1.786522
-115 15 1.710190
-115 20 1.490687
-115 25 1.168115
-115 30 0.835547
-115 35 0.545377
-115 40 0.329493
-115 45 0.204986
-115 50 0.138983
-115 55 0.118108
-115 60 0.126346
-115 65 0.152210
-115 70 0.202512
-115 75 0.256770
-115 80 0.315360
-115 85 0.357743
-115 90 0.374722
-115 95 0.361767
-115 100 0.354705
-115 105 0.375475
-115 110 0.429615
-115 115 0.520522
-115 120 0.623220
-115 125 0.729038
-115 130 0.838310
-115 135 0.959585
-115 140 1.088125
-115 145 1.203088
-115 150 1.282170
-115 155 1.302735
-115 160 1.231865
-115 165 1.096083
-115 170 0.900438
-115 175 0.685045
-110 -180 0.482718
-110 -175 0.301320
-110 -170 0.170542
-110 -165 0.093132
-110 -160 0.050816
-110 -155 0.038104
-110 -150 0.037505
-110 -145 0.038546
-110 -140 0.037471
-110 -135 0.031167
-110 -130 0.020872
-110 -125 0.010943
-110 -120 0.004226
-110 -115 0.000000
-110 -110 0.000000
-110 -105 0.000000
-110 -100 0.003152
-110 -95 0.009918
-110 -90 0.023962
-110 -85 0.046676
-110 -80 0.075642
-110 -75 0.105701
-110 -70 0.143238
-110 -65 0.181961
-110 -60 0.227235
-110 -55 0.275000
-110 -50 0.323867
-110 -45 0.365950
-110 -40 0.413585
-110 -35 0.474930
-110 -30 0.585267
-110 -25 0.737698
-110 -20 0.966160
-110 -15 1.241808
-110 -10 1.556903
-110 -5 1.885420
-110 0 2.150195
-110 5 2.306822
-110 10 2.303898
-110 15 2.099680
-110 20 1.739693
-110 25 1.287208
-110 30 0.861075
-110 35 0.518567
-110 40 0.286442
-110 45 0.171204
-110 50 0.121790
-110 55 0.118076
-110 60 0.135059
-110 65 0.166410
-110 70 0.218075
-110 75 0.271757
-110 80 0.328858
-110 85 0.369308
-110 90 0.386750
-110 95 0.379995
-110 100 0.375970
-110 105 0.399738
-110 110 0.459927
-110 115 0.564380
-110 120 0.686028
-110 125 0.812478
-110 130 0.944575
-110 135 1.073825
-110 140 1.192875
-110 145 1.294872
-110 150 1.355538
-110 155 1.356110
-110 160 1.267735
-110 165 1.120112
-110 170 0.920105
-110 175 0.699565
-105 -180 0.475820
-105 -175 0.300313
-105 -170 0.170422
-105 -165 0.092324
-105 -160 0.048811
-105 -155 0.035511
-105 -150 0.037110
-105 -145 0.040108
-105 -140 0.041063
-105 -135 0.034616
-105 -130 0.023182
-105 -125 0.012154
-105 -120 0.004694
-105 -115 0.000000
-105 -110 0.000000
-105 -105 0.000000
-105 -100 0.002125
-105 -95 0.007768
-105 -90 0.018803
-105 -85 0.037167
-105 -80 0.059952
-105 -75 0.083075
-105 -70 0.115827
-105 -65 0.156413
-105 -60 0.212284
-105 -55 0.281892
-105 -50 0.358198
-105 -45 0.428875
-105 -40 0.505395
-105 -35 0.596940
-105 -30 0.758513
-105 -25 0.987082
-105 -20 1.326102
-105 -15 1.733327
-105 -10 2.168718
-105 -5 2.565075
-105 0 2.817325
-105 5 2.876625
-105 10 2.719025
-105 15 2.342750
-105 20 1.840893
-105 25 1.291285
-105 30 0.817740
-105 35 0.464680
-105 40 0.244932
-105 45 0.149279
-105 50 0.121971
-105 55 0.141606
-105 60 0.178499
-105 65 0.230826
-105 70 0.295542
-105 75 0.351955
-105 80 0.398713
-105 85 0.420292
-105 90 0.422793
-105 95 0.415623
-105 100 0.418320
-105 105 0.456655
-105 110 0.534610
-105 115 0.660085
-105 120 0.805825
-105 125 0.959638
-105 130 1.125477
-105 135 1.277192
-105 140 1.399105
-105 145 1.491173
-105 150 1.519340
-105 155 1.471700
-105 160 1.334318
-105 165 1.145140
-105 170 0.922080
-105 175 0.689738
-100 -180 0.460557
-100 -175 0.292908
-100 -170 0.167242
-100 -165 0.090684
-100 -160 0.046546
-100 -155 0.030697
-100 -150 0.031461
-100 -145 0.033718
-100 -140 0.035428
-100 -135 0.030067
-100 -130 0.020136
-100 -125 0.010557
-100 -120 0.004077
-100 -115 0.000000
-100 -110 0.000000
-100 -105 0.000000
-100 -100 0.001228
-100 -95 0.006789
-100 -90 0.016261
-100 -85 0.031768
-100 -80 0.049611
-100 -75 0.066221
-100 -70 0.094090
-100 -65 0.137815
-100 -60 0.208487
-100 -55 0.306188
-100 -50 0.415288
-100 -45 0.518542
-100 -40 0.623390
-100 -35 0.743273
-100 -30 0.955807
-100 -25 1.265022
-100 -20 1.719887
-100 -15 2.255993
-100 -10 2.789625
-100 -5 3.202175
-100 0 3.371000
-100 5 3.261950
-100 10 2.903925
-100 15 2.352935
-100 20 1.748588
-100 25 1.165232
-100 30 0.706130
-100 35 0.386060
-100 40 0.202246
-100 45 0.131690
-100 50 0.127052
-100 55 0.171203
-100 60 0.233145
-100 65 0.314385
-100 70 0.398365
-100 75 0.459920
-100 80 0.492560
-100 85 0.487865
-100 90 0.467622
-100 95 0.455797
-100 100 0.467915
-100 105 0.529682
-100 110 0.634143
-100 115 0.787070
-100 120 0.961907
-100 125 1.148197
-100 130 1.350200
-100 135 1.526170
-100 140 1.651690
-100 145 1.727767
-100 150 1.712095
-100 155 1.603055
-100 160 1.406475
-100 165 1.167358
-100 170 0.915725
-100 175 0.670507
-95 -180 0.442275
-95 -175 0.276900
-95 -170 0.155355
-95 -165 0.082046
-95 -160 0.039830
-95 -155 0.022522
-95 -150 0.021642
-95 -145 0.022237
-95 -140 0.023901
-95 -135 0.020407
-95 -130 0.013666
-95 -125 0.007165
-95 -120 0.002767
-95 -115 0.000000
-95 -110 0.000000
-95 -105 0.000000
-95 -100 0.000701
-95 -95 0.007743
-95 -90 0.018323
-95 -85 0.034908
-95 -80 0.052176
-95 -75 0.065364
-95 -70 0.089529
-95 -65 0.135231
-95 -60 0.218810
-95 -55 0.344090
-95 -50 0.486455
-95 -45 0.626818
-95 -40 0.766098
-95 -35 0.924390
-95 -30 1.194697
-95 -25 1.591627
-95 -20 2.155047
-95 -15 2.790150
-95 -10 3.365375
-95 -5 3.715775
-95 0 3.720350
-95 5 3.388075
-95 10 2.818850
-95 15 2.128767
-95 20 1.480822
-95 25 0.931810
-95 30 0.541305
-95 35 0.286905
-95 40 0.154038
-95 45 0.111213
-95 50 0.127461
-95 55 0.193610
-95 60 0.280360
-95 65 0.390082
-95 70 0.491660
-95 75 0.554890
-95 80 0.569972
-95 85 0.538003
-95 90 0.497317
-95 95 0.484162
-95 100 0.512362
-95 105 0.605200
-95 110 0.740535
-95 115 0.923342
-95 120 1.129843
-95 125 1.350590
-95 130 1.588393
-95 135 1.788813
-95 140 1.918960
-95 145 1.976145
-95 150 1.916602
-95 155 1.750163
-95 160 1.497865
-95 165 1.208705
-95 170 0.922970
-95 175 0.657180
-90 -180 0.407950
-90 -175 0.244377
-90 -170 0.132262
-90 -165 0.067122
-90 -160 0.031396
-90 -155 0.015273
-90 -150 0.012862
-90 -145 0.011797
-90 -140 0.012659
-90 -135 0.010816
-90 -130 0.007243
-90 -125 0.003798
-90 -120 0.001467
-90 -115 0.000000
-90 -110 0.000000
-90 -105 0.000000
-90 -100 0.000485
-90 -95 0.009768
-90 -90 0.022814
-90 -85 0.042466
-90 -80 0.061704
-90 -75 0.073940
-90 -70 0.096020
-90 -65 0.144171
-90 -60 0.241278
-90 -55 0.397840
-90 -50 0.581615
-90 -45 0.775427
-90 -40 0.973860
-90 -35 1.201595
-90 -30 1.551258
-90 -25 2.041307
-90 -20 2.679525
-90 -15 3.334750
-90 -10 3.839850
-90 -5 4.019250
-90 0 3.789425
-90 5 3.226200
-90 10 2.495062
-90 15 1.747308
-90 20 1.130935
-90 25 0.672965
-90 30 0.380103
-90 35 0.199874
-90 40 0.114886
-90 45 0.093382
-90 50 0.122812
-90 55 0.202536
-90 60 0.305830
-90 65 0.431968
-90 70 0.539305
-90 75 0.595145
-90 80 0.591287
-90 85 0.538507
-90 90 0.487595
-90 95 0.479100
-90 100 0.526460
-90 105 0.648983
-90 110 0.813962
-90 115 1.027620
-90 120 1.272890
-90 125 1.537578
-90 130 1.817687
-90 135 2.046100
-90 140 2.183567
-90 145 2.217542
-90 150 2.113142
-90 155 1.891283
-90 160 1.585095
-90 165 1.245523
-90 170 0.921493
-90 175 0.631335
-85 -180 0.374887
-85 -175 0.208603
-85 -170 0.105262
-85 -165 0.048528
-85 -160 0.020722
-85 -155 0.008517
-85 -150 0.006184
-85 -145 0.004784
-85 -140 0.005092
-85 -135 0.004351
-85 -130 0.002914
-85 -125 0.001528
-85 -120 0.000590
-85 -115 0.000000
-85 -110 0.000000
-85 -105 0.000000
-85 -100 0.000629
-85 -95 0.011699
-85 -90 0.027262
-85 -85 0.049883
-85 -80 0.071405
-85 -75 0.084190
-85 -70 0.104629
-85 -65 0.154393
-85 -60 0.264640
-85 -55 0.455257
-85 -50 0.693067
-85 -45 0.967360
-85 -40 1.267775
-85 -35 1.614317
-85 -30 2.072405
-85 -25 2.649850
-85 -20 3.298975
-85 -15 3.858225
-85 -10 4.160800
-85 -5 4.073175
-85 0 3.582550
-85 5 2.832925
-85 10 2.025950
-85 15 1.310555
-85 20 0.782423
-85 25 0.439340
-85 30 0.243309
-85 35 0.127186
-85 40 0.078945
-85 45 0.071701
-85 50 0.106429
-85 55 0.187497
-85 60 0.291828
-85 65 0.414272
-85 70 0.511768
-85 75 0.554087
-85 80 0.538022
-85 85 0.479807
-85 90 0.432638
-85 95 0.433705
-85 100 0.498737
-85 105 0.645790
-85 110 0.841830
-85 115 1.094340
-85 120 1.394045
-85 125 1.717910
-85 130 2.050115
-85 135 2.314033
-85 140 2.464008
-85 145 2.474385
-85 150 2.326580
-85 155 2.052015
-85 160 1.691938
-85 165 1.299125
-85 170 0.932462
-85 175 0.613330
-80 -180 0.334510
-80 -175 0.170408
-80 -170 0.078105
-80 -165 0.030744
-80 -160 0.010943
-80 -155 0.003273
-80 -150 0.001393
-80 -145 0.000053
-80 -140 0.000000
-80 -135 0.000000
-80 -130 0.000000
-80 -125 0.000000
-80 -120 0.000000
-80 -115 0.000000
-80 -110 0.000000
-80 -105 0.000000
-80 -100 0.000645
-80 -95 0.011101
-80 -90 0.025809
-80 -85 0.047023
-80 -80 0.067063
-80 -75 0.080712
-80 -70 0.103915
-80 -65 0.163841
-80 -60 0.298662
-80 -55 0.537318
-80 -50 0.851317
-80 -45 1.241320
-80 -40 1.692045
-80 -35 2.205845
-80 -30 2.793300
-80 -25 3.426900
-80 -20 3.990675
-80 -15 4.316350
-80 -10 4.289975
-80 -5 3.875550
-80 0 3.145100
-80 5 2.290042
-80 10 1.504040
-80 15 0.896102
-80 20 0.489687
-80 25 0.260675
-80 30 0.144648
-80 35 0.076139
-80 40 0.051108
-80 45 0.051073
-80 50 0.082824
-80 55 0.151397
-80 60 0.238697
-80 65 0.336943
-80 70 0.410492
-80 75 0.436920
-80 80 0.417970
-80 85 0.369160
-80 90 0.335950
-80 95 0.348575
-80 100 0.426560
-80 105 0.591637
-80 110 0.821497
-80 115 1.125827
-80 120 1.503105
-80 125 1.909608
-80 130 2.314278
-80 135 2.628350
-80 140 2.793175
-80 145 2.771850
-80 150 2.565650
-80 155 2.221270
-80 160 1.792065
-80 165 1.336792
-80 170 0.927885
-80 175 0.583595
-75 -180 0.289237
-75 -175 0.136108
-75 -170 0.055913
-75 -165 0.017235
-75 -160 0.004246
-75 -155 0.000985
-75 -150 0.000419
-75 -145 0.000016
-75 -140 0.000000
-75 -135 0.000000
-75 -130 0.000000
-75 -125 0.000000
-75 -120 0.000000
-75 -115 0.000000
-75 -110 0.000000
-75 -105 0.000000
-75 -100 0.000523
-75 -95 0.008349
-75 -90 0.019364
-75 -85 0.035208
-75 -80 0.050130
-75 -75 0.063544
-75 -70 0.091152
-75 -65 0.165932
-75 -60 0.331705
-75 -55 0.626800
-75 -50 1.032670
-75 -45 1.562872
-75 -40 2.191438
-75 -35 2.888450
-75 -30 3.591325
-75 -25 4.219875
-75 -20 4.602100
-75 -15 4.597825
-75 -10 4.188300
-75 -5 3.463525
-75 0 2.568800
-75 5 1.706687
-75 10 1.020468
-75 15 0.558675
-75 20 0.277377
-75 25 0.141414
-75 30 0.080884
-75 35 0.043486
-75 40 0.030807
-75 45 0.032448
-75 50 0.055104
-75 55 0.102430
-75 60 0.161784
-75 65 0.225894
-75 70 0.271303
-75 75 0.285133
-75 80 0.271033
-75 85 0.239717
-75 90 0.222740
-75 95 0.243799
-75 100 0.328125
-75 105 0.504957
-75 110 0.770005
-75 115 1.135140
-75 120 1.603905
-75 125 2.103997
-75 130 2.585875
-75 135 2.945775
-75 140 3.106125
-75 145 3.027275
-75 150 2.737725
-75 155 2.308407
-75 160 1.810283
-75 165 1.307285
-75 170 0.880737
-75 175 0.533627
-70 -180 0.232136
-70 -175 0.102789
-70 -170 0.038385
-70 -165 0.008883
-70 -160 0.000865
-70 -155 0.000000
-70 -150 0.000000
-70 -145 0.000000
-70 -140 0.000000
-70 -135 0.000000
-70 -130 0.000000
-70 -125 0.000000
-70 -120 0.000000
-70 -115 0.000000
-70 -110 0.000000
-70 -105 0.000000
-70 -100 0.000334
-70 -95 0.004978
-70 -90 0.011515
-70 -85 0.020894
-70 -80 0.029700
-70 -75 0.042136
-70 -70 0.075238
-70 -65 0.167110
-70 -60 0.368212
-70 -55 0.720305
-70 -50 1.214970
-70 -45 1.874510
-70 -40 2.651100
-70 -35 3.478925
-70 -30 4.231150
-70 -25 4.775800
-70 -20 4.916275
-70 -15 4.569300
-70 -10 3.826925
-70 -5 2.888600
-70 0 1.940732
-70 5 1.165305
-70 10 0.629390
-70 15 0.318135
-70 20 0.144610
-70 25 0.072856
-70 30 0.043893
-70 35 0.024058
-70 40 0.016896
-70 45 0.017387
-70 50 0.029899
-70 55 0.056231
-70 60 0.089163
-70 65 0.123474
-70 70 0.146643
-70 75 0.152449
-70 80 0.144356
-70 85 0.128307
-70 90 0.122804
-70 95 0.146372
-70 100 0.229067
-70 105 0.406140
-70 110 0.693035
-70 115 1.104222
-70 120 1.648200
-70 125 2.226488
-70 130 2.770400
-70 135 3.161175
-70 140 3.300025
-70 145 3.151500
-70 150 2.773175
-70 155 2.262857
-70 160 1.712508
-70 165 1.188077
-70 170 0.773570
-70 175 0.451360
-65 -180 0.169622
-65 -175 0.072603
-65 -170 0.025871
-65 -165 0.005219
-65 -160 0.000125
-65 -155 0.000000
-65 -150 0.000000
-65 -145 0.000000
-65 -140 0.000000
-65 -135 0.000000
-65 -130 0.000000
-65 -125 0.000000
-65 -120 0.000000
-65 -115 0.000000
-65 -110 0.000000
-65 -105 0.000000
-65 -100 0.000169
-65 -95 0.002327
-65 -90 0.005368
-65 -85 0.009716
-65 -80 0.013784
-65 -75 0.024882
-65 -70 0.062702
-65 -65 0.168849
-65 -60 0.399202
-65 -55 0.791377
-65 -50 1.343195
-65 -45 2.074863
-65 -40 2.909350
-65 -35 3.753725
-65 -30 4.446900
-65 -25 4.829125
-65 -20 4.725400
-65 -15 4.122175
-65 -10 3.201425
-65 -5 2.215088
-65 0 1.343187
-65 5 0.722687
-65 10 0.346665
-65 15 0.159207
-65 20 0.064823
-65 25 0.032176
-65 30 0.021219
-65 35 0.012543
-65 40 0.008994
-65 45 0.008831
-65 50 0.014180
-65 55 0.025264
-65 60 0.038882
-65 65 0.052281
-65 70 0.060737
-65 75 0.062628
-65 80 0.060194
-65 85 0.055187
-65 90 0.056130
-65 95 0.077300
-65 100 0.152641
-65 105 0.319578
-65 110 0.611380
-65 115 1.045135
-65 120 1.631402
-65 125 2.252277
-65 130 2.819600
-65 135 3.203950
-65 140 3.293100
-65 145 3.065075
-65 150 2.608400
-65 155 2.045410
-65 160 1.483285
-65 165 0.981277
-65 170 0.614960
-65 175 0.345957
-60 -180 0.111076
-60 -175 0.046733
-60 -170 0.016230
-60 -165 0.003024
-60 -160 0.000000
-60 -155 0.000000
-60 -150 0.000000
-60 -145 0.000000
-60 -140 0.000000
-60 -135 0.000000
-60 -130 0.000000
-60 -125 0.000000
-60 -120 0.000000
-60 -115 0.000000
-60 -110 0.000000
-60 -105 0.000000
-60 -100 0.000055
-60 -95 0.000535
-60 -90 0.001213
-60 -85 0.002165
-60 -80 0.003035
-60 -75 0.012026
-60 -70 0.051117
-60 -65 0.161012
-60 -60 0.398837
-60 -55 0.793602
-60 -50 1.343580
-60 -45 2.057057
-60 -40 2.830875
-60 -35 3.560725
-60 -30 4.089550
-60 -25 4.268875
-60 -20 3.981900
-60 -15 3.277375
-60 -10 2.375280
-60 -5 1.512223
-60 0 0.822940
-60 5 0.392328
-60 10 0.163237
-60 15 0.066069
-60 20 0.022784
-60 25 0.010875
-60 30 0.008091
-60 35 0.005296
-60 40 0.003815
-60 45 0.003369
-60 50 0.004353
-60 55 0.006667
-60 60 0.009330
-60 65 0.011782
-60 70 0.013383
-60 75 0.014485
-60 80 0.015434
-60 85 0.015822
-60 90 0.017724
-60 95 0.032056
-60 100 0.093769
-60 105 0.238820
-60 110 0.511880
-60 115 0.931573
-60 120 1.507123
-60 125 2.114970
-60 130 2.651275
-60 135 2.987475
-60 140 3.012925
-60 145 2.724600
-60 150 2.234542
-60 155 1.675880
-60 160 1.158737
-60 165 0.727095
-60 170 0.436945
-60 175 0.237620
-55 -180 0.060447
-55 -175 0.025015
-55 -170 0.008422
-55 -165 0.001478
-55 -160 0.000000
-55 -155 0.000000
-55 -150 0.000000
-55 -145 0.000000
-55 -140 0.000000
-55 -135 0.000000
-55 -130 0.000000
-55 -125 0.000000
-55 -120 0.000000
-55 -115 0.000000
-55 -110 0.000000
-55 -105 0.000000
-55 -100 0.000000
-55 -95 0.000000
-55 -90 0.000000
-55 -85 0.000000
-55 -80 0.000000
-55 -75 0.006873
-55 -70 0.042008
-55 -65 0.139534
-55 -60 0.352043
-55 -55 0.698710
-55 -50 1.174727
-55 -45 1.774288
-55 -40 2.386392
-55 -35 2.914450
-55 -30 3.235800
-55 -25 3.244900
-55 -20 2.891825
-55 -15 2.256530
-55 -10 1.538118
-55 -5 0.909385
-55 0 0.445802
-55 5 0.189137
-55 10 0.068033
-55 15 0.023499
-55 20 0.005664
-55 25 0.001659
-55 30 0.001169
-55 35 0.000762
-55 40 0.000478
-55 45 0.000237
-55 50 0.000071
-55 55 0.000000
-55 60 0.000005
-55 65 0.000101
-55 70 0.000310
-55 75 0.000609
-55 80 0.000950
-55 85 0.001173
-55 90 0.002304
-55 95 0.011542
-55 100 0.060299
-55 105 0.178034
-55 110 0.411612
-55 115 0.776652
-55 120 1.278507
-55 125 1.803883
-55 130 2.247825
-55 135 2.497642
-55 140 2.463472
-55 145 2.160003
-55 150 1.703423
-55 155 1.216280
-55 160 0.796257
-55 165 0.468468
-55 170 0.266195
-55 175 0.138435
-50 -180 0.025070
-50 -175 0.009723
-50 -170 0.003032
-50 -165 0.000449
-50 -160 0.000000
-50 -155 0.000000
-50 -150 0.000000
-50 -145 0.000000
-50 -140 0.000000
-50 -135 0.000000
-50 -130 0.000000
-50 -125 0.000000
-50 -120 0.000000
-50 -115 0.000000
-50 -110 0.000000
-50 -105 0.000000
-50 -100 0.000000
-50 -95 0.000000
-50 -90 0.000000
-50 -85 0.000000
-50 -80 0.000000
-50 -75 0.004709
-50 -70 0.032313
-50 -65 0.106831
-50 -60 0.272068
-50 -55 0.537390
-50 -50 0.894482
-50 -45 1.326470
-50 -40 1.735225
-50 -35 2.046098
-50 -30 2.184162
-50 -25 2.094740
-50 -20 1.779108
-50 -15 1.312530
-50 -10 0.839008
-50 -5 0.457435
-50 0 0.196726
-50 5 0.071258
-50 10 0.020694
-50 15 0.005431
-50 20 0.000884
-50 25 0.000000
-50 30 0.000000
-50 35 0.000000
-50 40 0.000000
-50 45 0.000000
-50 50 0.000000
-50 55 0.000000
-50 60 0.000000
-50 65 0.000000
-50 70 0.000000
-50 75 0.000000
-50 80 0.000000
-50 85 0.000000
-50 90 0.000181
-50 95 0.004477
-50 100 0.038320
-50 105 0.123813
-50 110 0.303290
-50 115 0.585392
-50 120 0.969440
-50 125 1.363322
-50 130 1.674675
-50 135 1.821025
-50 140 1.747855
-50 145 1.481710
-50 150 1.122083
-50 155 0.760702
-50 160 0.469938
-50 165 0.256315
-50 170 0.134477
-50 175 0.065162
-45 -180 0.009287
-45 -175 0.003461
-45 -170 0.001073
-45 -165 0.000147
-45 -160 0.000000
-45 -155 0.000000
-45 -150 0.000000
-45 -145 0.000000
-45 -140 0.000000
-45 -135 0.000000
-45 -130 0.000000
-45 -125 0.000000
-45 -120 0.000000
-45 -115 0.000000
-45 -110 0.000000
-45 -105 0.000000
-45 -100 0.000000
-45 -95 0.000000
-45 -90 0.000000
-45 -85 0.000000
-45 -80 0.000000
-45 -75 0.002917
-45 -70 0.022039
-45 -65 0.070702
-45 -60 0.180722
-45 -55 0.353617
-45 -50 0.580022
-45 -45 0.840510
-45 -40 1.064360
-45 -35 1.204392
-45 -30 1.226085
-45 -25 1.115063
-45 -20 0.895433
-45 -15 0.618970
-45 -10 0.369310
-45 -5 0.185911
-45 0 0.069734
-45 5 0.022271
-45 10 0.005933
-45 15 0.001501
-45 20 0.000274
-45 25 0.000000
-45 30 0.000000
-45 35 0.000000
-45 40 0.000000
-45 45 0.000000
-45 50 0.000000
-45 55 0.000000
-45 60 0.000000
-45 65 0.000000
-45 70 0.000000
-45 75 0.000000
-45 80 0.000000
-45 85 0.000000
-45 90 0.000000
-45 95 0.001695
-45 100 0.022936
-45 105 0.079567
-45 110 0.202704
-45 115 0.394520
-45 120 0.649435
-45 125 0.901338
-45 130 1.081750
-45 135 1.141840
-45 140 1.060158
-45 145 0.866085
-45 150 0.629550
-45 155 0.406348
-45 160 0.238851
-45 165 0.122042
-45 170 0.059601
-45 175 0.027459
-40 -180 0.001314
-40 -175 0.000407
-40 -170 0.000064
-40 -165 0.000000
-40 -160 0.000000
-40 -155 0.000000
-40 -150 0.000000
-40 -145 0.000000
-40 -140 0.000000
-40 -135 0.000000
-40 -130 0.000000
-40 -125 0.000000
-40 -120 0.000000
-40 -115 0.000000
-40 -110 0.000000
-40 -105 0.000000
-40 -100 0.000000
-40 -95 0.000000
-40 -90 0.000000
-40 -85 0.000000
-40 -80 0.000000
-40 -75 0.001692
-40 -70 0.013328
-40 -65 0.040493
-40 -60 0.102511
-40 -55 0.197308
-40 -50 0.316673
-40 -45 0.445040
-40 -40 0.541815
-40 -35 0.582640
-40 -30 0.558038
-40 -25 0.472637
-40 -20 0.351237
-40 -15 0.220134
-40 -10 0.117311
-40 -5 0.051005
-40 0 0.013493
-40 5 0.002480
-40 10 0.000399
-40 15 0.000000
-40 20 0.000000
-40 25 0.000000
-40 30 0.000000
-40 35 0.000000
-40 40 0.000000
-40 45 0.000000
-40 50 0.000000
-40 55 0.000000
-40 60 0.000000
-40 65 0.000000
-40 70 0.000000
-40 75 0.000000
-40 80 0.000000
-40 85 0.000000
-40 90 0.000000
-40 95 0.000589
-40 100 0.012448
-40 105 0.046664
-40 110 0.122256
-40 115 0.237412
-40 120 0.384603
-40 125 0.521702
-40 130 0.605422
-40 135 0.612942
-40 140 0.544025
-40 145 0.423743
-40 150 0.291813
-40 155 0.175982
-40 160 0.096080
-40 165 0.043691
-40 170 0.017970
-40 175 0.006918
-35 -180 0.000000
-35 -175 0.000000
-35 -170 0.000000
-35 -165 0.000000
-35 -160 0.000000
-35 -155 0.000000
-35 -150 0.000000
-35 -145 0.000000
-35 -140 0.000000
-35 -135 0.000000
-35 -130 0.000000
-35 -125 0.000000
-35 -120 0.000000
-35 -115 0.000000
-35 -110 0.000000
-35 -105 0.000000
-35 -100 0.000000
-35 -95 0.000000
-35 -90 0.000000
-35 -85 0.000000
-35 -80 0.000000
-35 -75 0.000764
-35 -70 0.006339
-35 -65 0.017759
-35 -60 0.044951
-35 -55 0.085715
-35 -50 0.135130
-35 -45 0.184027
-35 -40 0.214475
-35 -35 0.216576
-35 -30 0.190406
-35 -25 0.144974
-35 -20 0.096224
-35 -15 0.051901
-35 -10 0.023499
-35 -5 0.008508
-35 0 0.001170
-35 5 0.000002
-35 10 0.000000
-35 15 0.000000
-35 20 0.000000
-35 25 0.000000
-35 30 0.000000
-35 35 0.000000
-35 40 0.000000
-35 45 0.000000
-35 50 0.000000
-35 55 0.000000
-35 60 0.000000
-35 65 0.000000
-35 70 0.000000
-35 75 0.000000
-35 80 0.000000
-35 85 0.000000
-35 90 0.000000
-35 95 0.000150
-35 100 0.005767
-35 105 0.024698
-35 110 0.066065
-35 115 0.126585
-35 120 0.198971
-35 125 0.258727
-35 130 0.282732
-35 135 0.264925
-35 140 0.215789
-35 145 0.153506
-35 150 0.095538
-35 155 0.051449
-35 160 0.025777
-35 165 0.010244
-35 170 0.003324
-35 175 0.001015
-30 -180 0.000000
-30 -175 0.000000
-30 -170 0.000000
-30 -165 0.000000
-30 -160 0.000000
-30 -155 0.000000
-30 -150 0.000000
-30 -145 0.000000
-30 -140 0.000000
-30 -135 0.000000
-30 -130 0.000000
-30 -125 0.000000
-30 -120 0.000000
-30 -115 0.000000
-30 -110 0.000000
-30 -105 0.000000
-30 -100 0.000000
-30 -95 0.000000
-30 -90 0.000000
-30 -85 0.000000
-30 -80 0.000000
-30 -75 0.000398
-30 -70 0.002910
-30 -65 0.007190
-30 -60 0.017490
-30 -55 0.031426
-30 -50 0.046428
-30 -45 0.058791
-30 -40 0.063162
-30 -35 0.057608
-30 -30 0.044814
-30 -25 0.029762
-30 -20 0.017797
-30 -15 0.008164
-30 -10 0.003538
-30 -5 0.001509
-30 0 0.000289
-30 5 0.000000
-30 10 0.000000
-30 15 0.000000
-30 20 0.000000
-30 25 0.000000
-30 30 0.000000
-30 35 0.000000
-30 40 0.000000
-30 45 0.000000
-30 50 0.000000
-30 55 0.000000
-30 60 0.000000
-30 65 0.000000
-30 70 0.000000
-30 75 0.000000
-30 80 0.000000
-30 85 0.000000
-30 90 0.000000
-30 95 0.000000
-30 100 0.001875
-30 105 0.011140
-30 110 0.030519
-30 115 0.057818
-30 120 0.088095
-30 125 0.108675
-30 130 0.109270
-30 135 0.090746
-30 140 0.063465
-30 145 0.038008
-30 150 0.018989
-30 155 0.008435
-30 160 0.004435
-30 165 0.001940
-30 170 0.000660
-30 175 0.000186
-25 -180 0.000000
-25 -175 0.000000
-25 -170 0.000000
-25 -165 0.000000
-25 -160 0.000000
-25 -155 0.000000
-25 -150 0.000000
-25 -145 0.000000
-25 -140 0.000000
-25 -135 0.000000
-25 -130 0.000000
-25 -125 0.000000
-25 -120 0.000000
-25 -115 0.000000
-25 -110 0.000000
-25 -105 0.000000
-25 -100 0.000000
-25 -95 0.000000
-25 -90 0.000000
-25 -85 0.000000
-25 -80 0.000000
-25 -75 0.000174
-25 -70 0.001114
-25 -65 0.002484
-25 -60 0.005449
-25 -55 0.008889
-25 -50 0.012069
-25 -45 0.013925
-25 -40 0.013595
-25 -35 0.011106
-25 -30 0.007439
-25 -25 0.003901
-25 -20 0.001799
-25 -15 0.000321
-25 -10 0.000046
-25 -5 0.000022
-25 0 0.000005
-25 5 0.000000
-25 10 0.000000
-25 15 0.000000
-25 20 0.000000
-25 25 0.000000
-25 30 0.000000
-25 35 0.000000
-25 40 0.000000
-25 45 0.000000
-25 50 0.000000
-25 55 0.000000
-25 60 0.000000
-25 65 0.000000
-25 70 0.000000
-25 75 0.000000
-25 80 0.000000
-25 85 0.000000
-25 90 0.000000
-25 95 0.000000
-25 100 0.000660
-25 105 0.005624
-25 110 0.015172
-25 115 0.028495
-25 120 0.042607
-25 125 0.050756
-25 130 0.048161
-25 135 0.036388
-25 140 0.021878
-25 145 0.010243
-25 150 0.002604
-25 155 0.000034
-25 160 0.000000
-25 165 0.000000
-25 170 0.000000
-25 175 0.000000
-20 -180 0.000000
-20 -175 0.000000
-20 -170 0.000000
-20 -165 0.000000
-20 -160 0.000000
-20 -155 0.000000
-20 -150 0.000000
-20 -145 0.000000
-20 -140 0.000000
-20 -135 0.000000
-20 -130 0.000000
-20 -125 0.000000
-20 -120 0.000000
-20 -115 0.000000
-20 -110 0.000000
-20 -105 0.000000
-20 -100 0.000000
-20 -95 0.000000
-20 -90 0.000000
-20 -85 0.000000
-20 -80 0.000000
-20 -75 0.000015
-20 -70 0.000098
-20 -65 0.000215
-20 -60 0.000373
-20 -55 0.000511
-20 -50 0.000551
-20 -45 0.000467
-20 -40 0.000310
-20 -35 0.000162
-20 -30 0.000061
-20 -25 0.000000
-20 -20 0.000000
-20 -15 0.000000
-20 -10 0.000000
-20 -5 0.000000
-20 0 0.000000
-20 5 0.000000
-20 10 0.000000
-20 15 0.000000
-20 20 0.000000
-20 25 0.000000
-20 30 0.000000
-20 35 0.000000
-20 40 0.000000
-20 45 0.000000
-20 50 0.000000
-20 55 0.000000
-20 60 0.000000
-20 65 0.000000
-20 70 0.000000
-20 75 0.000000
-20 80 0.000000
-20 85 0.000000
-20 90 0.000000
-20 95 0.000000
-20 100 0.000000
-20 105 0.002103
-20 110 0.005956
-20 115 0.011611
-20 120 0.017797
-20 125 0.021483
-20 130 0.020449
-20 135 0.015370
-20 140 0.009131
-20 145 0.004290
-20 150 0.000912
-20 155 0.000000
-20 160 0.000000
-20 165 0.000000
-20 170 0.000000
-20 175 0.000000
-15 -180 0.000000
-15 -175 0.000000
-15 -170 0.000000
-15 -165 0.000000
-15 -160 0.000000
-15 -155 0.000000
-15 -150 0.000000
-15 -145 0.000000
-15 -140 0.000000
-15 -135 0.000000
-15 -130 0.000000
-15 -125 0.000000
-15 -120 0.000000
-15 -115 0.000000
-15 -110 0.000000
-15 -105 0.000000
-15 -100 0.000000
-15 -95 0.000000
-15 -90 0.000000
-15 -85 0.000000
-15 -80 0.000000
-15 -75 0.000000
-15 -70 0.000000
-15 -65 0.000000
-15 -60 0.000000
-15 -55 0.000000
-15 -50 0.000000
-15 -45 0.000000
-15 -40 0.000000
-15 -35 0.000000
-15 -30 0.000000
-15 -25 0.000000
-15 -20 0.000000
-15 -15 0.000000
-15 -10 0.000000
-15 -5 0.000000
-15 0 0.000000
-15 5 0.000000
-15 10 0.000000
-15 15 0.000000
-15 20 0.000000
-15 25 0.000000
-15 30 0.000000
-15 35 0.000000
-15 40 0.000000
-15 45 0.000000
-15 50 0.000000
-15 55 0.000000
-15 60 0.000000
-15 65 0.000000
-15 70 0.000000
-15 75 0.000000
-15 80 0.000000
-15 85 0.000000
-15 90 0.000000
-15 95 0.000000
-15 100 0.000000
-15 105 0.000983
-15 110 0.002779
-15 115 0.005416
-15 120 0.008298
-15 125 0.010010
-15 130 0.009522
-15 135 0.007152
-15 140 0.004246
-15 145 0.001994
-15 150 0.000421
-15 155 0.000000
-15 160 0.000000
-15 165 0.000000
-15 170 0.000000
-15 175 0.000000
-10 -180 0.000000
-10 -175 0.000000
-10 -170 0.000000
-10 -165 0.000000
-10 -160 0.000000
-10 -155 0.000000
-10 -150 0.000000
-10 -145 0.000000
-10 -140 0.000000
-10 -135 0.000000
-10 -130 0.000000
-10 -125 0.000000
-10 -120 0.000000
-10 -115 0.000000
-10 -110 0.000000
-10 -105 0.000000
-10 -100 0.000000
-10 -95 0.000000
-10 -90 0.000000
-10 -85 0.000000
-10 -80 0.000000
-10 -75 0.000000
-10 -70 0.000000
-10 -65 0.000000
-10 -60 0.000000
-10 -55 0.000000
-10 -50 0.000000
-10 -45 0.000000
-10 -40 0.000000
-10 -35 0.000000
-10 -30 0.000000
-10 -25 0.000000
-10 -20 0.000000
-10 -15 0.000000
-10 -10 0.000000
-10 -5 0.000000
-10 0 0.000000
-10 5 0.000000
-10 10 0.000000
-10 15 0.000000
-10 20 0.000000
-10 25 0.000000
-10 30 0.000000
-10 35 0.000000
-10 40 0.000000
-10 45 0.000000
-10 50 0.000000
-10 55 0.000000
-10 60 0.000000
-10 65 0.000000
-10 70 0.000000
-10 75 0.000000
-10 80 0.000000
-10 85 0.000000
-10 90 0.000000
-10 95 0.000000
-10 100 0.000000
-10 105 0.000321
-10 110 0.000907
-10 115 0.001767
-10 120 0.002707
-10 125 0.003265
-10 130 0.003106
-10 135 0.002333
-10 140 0.001385
-10 145 0.000650
-10 150 0.000137
-10 155 0.000000
-10 160 0.000000
-10 165 0.000000
-10 170 0.000000
-10 175 0.000000
-5 -180 0.000000
-5 -175 0.000000
-5 -170 0.000000
-5 -165 0.000000
-5 -160 0.000000
-5 -155 0.000000
-5 -150 0.000000
-5 -145 0.000000
-5 -140 0.000000
-5 -135 0.000000
-5 -130 0.000000
-5 -125 0.000000
-5 -120 0.000000
-5 -115 0.000000
-5 -110 0.000000
-5 -105 0.000000
-5 -100 0.000000
-5 -95 0.000000
-5 -90 0.000000
-5 -85 0.000000
-5 -80 0.000000
-5 -75 0.000000
-5 -70 0.000000
-5 -65 0.000000
-5 -60 0.000000
-5 -55 0.000000
-5 -50 0.000000
-5 -45 0.000000
-5 -40 0.000000
-5 -35 0.000000
-5 -30 0.000000
-5 -25 0.000000
-5 -20 0.000000
-5 -15 0.000000
-5 -10 0.000000
-5 -5 0.000000
-5 0 0.000000
-5 5 0.000000
-5 10 0.000000
-5 15 0.000000
-5 20 0.000000
-5 25 0.000000
-5 30 0.000000
-5 35 0.000000
-5 40 0.000000
-5 45 0.000000
-5 50 0.000000
-5 55 0.000000
-5 60 0.000000
-5 65 0.000000
-5 70 0.000000
-5 75 0.000000
-5 80 0.000000
-5 85 0.000000
-5 90 0.000000
-5 95 0.000000
-5 100 0.000000
-5 105 0.000000
-5 110 0.000000
-5 115 0.000000
-5 120 0.000000
-5 125 0.000000
-5 130 0.000000
-5 135 0.000000
-5 140 0.000000
-5 145 0.000000
-5 150 0.000000
-5 155 0.000000
-5 160 0.000000
-5 165 0.000000
-5 170 0.000000
-5 175 0.000000
0 -180 0.000000
0 -175 0.000000
0 -170 0.000000
0 -165 0.000000
0 -160 0.000000
0 -155 0.000000
0 -150 0.000000
0 -145 0.000000
0 -140 0.000000
0 -135 0.000000
0 -130 0.000000
0 -125 0.000000
0 -120 0.000000
0 -115 0.000000
0 -110 0.000000
0 -105 0.000000
0 -100 0.000000
0 -95 0.000000
0 -90 0.000000
0 -85 0.000000
0 -80 0.000000
0 -75 0.000000
0 -70 0.000000
0 -65 0.000000
0 -60 0.000000
0 -55 0.000000
0 -50 0.000000
0 -45 0.000000
0 -40 0.000000
0 -35 0.000000
0 -30 0.000000
0 -25 0.000000
0 -20 0.000000
0 -15 0.000000
0 -10 0.000000
0 -5 0.000000
0 0 0.000000
0 5 0.000000
0 10 0.000000
0 15 0.000000
0 20 0.000000
0 25 0.000000
0 30 0.000000
0 35 0.000000
0 40 0.000000
0 45 0.000000
0 50 0.000000
0 55 0.000000
0 60 0.000000
0 65 0.000000
0 70 0.000000
0 75 0.000000
0 80 0.000000
0 85 0.000000
0 90 0.000000
0 95 0.000000
0 100 0.000000
0 105 0.000000
0 110 0.000000
0 115 0.000000
0 120 0.000000
0 125 0.000000
0 130 0.000000
0 135 0.000000
0 140 0.000000
0 145 0.000000
0 150 0.000000
0 155 0.000000
0 160 0.000000
0 165 0.000000
0 170 0.000000
0 175 0.000000
5 -180 0.000000
5 -175 0.000000
5 -170 0.000000
5 -165 0.000000
5 -160 0.000000
5 -155 0.000000
5 -150 0.000000
5 -145 0.000000
5 -140 0.000000
5 -135 0.000000
5 -130 0.000000
5 -125 0.000000
5 -120 0.000000
5 -115 0.000000
5 -110 0.000000
5 -105 0.000000
5 -100 0.000000
5 -95 0.000000
5 -90 0.000000
5 -85 0.000000
5 -80 0.000000
5 -75 0.000000
5 -70 0.000000
5 -65 0.000000
5 -60 0.000000
5 -55 0.000000
5 -50 0.000000
5 -45 0.000000
5 -40 0.000000
5 -35 0.000000
5 -30 0.000000
5 -25 0.000000
5 -20 0.000000
5 -15 0.000000
5 -10 0.000000
5 -5 0.000000
5 0 0.000000
5 5 0.000000
5 10 0.000000
5 15 0.000000
5 20 0.000000
5 25 0.000000
5 30 0.000000
5 35 0.000000
5 40 0.000000
5 45 0.000000
5 50 0.000000
5 55 0.000000
5 60 0.000000
5 65 0.000000
5 70 0.000000
5 75 0.000000
5 80 0.000000
5 85 0.000000
5 90 0.000000
5 95 0.000000
5 100 0.000000
5 105 0.000000
5 110 0.000000
5 115 0.000000
5 120 0.000000
5 125 0.000000
5 130 0.000000
5 135 0.000000
5 140 0.000000
5 145 0.000000
5 150 0.000000
5 155 0.000000
5 160 0.000000
5 165 0.000000
5 170 0.000000
5 175 0.000000
10 -180 0.000000
10 -175 0.000000
10 -170 0.000000
10 -165 0.000000
10 -160 0.000000
10 -155 0.000000
10 -150 0.000000
10 -145 0.000000
10 -140 0.000000
10 -135 0.000000
10 -130 0.000000
10 -125 0.000000
10 -120 0.000000
10 -115 0.000000
10 -110 0.000000
10 -105 0.000000
10 -100 0.000000
10 -95 0.000000
10 -90 0.000000
10 -85 0.000000
10 -80 0.000000
10 -75 0.000000
10 -70 0.000000
10 -65 0.000000
10 -60 0.000000
10 -55 0.000000
10 -50 0.000000
10 -45 0.000000
10 -40 0.000000
10 -35 0.000000
10 -30 0.000000
10 -25 0.000000
10 -20 0.000000
10 -15 0.000000
10 -10 0.000000
10 -5 0.000000
10 0 0.000000
10 5 0.000000
10 10 0.000000
10 15 0.000000
10 20 0.000000
10 25 0.000000
10 30 0.000000
10 35 0.000000
10 40 0.000000
10 45 0.000000
10 50 0.000000
10 55 0.000000
10 60 0.000000
10 65 0.000000
10 70 0.000000
10 75 0.000000
10 80 0.000000
10 85 0.000000
10 90 0.000000
10 95 0.000000
10 100 0.000000
10 105 0.000000
10 110 0.000000
10 115 0.000000
10 120 0.000000
10 125 0.000000
10 130 0.000000
10 135 0.000000
10 140 0.000000
10 145 0.000000
10 150 0.000000
10 155 0.000000
10 160 0.000000
10 165 0.000000
10 170 0.000000
10 175 0.000000
15 -180 0.000000
15 -175 0.000000
15 -170 0.000000
15 -165 0.000000
15 -160 0.000000
15 -155 0.000000
15 -150 0.000000
15 -145 0.000000
15 -140 0.000000
15 -135 0.000000
15 -130 0.000000
15 -125 0.000000
15 -120 0.000000
15 -115 0.000000
15 -110 0.000000
15 -105 0.000000
15 -100 0.000000
15 -95 0.000000
15 -90 0.000000
15 -85 0.000000
15 -80 0.000000
15 -75 0.000000
15 -70 0.000000
15 -65 0.000000
15 -60 0.000000
15 -55 0.000000
15 -50 0.000000
15 -45 0.000000
15 -40 0.000000
15 -35 0.000000
15 -30 0.000000
15 -25 0.000000
15 -20 0.000000
15 -15 0.000000
15 -10 0.000000
15 -5 0.000000
15 0 0.000000
15 5 0.000000
15 10 0.000000
15 15 0.000000
15 20 0.000000
15 25 0.000000
15 30 0.000000
15 35 0.000000
15 40 0.000000
15 45 0.000000
15 50 0.000426
15 55 0.001069
15 60 0.002023
15 65 0.002990
15 70 0.003456
15 75 0.003128
15 80 0.002218
15 85 0.001234
15 90 0.000540
15 95 0.000047
15 100 0.000000
15 105 0.000000
15 110 0.000000
15 115 0.000000
15 120 0.000000
15 125 0.000000
15 130 0.000000
15 135 0.000000
15 140 0.000000
15 145 0.000000
15 150 0.000000
15 155 0.000000
15 160 0.000000
15 165 0.000000
15 170 0.000000
15 175 0.000000
20 -180 0.000000
20 -175 0.000000
20 -170 0.000000
20 -165 0.000000
20 -160 0.000000
20 -155 0.000000
20 -150 0.000000
20 -145 0.000000
20 -140 0.000000
20 -135 0.000000
20 -130 0.000000
20 -125 0.000000
20 -120 0.000000
20 -115 0.000000
20 -110 0.000000
20 -105 0.000000
20 -100 0.000000
20 -95 0.000000
20 -90 0.000000
20 -85 0.000000
20 -80 0.000000
20 -75 0.000000
20 -70 0.000000
20 -65 0.000000
20 -60 0.000000
20 -55 0.000000
20 -50 0.000000
20 -45 0.000000
20 -40 0.000000
20 -35 0.000000
20 -30 0.000000
20 -25 0.000000
20 -20 0.000000
20 -15 0.000000
20 -10 0.000000
20 -5 0.000000
20 0 0.000000
20 5 0.000000
20 10 0.000000
20 15 0.000000
20 20 0.000000
20 25 0.000021
20 30 0.000244
20 35 0.000798
20 40 0.001751
20 45 0.002903
20 50 0.005183
20 55 0.007468
20 60 0.009843
20 65 0.011685
20 70 0.011948
20 75 0.010072
20 80 0.006851
20 85 0.003717
20 90 0.001625
20 95 0.000143
20 100 0.000000
20 105 0.000000
20 110 0.000000
20 115 0.000000
20 120 0.000000
20 125 0.000000
20 130 0.000000
20 135 0.000000
20 140 0.000000
20 145 0.000000
20 150 0.000000
20 155 0.000000
20 160 0.000000
20 165 0.000000
20 170 0.000000
20 175 0.000000
25 -180 0.000000
25 -175 0.000000
25 -170 0.000000
25 -165 0.000000
25 -160 0.000000
25 -155 0.000038
25 -150 0.000130
25 -145 0.000263
25 -140 0.000452
25 -135 0.000621
25 -130 0.000707
25 -125 0.000690
25 -120 0.000589
25 -115 0.000441
25 -110 0.000272
25 -105 0.000139
25 -100 0.000065
25 -95 0.000014
25 -90 0.000000
25 -85 0.000000
25 -80 0.000000
25 -75 0.000000
25 -70 0.000000
25 -65 0.000000
25 -60 0.000000
25 -55 0.000000
25 -50 0.000000
25 -45 0.000000
25 -40 0.000000
25 -35 0.000000
25 -30 0.000000
25 -25 0.000000
25 -20 0.000000
25 -15 0.000000
25 -10 0.000000
25 -5 0.000000
25 0 0.000000
25 5 0.000000
25 10 0.000000
25 15 0.000000
25 20 0.000223
25 25 0.001282
25 30 0.004610
25 35 0.010882
25 40 0.020942
25 45 0.032003
25 50 0.043479
25 55 0.050383
25 60 0.051897
25 65 0.048030
25 70 0.039919
25 75 0.029118
25 80 0.018398
25 85 0.009548
25 90 0.004449
25 95 0.000905
25 100 0.000238
25 105 0.000000
25 110 0.000000
25 115 0.000000
25 120 0.000000
25 125 0.000000
25 130 0.000000
25 135 0.000000
25 140 0.000000
25 145 0.000000
25 150 0.000000
25 155 0.000000
25 160 0.000000
25 165 0.000000
25 170 0.000000
25 175 0.000000
30 -180 0.000000
30 -175 0.000000
30 -170 0.000000
30 -165 0.000000
30 -160 0.000000
30 -155 0.000435
30 -150 0.001479
30 -145 0.002994
30 -140 0.005992
30 -135 0.009329
30 -130 0.012379
30 -125 0.014375
30 -120 0.014414
30 -115 0.012189
30 -110 0.008353
30 -105 0.004621
30 -100 0.002131
30 -95 0.000386
30 -90 0.000000
30 -85 0.000000
30 -80 0.000000
30 -75 0.000000
30 -70 0.000000
30 -65 0.000000
30 -60 0.000000
30 -55 0.000000
30 -50 0.000000
30 -45 0.000000
30 -40 0.000000
30 -35 0.000000
30 -30 0.000000
30 -25 0.000000
30 -20 0.000000
30 -15 0.000000
30 -10 0.000000
30 -5 0.000000
30 0 0.000000
30 5 0.000255
30 10 0.000962
30 15 0.003423
30 20 0.009011
30 25 0.020862
30 30 0.041133
30 35 0.071234
30 40 0.108508
30 45 0.143131
30 50 0.169281
30 55 0.175953
30 60 0.162860
30 65 0.135122
30 70 0.101019
30 75 0.068256
30 80 0.040867
30 85 0.021263
30 90 0.010324
30 95 0.002949
30 100 0.000959
30 105 0.000000
30 110 0.000000
30 115 0.000000
30 120 0.000000
30 125 0.000000
30 130 0.000000
30 135 0.000000
30 140 0.000000
30 145 0.000000
30 150 0.000000
30 155 0.000000
30 160 0.000000
30 165 0.000000
30 170 0.000000
30 175 0.000000
35 -180 0.000000
35 -175 0.000000
35 -170 0.000000
35 -165 0.000000
35 -160 0.000000
35 -155 0.001209
35 -150 0.004063
35 -145 0.008209
35 -140 0.015946
35 -135 0.024263
35 -130 0.031429
35 -125 0.035658
35 -120 0.035094
35 -115 0.029295
35 -110 0.019859
35 -105 0.010907
35 -100 0.005029
35 -95 0.000908
35 -90 0.000000
35 -85 0.000000
35 -80 0.000000
35 -75 0.000000
35 -70 0.000000
35 -65 0.000000
35 -60 0.000000
35 -55 0.000000
35 -50 0.000000
35 -45 0.000000
35 -40 0.000000
35 -35 0.000000
35 -30 0.000000
35 -25 0.000000
35 -20 0.000000
35 -15 0.000000
35 -10 0.000000
35 -5 0.000000
35 0 0.000523
35 5 0.002555
35 10 0.006981
35 15 0.017987
35 20 0.041289
35 25 0.081969
35 30 0.142504
35 35 0.221871
35 40 0.306290
35 45 0.372177
35 50 0.406743
35 55 0.395715
35 60 0.343977
35 65 0.267002
35 70 0.187363
35 75 0.119940
35 80 0.068757
35 85 0.035424
35 90 0.017545
35 95 0.005768
35 100 0.001997
35 105 0.000000
35 110 0.000000
35 115 0.000000
35 120 0.000000
35 125 0.000000
35 130 0.000000
35 135 0.000000
35 140 0.000000
35 145 0.000000
35 150 0.000000
35 155 0.000000
35 160 0.000000
35 165 0.000000
35 170 0.000000
35 175 0.000000
40 -180 0.000000
40 -175 0.000000
40 -170 0.000000
40 -165 0.000000
40 -160 0.000000
40 -155 0.002515
40 -150 0.008393
40 -145 0.016932
40 -140 0.032241
40 -135 0.048273
40 -130 0.061442
40 -125 0.068482
40 -120 0.066411
40 -115 0.054858
40 -110 0.036854
40 -105 0.020120
40 -100 0.009274
40 -95 0.001671
40 -90 0.000000
40 -85 0.000000
40 -80 0.000000
40 -75 0.000000
40 -70 0.000000
40 -65 0.000000
40 -60 0.000000
40 -55 0.000000
40 -50 0.000000
40 -45 0.000000
40 -40 0.000000
40 -35 0.000000
40 -30 0.000000
40 -25 0.000000
40 -20 0.000000
40 -15 0.000000
40 -10 0.000000
40 -5 0.000000
40 0 0.001979
40 5 0.008723
40 10 0.023966
40 15 0.056409
40 20 0.119106
40 25 0.215181
40 30 0.342998
40 35 0.493055
40 40 0.632378
40 45 0.721625
40 50 0.744250
40 55 0.689620
40 60 0.574103
40 65 0.426210
40 70 0.287257
40 75 0.177461
40 80 0.098597
40 85 0.050648
40 90 0.025365
40 95 0.009139
40 100 0.003291
40 105 0.000000
40 110 0.000000
40 115 0.000000
40 120 0.000000
40 125 0.000000
40 130 0.000000
40 135 0.000000
40 140 0.000000
40 145 0.000000
40 150 0.000000
40 155 0.000000
40 160 0.000000
40 165 0.000000
40 170 0.000000
40 175 0.000000
45 -180 0.000000
45 -175 0.000000
45 -170 0.000000
45 -165 0.000000
45 -160 0.000000
45 -155 0.003993
45 -150 0.013257
45 -145 0.026719
45 -140 0.050117
45 -135 0.074109
45 -130 0.093013
45 -125 0.102166
45 -120 0.097841
45 -115 0.080086
45 -110 0.053376
45 -105 0.028983
45 -100 0.013356
45 -95 0.002402
45 -90 0.000000
45 -85 0.000000
45 -80 0.000198
45 -75 0.000659
45 -70 0.001329
45 -65 0.002116
45 -60 0.002661
45 -55 0.002648
45 -50 0.002084
45 -45 0.001297
45 -40 0.000638
45 -35 0.000183
45 -30 0.000000
45 -25 0.000000
45 -20 0.000000
45 -15 0.000000
45 -10 0.000000
45 -5 0.000469
45 0 0.006294
45 5 0.024632
45 10 0.064242
45 15 0.138218
45 20 0.266268
45 25 0.440748
45 30 0.648585
45 35 0.866610
45 40 1.040400
45 45 1.121390
45 50 1.097920
45 55 0.973470
45 60 0.780543
45 65 0.558465
45 70 0.365138
45 75 0.219764
45 80 0.118976
45 85 0.061086
45 90 0.030680
45 95 0.011631
45 100 0.004289
45 105 0.000000
45 110 0.000000
45 115 0.000000
45 120 0.000000
45 125 0.000000
45 130 0.000000
45 135 0.000000
45 140 0.000000
45 145 0.000000
45 150 0.000000
45 155 0.000000
45 160 0.000000
45 165 0.000000
45 170 0.000000
45 175 0.000000
50 -180 0.000000
50 -175 0.000000
50 -170 0.000000
50 -165 0.000000
50 -160 0.000000
50 -155 0.005139
50 -150 0.016964
50 -145 0.034153
50 -140 0.062835
50 -135 0.091400
50 -130 0.112535
50 -125 0.121074
50 -120 0.113835
50 -115 0.091910
50 -110 0.060518
50 -105 0.032584
50 -100 0.015013
50 -95 0.002696
50 -90 0.000000
50 -85 0.000000
50 -80 0.000675
50 -75 0.002241
50 -70 0.004518
50 -65 0.007190
50 -60 0.009046
50 -55 0.009001
50 -50 0.007085
50 -45 0.004409
50 -40 0.002169
50 -35 0.000623
50 -30 0.000000
50 -25 0.000000
50 -20 0.000000
50 -15 0.000475
50 -10 0.001825
50 -5 0.005559
50 0 0.021078
50 5 0.060534
50 10 0.137974
50 15 0.267450
50 20 0.471818
50 25 0.723550
50 30 0.993847
50 35 1.244285
50 40 1.405725
50 45 1.433023
50 50 1.331825
50 55 1.128415
50 60 0.871615
50 65 0.602422
50 70 0.385128
50 75 0.227658
50 80 0.120774
50 85 0.061990
50 90 0.030862
50 95 0.011815
50 100 0.004419
50 105 0.000000
50 110 0.000000
50 115 0.000000
50 120 0.000000
50 125 0.000000
50 130 0.000000
50 135 0.000000
50 140 0.000000
50 145 0.000000
50 150 0.000000
50 155 0.000000
50 160 0.000000
50 165 0.000000
50 170 0.000000
50 175 0.000000
55 -180 0.000000
55 -175 0.000000
55 -170 0.000000
55 -165 0.000000
55 -160 0.000000
55 -155 0.005385
55 -150 0.017665
55 -145 0.035522
55 -140 0.063893
55 -135 0.091104
55 -130 0.109480
55 -125 0.114593
55 -120 0.105024
55 -115 0.083139
55 -110 0.053765
55 -105 0.028578
55 -100 0.013166
55 -95 0.002361
55 -90 0.000000
55 -85 0.000000
55 -80 0.001366
55 -75 0.004537
55 -70 0.009145
55 -65 0.014556
55 -60 0.018313
55 -55 0.018221
55 -50 0.014342
55 -45 0.008926
55 -40 0.004390
55 -35 0.001261
55 -30 0.000000
55 -25 0.000000
55 -20 0.000000
55 -15 0.001367
55 -10 0.005063
55 -5 0.014168
55 0 0.042855
55 5 0.108138
55 10 0.228573
55 15 0.414733
55 20 0.684763
55 25 0.986115
55 30 1.272725
55 35 1.494905
55 40 1.586595
55 45 1.523458
55 50 1.337552
55 55 1.077455
55 60 0.799540
55 65 0.533772
55 70 0.335718
55 75 0.196118
55 80 0.102476
55 85 0.052492
55 90 0.025606
55 95 0.009536
55 100 0.003597
55 105 0.000000
55 110 0.000000
55 115 0.000000
55 120 0.000000
55 125 0.000000
55 130 0.000403
55 135 0.001175
55 140 0.002305
55 145 0.003559
55 150 0.004333
55 155 0.004163
55 160 0.003161
55 165 0.001898
55 170 0.000901
55 175 0.000208
60 -180 0.000000
60 -175 0.000000
60 -170 0.000000
60 -165 0.000000
60 -160 0.000000
60 -155 0.004605
60 -150 0.015014
60 -145 0.030155
60 -140 0.052942
60 -135 0.073827
60 -130 0.086224
60 -125 0.087219
60 -120 0.077286
60 -115 0.059523
60 -110 0.037498
60 -105 0.019547
60 -100 0.009004
60 -95 0.001613
60 -90 0.000000
60 -85 0.000000
60 -80 0.002184
60 -75 0.007255
60 -70 0.014624
60 -65 0.023276
60 -60 0.029283
60 -55 0.029137
60 -50 0.022934
60 -45 0.014274
60 -40 0.007020
60 -35 0.002016
60 -30 0.000000
60 -25 0.000000
60 -20 0.000000
60 -15 0.002675
60 -10 0.009821
60 -5 0.026358
60 0 0.070005
60 5 0.160284
60 10 0.316175
60 15 0.540058
60 20 0.836847
60 25 1.134502
60 30 1.376103
60 35 1.513373
60 40 1.503690
60 45 1.352978
60 50 1.115285
60 55 0.848537
60 60 0.602108
60 65 0.387217
60 70 0.240348
60 75 0.139092
60 80 0.071756
60 85 0.036554
60 90 0.017290
60 95 0.006078
60 100 0.002310
60 105 0.000000
60 110 0.000000
60 115 0.000000
60 120 0.000000
60 125 0.000000
60 130 0.001068
60 135 0.003111
60 140 0.006105
60 145 0.009428
60 150 0.011477
60 155 0.011027
60 160 0.008372
60 165 0.005027
60 170 0.002387
60 175 0.000550
65 -180 0.000000
65 -175 0.000000
65 -170 0.000000
65 -165 0.000000
65 -160 0.000000
65 -155 0.003214
65 -150 0.010421
65 -145 0.020907
65 -140 0.035845
65 -135 0.048854
65 -130 0.055324
65 -125 0.053793
65 -120 0.045703
65 -115 0.033929
65 -110 0.020591
65 -105 0.010423
65 -100 0.004801
65 -95 0.000859
65 -90 0.000000
65 -85 0.000000
65 -80 0.002761
65 -75 0.009172
65 -70 0.018488
65 -65 0.029427
65 -60 0.037021
65 -55 0.036837
65 -50 0.028994
65 -45 0.018046
65 -40 0.008875
65 -35 0.002549
65 -30 0.000000
65 -25 0.000000
65 -20 0.000000
65 -15 0.004117
65 -10 0.014968
65 -5 0.038783
65 0 0.093999
65 5 0.198232
65 10 0.365728
65 15 0.590255
65 20 0.861233
65 25 1.103275
65 30 1.260383
65 35 1.297875
65 40 1.203995
65 45 1.009192
65 50 0.774825
65 55 0.551767
65 60 0.371845
65 65 0.229998
65 70 0.141810
65 75 0.081876
65 80 0.042050
65 85 0.021291
65 90 0.009657
65 95 0.003061
65 100 0.001169
65 105 0.000000
65 110 0.000000
65 115 0.000000
65 120 0.000000
65 125 0.000000
65 130 0.002048
65 135 0.005969
65 140 0.011711
65 145 0.018086
65 150 0.022016
65 155 0.021154
65 160 0.016061
65 165 0.009643
65 170 0.004580
65 175 0.001055
70 -180 0.000000
70 -175 0.000000
70 -170 0.000000
70 -165 0.000000
70 -160 0.000000
70 -155 0.001814
70 -150 0.005852
70 -145 0.011728
70 -140 0.019679
70 -135 0.026242
70 -130 0.028813
70 -125 0.026847
70 -120 0.021709
70 -115 0.015375
70 -110 0.008856
70 -105 0.004287
70 -100 0.001974
70 -95 0.000352
70 -90 0.000000
70 -85 0.000000
70 -80 0.002761
70 -75 0.009172
70 -70 0.018488
70 -65 0.029427
70 -60 0.037021
70 -55 0.036837
70 -50 0.028994
70 -45 0.018046
70 -40 0.008875
70 -35 0.002549
70 -30 0.000000
70 -25 0.000000
70 -20 0.000000
70 -15 0.004993
70 -10 0.017948
70 -5 0.045139
70 0 0.102501
70 5 0.201966
70 10 0.350415
70 15 0.537065
70 20 0.741772
70 25 0.902740
70 30 0.975455
70 35 0.942640
70 40 0.814337
70 45 0.629923
70 50 0.442975
70 55 0.288385
70 60 0.179927
70 65 0.105336
70 70 0.064685
70 75 0.037556
70 80 0.019294
70 85 0.009759
70 90 0.004119
70 95 0.001016
70 100 0.000388
70 105 0.000000
70 110 0.000000
70 115 0.000000
70 120 0.000000
70 125 0.000000
70 130 0.003080
70 135 0.008976
70 140 0.017611
70 145 0.027197
70 150 0.033107
70 155 0.031810
70 160 0.024151
70 165 0.014500
70 170 0.006887
70 175 0.001587
75 -180 0.000000
75 -175 0.000000
75 -170 0.000000
75 -165 0.000000
75 -160 0.000000
75 -155 0.000727
75 -150 0.002314
75 -145 0.004626
75 -140 0.007296
75 -135 0.009091
75 -130 0.008956
75 -125 0.006979
75 -120 0.004301
75 -115 0.002096
75 -110 0.000571
75 -105 0.000000
75 -100 0.000000
75 -95 0.000000
75 -90 0.000000
75 -85 0.000000
75 -80 0.002184
75 -75 0.007255
75 -70 0.014624
75 -65 0.023276
75 -60 0.029283
75 -55 0.029137
75 -50 0.022934
75 -45 0.014274
75 -40 0.007020
75 -35 0.002016
75 -30 0.000000
75 -25 0.000000
75 -20 0.000000
75 -15 0.004777
75 -10 0.016958
75 -5 0.041573
75 0 0.089997
75 5 0.167626
75 10 0.275228
75 15 0.402288
75 20 0.528220
75 25 0.612793
75 30 0.628085
75 35 0.569553
75 40 0.455500
75 45 0.319350
75 50 0.198627
75 55 0.111637
75 60 0.059736
75 65 0.031075
75 70 0.018948
75 75 0.010913
75 80 0.005558
75 85 0.002621
75 90 0.000885
75 95 0.000000
75 100 0.000000
75 105 0.000000
75 110 0.000000
75 115 0.000000
75 120 0.000000
75 125 0.000000
75 130 0.003636
75 135 0.010594
75 140 0.020787
75 145 0.032101
75 150 0.039077
75 155 0.037547
75 160 0.028507
75 165 0.017115
75 170 0.008129
75 175 0.001873
80 -180 0.000000
80 -175 0.000000
80 -170 0.000000
80 -165 0.000000
80 -160 0.000000
80 -155 0.000214
80 -150 0.000681
80 -145 0.001361
80 -140 0.002147
80 -135 0.002675
80 -130 0.002635
80 -125 0.002053
80 -120 0.001266
80 -115 0.000617
80 -110 0.000168
80 -105 0.000000
80 -100 0.000000
80 -95 0.000000
80 -90 0.000000
80 -85 0.000000
80 -80 0.001366
80 -75 0.004537
80 -70 0.009145
80 -65 0.014556
80 -60 0.018313
80 -55 0.018221
80 -50 0.014342
80 -45 0.008926
80 -40 0.004390
80 -35 0.001261
80 -30 0.000000
80 -25 0.000000
80 -20 0.000000
80 -15 0.003611
80 -10 0.012642
80 -5 0.030315
80 0 0.063106
80 5 0.111947
80 10 0.174821
80 15 0.244771
80 20 0.306385
80 25 0.340015
80 30 0.331333
80 35 0.282158
80 40 0.207904
80 45 0.130035
80 50 0.069108
80 55 0.031231
80 60 0.012542
80 65 0.005896
80 70 0.004164
80 75 0.002773
80 80 0.001652
80 85 0.000839
80 90 0.000283
80 95 0.000000
80 100 0.000000
80 105 0.000000
80 110 0.000000
80 115 0.000000
80 120 0.000000
80 125 0.000000
80 130 0.003373
80 135 0.009830
80 140 0.019286
80 145 0.029784
80 150 0.036256
80 155 0.034836
80 160 0.026449
80 165 0.015880
80 170 0.007542
80 175 0.001738
85 -180 0.000000
85 -175 0.000000
85 -170 0.000000
85 -165 0.000000
85 -160 0.000000
85 -155 0.000000
85 -150 0.000000
85 -145 0.000000
85 -140 0.000000
85 -135 0.000000
85 -130 0.000000
85 -125 0.000000
85 -120 0.000000
85 -115 0.000000
85 -110 0.000000
85 -105 0.000000
85 -100 0.000000
85 -95 0.000000
85 -90 0.000000
85 -85 0.000000
85 -80 0.000675
85 -75 0.002241
85 -70 0.004518
85 -65 0.007190
85 -60 0.009046
85 -55 0.009001
85 -50 0.007085
85 -45 0.004409
85 -40 0.002169
85 -35 0.000623
85 -30 0.000000
85 -25 0.000000
85 -20 0.000000
85 -15 0.002158
85 -10 0.007445
85 -5 0.017510
85 0 0.035229
85 5 0.059674
85 10 0.088261
85 15 0.117756
85 20 0.139685
85 25 0.147695
85 30 0.136660
85 35 0.109683
85 40 0.074883
85 45 0.041766
85 50 0.018551
85 55 0.006030
85 60 0.000579
85 65 0.000000
85 70 0.000000
85 75 0.000000
85 80 0.000000
85 85 0.000000
85 90 0.000000
85 95 0.000000
85 100 0.000000
85 105 0.000000
85 110 0.000000
85 115 0.000000
85 120 0.000000
85 125 0.000000
85 130 0.002464
85 135 0.007179
85 140 0.014086
85 145 0.021753
85 150 0.026481
85 155 0.025444
85 160 0.019318
85 165 0.011598
85 170 0.005508
85 175 0.001269
90 -180 0.000000
90 -175 0.000000
90 -170 0.000000
90 -165 0.000000
90 -160 0.000000
90 -155 0.000000
90 -150 0.000000
90 -145 0.000000
90 -140 0.000000
90 -135 0.000000
90 -130 0.000000
90 -125 0.000000
90 -120 0.000000
90 -115 0.000000
90 -110 0.000000
90 -105 0.000000
90 -100 0.000000
90 -95 0.000000
90 -90 0.000000
90 -85 0.000000
90 -80 0.000198
90 -75 0.000659
90 -70 0.001329
90 -65 0.002116
90 -60 0.002661
90 -55 0.002648
90 -50 0.002084
90 -45 0.001297
90 -40 0.000638
90 -35 0.000183
90 -30 0.000000
90 -25 0.000000
90 -20 0.000000
90 -15 0.001020
90 -10 0.003467
90 -5 0.007862
90 0 0.015084
90 5 0.023658
90 10 0.031926
90 15 0.039138
90 20 0.042765
90 25 0.042510
90 30 0.037783
90 35 0.029841
90 40 0.020361
90 45 0.011267
90 50 0.005082
90 55 0.001731
90 60 0.000000
90 65 0.000000
90 70 0.000000
90 75 0.000000
90 80 0.000000
90 85 0.000000
90 90 0.000000
90 95 0.000000
90 100 0.000000
90 105 0.000000
90 110 0.000000
90 115 0.000000
90 120 0.000000
90 125 0.000000
90 130 0.001419
90 135 0.004134
90 140 0.008111
90 145 0.012526
90 150 0.015248
90 155 0.014651
90 160 0.011123
90 165 0.006678
90 170 0.003172
90 175 0.000731
95 -180 0.000000
95 -175 0.000000
95 -170 0.000000
95 -165 0.000000
95 -160 0.000000
95 -155 0.000000
95 -150 0.000000
95 -145 0.000000
95 -140 0.000000
95 -135 0.000000
95 -130 0.000000
95 -125 0.000000
95 -120 0.000000
95 -115 0.000000
95 -110 0.000000
95 -105 0.000000
95 -100 0.000000
95 -95 0.000000
95 -90 0.000000
95 -85 0.000000
95 -80 0.000000
95 -75 0.000000
95 -70 0.000000
95 -65 0.000000
95 -60 0.000000
95 -55 0.000000
95 -50 0.000000
95 -45 0.000000
95 -40 0.000000
95 -35 0.000000
95 -30 0.000000
95 -25 0.000000
95 -20 0.000000
95 -15 0.000227
95 -10 0.000684
95 -5 0.001429
95 0 0.002488
95 5 0.003406
95 10 0.004004
95 15 0.004680
95 20 0.005146
95 25 0.005763
95 30 0.006180
95 35 0.005989
95 40 0.004863
95 45 0.003135
95 50 0.001648
95 55 0.000643
95 60 0.000000
95 65 0.000000
95 70 0.000000
95 75 0.000000
95 80 0.000000
95 85 0.000000
95 90 0.000000
95 95 0.000000
95 100 0.000000
95 105 0.000000
95 110 0.000000
95 115 0.000000
95 120 0.000000
95 125 0.000000
95 130 0.000645
95 135 0.001879
95 140 0.003687
95 145 0.005694
95 150 0.006931
95 155 0.006660
95 160 0.005056
95 165 0.003036
95 170 0.001442
95 175 0.000332
100 -180 0.000000
100 -175 0.000000
100 -170 0.000000
100 -165 0.000000
100 -160 0.000000
100 -155 0.000000
100 -150 0.000000
100 -145 0.000000
100 -140 0.000000
100 -135 0.000000
100 -130 0.000000
100 -125 0.000000
100 -120 0.000000
100 -115 0.000000
100 -110 0.000000
100 -105 0.000000
100 -100 0.000000
100 -95 0.000000
100 -90 0.000000
100 -85 0.000000
100 -80 0.000000
100 -75 0.000000
100 -70 0.000000
100 -65 0.000000
100 -60 0.000000
100 -55 0.000000
100 -50 0.000000
100 -45 0.000000
100 -40 0.000000
100 -35 0.000000
100 -30 0.000000
100 -25 0.000000
100 -20 0.000000
100 -15 0.000000
100 -10 0.000000
100 -5 0.000000
100 0 0.000000
100 5 0.000000
100 10 0.000000
100 15 0.000000
100 20 0.000000
100 25 0.000000
100 30 0.000000
100 35 0.000000
100 40 0.000000
100 45 0.000000
100 50 0.000000
100 55 0.000000
100 60 0.000000
100 65 0.000000
100 70 0.000000
100 75 0.000000
100 80 0.000000
100 85 0.000000
100 90 0.000000
100 95 0.000000
100 100 0.000000
100 105 0.000000
100 110 0.000000
100 115 0.000000
100 120 0.000000
100 125 0.000000
100 130 0.000101
100 135 0.000294
100 140 0.000576
100 145 0.000890
100 150 0.001083
100 155 0.001041
100 160 0.000790
100 165 0.000474
100 170 0.000225
100 175 0.000052
105 -180 0.000000
105 -175 0.000000
105 -170 0.000000
105 -165 0.000000
105 -160 0.000000
105 -155 0.000000
105 -150 0.000000
105 -145 0.000000
105 -140 0.000000
105 -135 0.000000
105 -130 0.000000
105 -125 0.000000
105 -120 0.000000
105 -115 0.000000
105 -110 0.000000
105 -105 0.000000
105 -100 0.000000
105 -95 0.000000
105 -90 0.000000
105 -85 0.000000
105 -80 0.000000
105 -75 0.000000
105 -70 0.000000
105 -65 0.000000
105 -60 0.000000
105 -55 0.000000
105 -50 0.000000
105 -45 0.000000
105 -40 0.000000
105 -35 0.000000
105 -30 0.000000
105 -25 0.000000
105 -20 0.000000
105 -15 0.000000
105 -10 0.000000
105 -5 0.000000
105 0 0.000000
105 5 0.000000
105 10 0.000000
105 15 0.000000
105 20 0.000000
105 25 0.000000
105 30 0.000000
105 35 0.000000
105 40 0.000000
105 45 0.000000
105 50 0.000000
105 55 0.000000
105 60 0.000000
105 65 0.000000
105 70 0.000000
105 75 0.000000
105 80 0.000000
105 85 0.000000
105 90 0.000000
105 95 0.000000
105 100 0.000000
105 105 0.000000
105 110 0.000000
105 115 0.000000
105 120 0.000000
105 125 0.000000
105 130 0.000000
105 135 0.000000
105 140 0.000000
105 145 0.000000
105 150 0.000000
105 155 0.000000
105 160 0.000000
105 165 0.000000
105 170 0.000000
105 175 0.000000
110 -180 0.000000
110 -175 0.000000
110 -170 0.000000
110 -165 0.000000
110 -160 0.000000
110 -155 0.000000
110 -150 0.000000
110 -145 0.000000
110 -140 0.000000
110 -135 0.000000
110 -130 0.000000
110 -125 0.000000
110 -120 0.000000
110 -115 0.000000
110 -110 0.000000
110 -105 0.000000
110 -100 0.000000
110 -95 0.000000
110 -90 0.000000
110 -85 0.000000
110 -80 0.000000
110 -75 0.000000
110 -70 0.000000
110 -65 0.000000
110 -60 0.000000
110 -55 0.000000
110 -50 0.000000
110 -45 0.000000
110 -40 0.000000
110 -35 0.000000
110 -30 0.000000
110 -25 0.000000
110 -20 0.000000
110 -15 0.000000
110 -10 0.000000
110 -5 0.000000
110 0 0.000000
110 5 0.000000
110 10 0.000000
110 15 0.000000
110 20 0.000000
110 25 0.000000
110 30 0.000000
110 35 0.000000
110 40 0.000000
110 45 0.000000
110 50 0.000000
110 55 0.000000
110 60 0.000000
110 65 0.000000
110 70 0.000000
110 75 0.000000
110 80 0.000000
110 85 0.000000
110 90 0.000000
110 95 0.000000
110 100 0.000000
110 105 0.000000
110 110 0.000000
110 115 0.000000
110 120 0.000000
110 125 0.000000
110 130 0.000000
110 135 0.000000
110 140 0.000000
110 145 0.000000
110 150 0.000000
110 155 0.000000
110 160 0.000000
110 165 0.000000
110 170 0.000000
110 175 0.000000
115 -180 0.000000
115 -175 0.000000
115 -170 0.000000
115 -165 0.000000
115 -160 0.000000
115 -155 0.000000
115 -150 0.000000
115 -145 0.000000
115 -140 0.000000
115 -135 0.000000
115 -130 0.000000
115 -125 0.000000
115 -120 0.000000
115 -115 0.000000
115 -110 0.000000
115 -105 0.000000
115 -100 0.000000
115 -95 0.000000
115 -90 0.000000
115 -85 0.000000
115 -80 0.000000
115 -75 0.000000
115 -70 0.000000
115 -65 0.000000
115 -60 0.000000
115 -55 0.000000
115 -50 0.000000
115 -45 0.000000
115 -40 0.000000
115 -35 0.000000
115 -30 0.000000
115 -25 0.000000
115 -20 0.000000
115 -15 0.000000
115 -10 0.000000
115 -5 0.000000
115 0 0.000000
115 5 0.000000
115 10 0.000000
115 15 0.000000
115 20 0.000000
115 25 0.000000
115 30 0.000000
115 35 0.000000
115 40 0.000000
115 45 0.000000
115 50 0.000000
115 55 0.000000
115 60 0.000000
115 65 0.000000
115 70 0.000000
115 75 0.000000
115 80 0.000000
115 85 0.000000
115 90 0.000000
115 95 0.000000
115 100 0.000000
115 105 0.000000
115 110 0.000000
115 115 0.000000
115 120 0.000000
115 125 0.000000
115 130 0.000000
115 135 0.000000
115 140 0.000000
115 145 0.000000
115 150 0.000000
115 155 0.000000
115 160 0.000000
115 165 0.000000
115 170 0.000000
115 175 0.000000
120 -180 0.000000
120 -175 0.000000
120 -170 0.000000
120 -165 0.000000
120 -160 0.000000
120 -155 0.000000
120 -150 0.000000
120 -145 0.000000
120 -140 0.000000
120 -135 0.000000
120 -130 0.000000
120 -125 0.000000
120 -120 0.000000
120 -115 0.000000
120 -110 0.000000
120 -105 0.000000
120 -100 0.000000
120 -95 0.000000
120 -90 0.000000
120 -85 0.000000
120 -80 0.000000
120 -75 0.000000
120 -70 0.000000
120 -65 0.000000
120 -60 0.000000
120 -55 0.000000
120 -50 0.000000
120 -45 0.000000
120 -40 0.000000
120 -35 0.000000
120 -30 0.000000
120 -25 0.000000
120 -20 0.000000
120 -15 0.000000
120 -10 0.000000
120 -5 0.000000
120 0 0.000000
120 5 0.000000
120 10 0.000000
120 15 0.000000
120 20 0.000000
120 25 0.000000
120 30 0.000000
120 35 0.000000
120 40 0.000000
120 45 0.000000
120 50 0.000000
120 55 0.000000
120 60 0.000000
120 65 0.000000
120 70 0.000000
120 75 0.000000
120 80 0.000000
120 85 0.000000
120 90 0.000000
120 95 0.000000
120 100 0.000000
120 105 0.000000
120 110 0.000000
120 115 0.000000
120 120 0.000000
120 125 0.000000
120 130 0.000000
120 135 0.000000
120 140 0.000000
120 145 0.000000
120 150 0.000000
120 155 0.000000
120 160 0.000000
120 165 0.000000
120 170 0.000000
120 175 0.000000
125 -180 0.000000
125 -175 0.000000
125 -170 0.000000
125 -165 0.000000
125 -160 0.000000
125 -155 0.000000
125 -150 0.000000
125 -145 0.000000
125 -140 0.000000
125 -135 0.000000
125 -130 0.000000
125 -125 0.000000
125 -120 0.000000
125 -115 0.000000
125 -110 0.000000
125 -105 0.000000
125 -100 0.000000
125 -95 0.000000
125 -90 0.000000
125 -85 0.000000
125 -80 0.000000
125 -75 0.000000
125 -70 0.000000
125 -65 0.000000
125 -60 0.000000
125 -55 0.000000
125 -50 0.000000
125 -45 0.000000
125 -40 0.000000
125 -35 0.000000
125 -30 0.000000
125 -25 0.000000
125 -20 0.000000
125 -15 0.000000
125 -10 0.000000
125 -5 0.000000
125 0 0.000000
125 5 0.000000
125 10 0.000000
125 15 0.000000
125 20 0.000000
125 25 0.000000
125 30 0.000000
125 35 0.000000
125 40 0.000000
125 45 0.000000
125 50 0.000000
125 55 0.000000
125 60 0.000000
125 65 0.000000
125 70 0.000000
125 75 0.000000
125 80 0.000000
125 85 0.000000
125 90 0.000000
125 95 0.000000
125 100 0.000000
125 105 0.000000
125 110 0.000000
125 115 0.000000
125 120 0.000000
125 125 0.000000
125 130 0.000000
125 135 0.000000
125 140 0.000000
125 145 0.000000
125 150 0.000000
125 155 0.000000
125 160 0.000000
125 165 0.000000
125 170 0.000000
125 175 0.000000
130 -180 0.000000
130 -175 0.000000
130 -170 0.000000
130 -165 0.000000
130 -160 0.000000
130 -155 0.000000
130 -150 0.000000
130 -145 0.000000
130 -140 0.000000
130 -135 0.000000
130 -130 0.000000
130 -125 0.000000
130 -120 0.000000
130 -115 0.000000
130 -110 0.000000
130 -105 0.000000
130 -100 0.000000
130 -95 0.000000
130 -90 0.000000
130 -85 0.000000
130 -80 0.000000
130 -75 0.000000
130 -70 0.000000
130 -65 0.000000
130 -60 0.000000
130 -55 0.000000
130 -50 0.000000
130 -45 0.000000
130 -40 0.000000
130 -35 0.000000
130 -30 0.000000
130 -25 0.000000
130 -20 0.000000
130 -15 0.000000
130 -10 0.000000
130 -5 0.000000
130 0 0.000000
130 5 0.000000
130 10 0.000000
130 15 0.000000
130 20 0.000000
130 25 0.000000
130 30 0.000000
130 35 0.000000
130 40 0.000000
130 45 0.000000
130 50 0.000000
130 55 0.000000
130 60 0.000000
130 65 0.000000
130 70 0.000000
130 75 0.000000
130 80 0.000000
130 85 0.000000
130 90 0.000000
130 95 0.000000
130 100 0.000000
130 105 0.000000
130 110 0.000000
130 115 0.000000
130 120 0.000000
130 125 0.000000
130 130 0.000000
130 135 0.000000
130 140 0.000000
130 145 0.000000
130 150 0.000000
130 155 0.000000
130 160 0.000000
130 165 0.000000
130 170 0.000000
130 175 0.000000
135 -180 0.000000
135 -175 0.000000
135 -170 0.000000
135 -165 0.000000
135 -160 0.000000
135 -155 0.000000
135 -150 0.000000
135 -145 0.000000
135 -140 0.000000
135 -135 0.000000
135 -130 0.000000
135 -125 0.000000
135 -120 0.000000
135 -115 0.000000
135 -110 0.000000
135 -105 0.000000
135 -100 0.000000
135 -95 0.000000
135 -90 0.000000
135 -85 0.000000
135 -80 0.000000
135 -75 0.000000
135 -70 0.000000
135 -65 0.000000
135 -60 0.000000
135 -55 0.000000
135 -50 0.000000
135 -45 0.000000
135 -40 0.000000
135 -35 0.000000
135 -30 0.000000
135 -25 0.000000
135 -20 0.000000
135 -15 0.000000
135 -10 0.000000
135 -5 0.000000
135 0 0.000000
135 5 0.000000
135 10 0.000000
135 15 0.000000
135 20 0.000000
135 25 0.000000
135 30 0.000000
135 35 0.000000
135 40 0.000000
135 45 0.000000
135 50 0.000000
135 55 0.000000
135 60 0.000000
135 65 0.000000
135 70 0.000000
135 75 0.000000
135 80 0.000000
135 85 0.000000
135 90 0.000000
135 95 0.000000
135 100 0.000000
135 105 0.000000
135 110 0.000000
135 115 0.000000
135 120 0.000000
135 125 0.000000
135 130 0.000000
135 135 0.000000
135 140 0.000000
135 145 0.000000
135 150 0.000000
135 155 0.000000
135 160 0.000000
135 165 0.000000
135 170 0.000000
135 175 0.000000
140 -180 0.000000
140 -175 0.000000
140 -170 0.000000
140 -165 0.000000
140 -160 0.000000
140 -155 0.000000
140 -150 0.000000
140 -145 0.000000
140 -140 0.000000
140 -135 0.000000
140 -130 0.000000
140 -125 0.000000
140 -120 0.000000
140 -115 0.000000
140 -110 0.000000
140 -105 0.000000
140 -100 0.000000
140 -95 0.000000
140 -90 0.000000
140 -85 0.000000
140 -80 0.000000
140 -75 0.000000
140 -70 0.000000
140 -65 0.000000
140 -60 0.000000
140 -55 0.000000
140 -50 0.000000
140 -45 0.000000
140 -40 0.000000
140 -35 0.000000
140 -30 0.000000
140 -25 0.000000
140 -20 0.000000
140 -15 0.000000
140 -10 0.000000
140 -5 0.000000
140 0 0.000000
140 5 0.000000
140 10 0.000000
140 15 0.000000
140 20 0.000000
140 25 0.000000
140 30 0.000000
140 35 0.000000
140 40 0.000000
140 45 0.000000
140 50 0.000000
140 55 0.000000
140 60 0.000000
140 65 0.000000
140 70 0.000000
140 75 0.000000
140 80 0.000000
140 85 0.000000
140 90 0.000000
140 95 0.000000
140 100 0.000000
140 105 0.000000
140 110 0.000000
140 115 0.000000
140 120 0.000000
140 125 0.000000
140 130 0.000000
140 135 0.000000
140 140 0.000000
140 145 0.000000
140 150 0.000000
140 155 0.000000
140 160 0.000000
140 165 0.000000
140 170 0.000000
140 175 0.000000
145 -180 0.000000
145 -175 0.000000
145 -170 0.000000
145 -165 0.000000
145 -160 0.000000
145 -155 0.000000
145 -150 0.000000
145 -145 0.000000
145 -140 0.000000
145 -135 0.000000
145 -130 0.000000
145 -125 0.000000
145 -120 0.000000
145 -115 0.000000
145 -110 0.000000
145 -105 0.000000
145 -100 0.000000
145 -95 0.000000
145 -90 0.000000
145 -85 0.000000
145 -80 0.000000
145 -75 0.000000
145 -70 0.000000
145 -65 0.000000
145 -60 0.000000
145 -55 0.000000
145 -50 0.000000
145 -45 0.000000
145 -40 0.000000
145 -35 0.000000
145 -30 0.000000
145 -25 0.000000
145 -20 0.000000
145 -15 0.000000
145 -10 0.000000
145 -5 0.000000
145 0 0.000000
145 5 0.000000
145 10 0.000000
145 15 0.000000
145 20 0.000000
145 25 0.000000
145 30 0.000000
145 35 0.000000
145 40 0.000000
145 45 0.000000
145 50 0.000000
145 55 0.000000
145 60 0.000000
145 65 0.000000
145 70 0.000000
145 75 0.000000
145 80 0.000000
145 85 0.000000
145 90 0.000000
145 95 0.000000
145 100 0.000000
145 105 0.000000
145 110 0.000000
145 115 0.000000
145 120 0.000000
145 125 0.000000
145 130 0.000000
145 135 0.000000
145 140 0.000000
145 145 0.000000
145 150 0.000000
145 155 0.000000
145 160 0.000000
145 165 0.000000
145 170 0.000000
145 175 0.000000
150 -180 0.000000
150 -175 0.000000
150 -170 0.000000
150 -165 0.000000
150 -160 0.000000
150 -155 0.000000
150 -150 0.000000
150 -145 0.000000
150 -140 0.000000
150 -135 0.000000
150 -130 0.000000
150 -125 0.000000
150 -120 0.000000
150 -115 0.000000
150 -110 0.000000
150 -105 0.000000
150 -100 0.000000
150 -95 0.000000
150 -90 0.000000
150 -85 0.000000
150 -80 0.000000
150 -75 0.000000
150 -70 0.000000
150 -65 0.000000
150 -60 0.000000
150 -55 0.000000
150 -50 0.000000
150 -45 0.000000
150 -40 0.000000
150 -35 0.000000
150 -30 0.000000
150 -25 0.000000
150 -20 0.000000
150 -15 0.000000
150 -10 0.000000
150 -5 0.000000
150 0 0.000000
150 5 0.000000
150 10 0.000000
150 15 0.000000
150 20 0.000000
150 25 0.000000
150 30 0.000000
150 35 0.000000
150 40 0.000000
150 45 0.000000
150 50 0.000000
150 55 0.000000
150 60 0.000000
150 65 0.000000
150 70 0.000000
150 75 0.000000
150 80 0.000000
150 85 0.000000
150 90 0.000000
150 95 0.000000
150 100 0.000000
150 105 0.000000
150 110 0.000000
150 115 0.000000
150 120 0.000000
150 125 0.000000
150 130 0.000000
150 135 0.000000
150 140 0.000000
150 145 0.000000
150 150 0.000000
150 155 0.000000
150 160 0.000000
150 165 0.000000
150 170 0.000000
150 175 0.000000
155 -180 0.000000
155 -175 0.000000
155 -170 0.000000
155 -165 0.000000
155 -160 0.000000
155 -155 0.000000
155 -150 0.000000
155 -145 0.000000
155 -140 0.000000
155 -135 0.000000
155 -130 0.000000
155 -125 0.000000
155 -120 0.000000
155 -115 0.000000
155 -110 0.000000
155 -105 0.000000
155 -100 0.000000
155 -95 0.000000
155 -90 0.000000
155 -85 0.000000
155 -80 0.000000
155 -75 0.000000
155 -70 0.000000
155 -65 0.000000
155 -60 0.000000
155 -55 0.000000
155 -50 0.000000
155 -45 0.000000
155 -40 0.000000
155 -35 0.000000
155 -30 0.000000
155 -25 0.000000
155 -20 0.000000
155 -15 0.000000
155 -10 0.000000
155 -5 0.000000
155 0 0.000000
155 5 0.000000
155 10 0.000000
155 15 0.000000
155 20 0.000000
155 25 0.000000
155 30 0.000000
155 35 0.000000
155 40 0.000000
155 45 0.000000
155 50 0.000000
155 55 0.000000
155 60 0.000000
155 65 0.000000
155 70 0.000000
155 75 0.000000
155 80 0.000000
155 85 0.000000
155 90 0.000000
155 95 0.000000
155 100 0.000000
155 105 0.000000
155 110 0.000000
155 115 0.000000
155 120 0.000000
155 125 0.000000
155 130 0.000000
155 135 0.000000
155 140 0.000000
155 145 0.000000
155 150 0.000000
155 155 0.000000
155 160 0.000000
155 165 0.000000
155 170 0.000000
155 175 0.000000
160 -180 0.000638
160 -175 0.000353
160 -170 0.000153
160 -165 0.000011
160 -160 0.000000
160 -155 0.000000
160 -150 0.000000
160 -145 0.000000
160 -140 0.000000
160 -135 0.000000
160 -130 0.000000
160 -125 0.000000
160 -120 0.000000
160 -115 0.000000
160 -110 0.000000
160 -105 0.000000
160 -100 0.000000
160 -95 0.000000
160 -90 0.000000
160 -85 0.000000
160 -80 0.000000
160 -75 0.000000
160 -70 0.000000
160 -65 0.000000
160 -60 0.000000
160 -55 0.000000
160 -50 0.000000
160 -45 0.000000
160 -40 0.000000
160 -35 0.000000
160 -30 0.000000
160 -25 0.000000
160 -20 0.000000
160 -15 0.000000
160 -10 0.000000
160 -5 0.000000
160 0 0.000000
160 5 0.000000
160 10 0.000000
160 15 0.000000
160 20 0.000000
160 25 0.000000
160 30 0.000000
160 35 0.000000
160 40 0.000000
160 45 0.000000
160 50 0.000000
160 55 0.000000
160 60 0.000000
160 65 0.000000
160 70 0.000000
160 75 0.000000
160 80 0.000000
160 85 0.000000
160 90 0.000000
160 95 0.000000
160 100 0.000000
160 105 0.000000
160 110 0.000000
160 115 0.000000
160 120 0.000000
160 125 0.000000
160 130 0.000000
160 135 0.000000
160 140 0.000000
160 145 0.000000
160 150 0.000126
160 155 0.000314
160 160 0.000593
160 165 0.000874
160 170 0.001006
160 175 0.000906
165 -180 0.004546
165 -175 0.002463
165 -170 0.001063
165 -165 0.000076
165 -160 0.000000
165 -155 0.000000
165 -150 0.000000
165 -145 0.000000
165 -140 0.000000
165 -135 0.000000
165 -130 0.000000
165 -125 0.000000
165 -120 0.000000
165 -115 0.000000
165 -110 0.000000
165 -105 0.000000
165 -100 0.000000
165 -95 0.000000
165 -90 0.000000
165 -85 0.000000
165 -80 0.000000
165 -75 0.000000
165 -70 0.000000
165 -65 0.000000
165 -60 0.000000
165 -55 0.000000
165 -50 0.000000
165 -45 0.000000
165 -40 0.000000
165 -35 0.000000
165 -30 0.000000
165 -25 0.000000
165 -20 0.000000
165 -15 0.000000
165 -10 0.000000
165 -5 0.000000
165 0 0.000000
165 5 0.000000
165 10 0.000000
165 15 0.000000
165 20 0.000000
165 25 0.000000
165 30 0.000000
165 35 0.000000
165 40 0.000000
165 45 0.000000
165 50 0.000000
165 55 0.000000
165 60 0.000000
165 65 0.000000
165 70 0.000000
165 75 0.000000
165 80 0.000000
165 85 0.000000
165 90 0.000000
165 95 0.000000
165 100 0.000000
165 105 0.000170
165 110 0.000571
165 115 0.001232
165 120 0.002029
165 125 0.002674
165 130 0.002829
165 135 0.002410
165 140 0.001736
165 145 0.001121
165 150 0.001620
165 155 0.002840
165 160 0.004791
165 165 0.006683
165 170 0.007428
165 175 0.006541
170 -180 0.012905
170 -175 0.007516
170 -170 0.004209
170 -165 0.001667
170 -160 0.001036
170 -155 0.000559
170 -150 0.000235
170 -145 0.000005
170 -140 0.000000
170 -135 0.000000
170 -130 0.000000
170 -125 0.000000
170 -120 0.000000
170 -115 0.000000
170 -110 0.000000
170 -105 0.000000
170 -100 0.000000
170 -95 0.000000
170 -90 0.000000
170 -85 0.000000
170 -80 0.000000
170 -75 0.000000
170 -70 0.000000
170 -65 0.000000
170 -60 0.000000
170 -55 0.000000
170 -50 0.000000
170 -45 0.000000
170 -40 0.000000
170 -35 0.000000
170 -30 0.000000
170 -25 0.000000
170 -20 0.000000
170 -15 0.000000
170 -10 0.000000
170 -5 0.000000
170 0 0.000000
170 5 0.000000
170 10 0.000000
170 15 0.000000
170 20 0.000000
170 25 0.000000
170 30 0.000000
170 35 0.000000
170 40 0.000000
170 45 0.000000
170 50 0.000000
170 55 0.000000
170 60 0.000000
170 65 0.000000
170 70 0.000000
170 75 0.000000
170 80 0.000000
170 85 0.000000
170 90 0.000000
170 95 0.000000
170 100 0.000000
170 105 0.000712
170 110 0.002545
170 115 0.005830
170 120 0.010074
170 125 0.014069
170 130 0.015984
170 135 0.015259
170 140 0.013177
170 145 0.011115
170 150 0.012219
170 155 0.015399
170 160 0.019777
170 165 0.022928
170 170 0.022706
170 175 0.018773
175 -180 0.033989
175 -175 0.021558
175 -170 0.013983
175 -165 0.007746
175 -160 0.004902
175 -155 0.002645
175 -150 0.001114
175 -145 0.000022
175 -140 0.000000
175 -135 0.000000
175 -130 0.000000
175 -125 0.000000
175 -120 0.000000
175 -115 0.000000
175 -110 0.000000
175 -105 0.000000
175 -100 0.000000
175 -95 0.000000
175 -90 0.000000
175 -85 0.000000
175 -80 0.000000
175 -75 0.000000
175 -70 0.000000
175 -65 0.000000
175 -60 0.000000
175 -55 0.000000
175 -50 0.000000
175 -45 0.000000
175 -40 0.000000
175 -35 0.000000
175 -30 0.000000
175 -25 0.000000
175 -20 0.000000
175 -15 0.000000
175 -10 0.000000
175 -5 0.000000
175 0 0.000000
175 5 0.000000
175 10 0.000000
175 15 0.000000
175 20 0.000000
175 25 0.000000
175 30 0.000000
175 35 0.000000
175 40 0.000000
175 45 0.000000
175 50 0.000000
175 55 0.000000
175 60 0.000000
175 65 0.000000
175 70 0.000000
175 75 0.000464
175 80 0.001245
175 85 0.002396
175 90 0.003616
175 95 0.004286
175 100 0.003997
175 105 0.004426
175 110 0.007080
175 115 0.013500
175 120 0.022983
175 125 0.033321
175 130 0.040033
175 135 0.041896
175 140 0.040924
175 145 0.039710
175 150 0.044526
175 155 0.052840
175 160 0.061374
175 165 0.064911
175 170 0.060607
175 175 0.048794
