-180 -180 0.046390
-180 -175 0.032639
-180 -170 0.019731
-180 -165 0.010643
-180 -160 0.004147
-180 -155 0.000511
-180 -150 0.000000
-180 -145 0.000000
-180 -140 0.000000
-180 -135 0.000000
-180 -130 0.000000
-180 -125 0.000000
-180 -120 0.000000
-180 -115 0.000000
-180 -110 0.000000
-180 -105 0.000000
-180 -100 0.000000
-180 -95 0.000000
-180 -90 0.000000
-180 -85 0.000000
-180 -80 0.000000
-180 -75 0.000000
-180 -70 0.000000
-180 -65 0.000000
-180 -60 0.000000
-180 -55 0.000000
-180 -50 0.000000
-180 -45 0.000000
-180 -40 0.000000
-180 -35 0.000000
-180 -30 0.000000
-180 -25 0.000000
-180 -20 0.000000
-180 -15 0.000000
-180 -10 0.000000
-180 -5 0.000000
-180 0 0.000000
-180 5 0.000000
-180 10 0.000000
-180 15 0.000000
-180 20 0.000000
-180 25 0.000000
-180 30 0.000000
-180 35 0.000000
-180 40 0.000000
-180 45 0.000000
-180 50 0.000000
-180 55 0.000000
-180 60 0.000000
-180 65 0.000000
-180 70 0.000000
-180 75 0.000000
-180 80 0.000000
-180 85 0.000000
-180 90 0.000000
-180 95 0.000909
-180 100 0.002914
-180 105 0.005833
-180 110 0.009452
-180 115 0.012274
-180 120 0.013455
-180 125 0.014062
-180 130 0.016395
-180 135 0.022675
-180 140 0.034457
-180 145 0.051128
-180 150 0.067234
-180 155 0.079475
-180 160 0.085082
-180 165 0.081248
-180 170 0.071231
-180 175 0.059112
-175 -180 0.100636
-175 -175 0.069646
-175 -170 0.040815
-175 -165 0.021551
-175 -160 0.008147
-175 -155 0.000974
-175 -150 0.000000
-175 -145 0.000000
-175 -140 0.000000
-175 -135 0.000000
-175 -130 0.000000
-175 -125 0.000000
-175 -120 0.000000
-175 -115 0.000000
-175 -110 0.000000
-175 -105 0.000000
-175 -100 0.000000
-175 -95 0.000000
-175 -90 0.000000
-175 -85 0.000000
-175 -80 0.000000
-175 -75 0.000000
-175 -70 0.000000
-175 -65 0.000000
-175 -60 0.000000
-175 -55 0.000000
-175 -50 0.000000
-175 -45 0.000000
-175 -40 0.000000
-175 -35 0.000000
-175 -30 0.000000
-175 -25 0.000000
-175 -20 0.000000
-175 -15 0.000000
-175 -10 0.000000
-175 -5 0.000000
-175 0 0.000000
-175 5 0.000000
-175 10 0.000000
-175 15 0.000000
-175 20 0.000000
-175 25 0.000000
-175 30 0.000000
-175 35 0.000000
-175 40 0.000000
-175 45 0.000000
-175 50 0.000000
-175 55 0.000000
-175 60 0.000000
-175 65 0.000000
-175 70 0.000000
-175 75 0.000000
-175 80 0.000000
-175 85 0.000000
-175 90 0.000075
-175 95 0.002057
-175 100 0.006883
-175 105 0.013806
-175 110 0.023619
-175 115 0.033088
-175 120 0.040063
-175 125 0.045996
-175 130 0.054642
-175 135 0.069929
-175 140 0.093717
-175 145 0.127145
-175 150 0.159223
-175 155 0.182836
-175 160 0.192688
-175 165 0.183052
-175 170 0.159842
-175 175 0.131066
-170 -180 0.173171
-170 -175 0.116530
-170 -170 0.065745
-170 -165 0.033844
-170 -160 0.012503
-170 -155 0.001465
-170 -150 0.000000
-170 -145 0.000000
-170 -140 0.000000
-170 -135 0.000000
-170 -130 0.000000
-170 -125 0.000000
-170 -120 0.000000
-170 -115 0.000000
-170 -110 0.000000
-170 -105 0.000000
-170 -100 0.000000
-170 -95 0.000000
-170 -90 0.000000
-170 -85 0.000000
-170 -80 0.000000
-170 -75 0.000000
-170 -70 0.000000
-170 -65 0.000000
-170 -60 0.000000
-170 -55 0.000000
-170 -50 0.000000
-170 -45 0.000000
-170 -40 0.000000
-170 -35 0.000000
-170 -30 0.000071
-170 -25 0.000419
-170 -20 0.000916
-170 -15 0.001581
-170 -10 0.002152
-170 -5 0.002308
-170 0 0.001947
-170 5 0.001290
-170 10 0.000671
-170 15 0.000250
-170 20 0.000000
-170 25 0.000000
-170 30 0.000000
-170 35 0.000086
-170 40 0.000212
-170 45 0.000399
-170 50 0.000586
-170 55 0.000672
-170 60 0.000602
-170 65 0.000422
-170 70 0.000231
-170 75 0.000099
-170 80 0.000005
-170 85 0.000000
-170 90 0.000639
-170 95 0.004710
-170 100 0.014212
-170 105 0.027345
-170 110 0.046182
-170 115 0.065883
-170 120 0.083730
-170 125 0.102385
-170 130 0.126672
-170 135 0.160558
-170 140 0.203395
-170 145 0.258638
-170 150 0.308950
-170 155 0.344020
-170 160 0.356038
-170 165 0.335193
-170 170 0.289617
-170 175 0.232663
-165 -180 0.252442
-165 -175 0.162178
-165 -170 0.086316
-165 -165 0.042617
-165 -160 0.015257
-165 -155 0.001740
-165 -150 0.000000
-165 -145 0.000000
-165 -140 0.000000
-165 -135 0.000000
-165 -130 0.000000
-165 -125 0.000000
-165 -120 0.000000
-165 -115 0.000000
-165 -110 0.000000
-165 -105 0.000000
-165 -100 0.000000
-165 -95 0.000000
-165 -90 0.000000
-165 -85 0.000000
-165 -80 0.000000
-165 -75 0.000000
-165 -70 0.000000
-165 -65 0.000000
-165 -60 0.000000
-165 -55 0.000000
-165 -50 0.000000
-165 -45 0.000000
-165 -40 0.000000
-165 -35 0.000000
-165 -30 0.000267
-165 -25 0.001585
-165 -20 0.003463
-165 -15 0.005975
-165 -10 0.008135
-165 -5 0.008724
-165 0 0.007359
-165 5 0.004876
-165 10 0.002534
-165 15 0.000945
-165 20 0.000000
-165 25 0.000000
-165 30 0.000000
-165 35 0.000838
-165 40 0.002064
-165 45 0.003958
-165 50 0.006034
-165 55 0.007393
-165 60 0.007398
-165 65 0.006342
-165 70 0.004873
-165 75 0.003590
-165 80 0.002885
-165 85 0.003262
-165 90 0.006137
-165 95 0.014072
-165 100 0.029791
-165 105 0.049454
-165 110 0.077066
-165 115 0.108745
-165 120 0.142691
-165 125 0.182706
-165 130 0.234589
-165 135 0.297693
-165 140 0.366097
-165 145 0.447020
-165 150 0.517990
-165 155 0.565268
-165 160 0.576682
-165 165 0.537567
-165 170 0.457045
-165 175 0.355293
-160 -180 0.330315
-160 -175 0.197995
-160 -170 0.096281
-160 -165 0.044230
-160 -160 0.014905
-160 -155 0.001634
-160 -150 0.000000
-160 -145 0.000000
-160 -140 0.000000
-160 -135 0.000000
-160 -130 0.000000
-160 -125 0.000000
-160 -120 0.000000
-160 -115 0.000000
-160 -110 0.000000
-160 -105 0.000000
-160 -100 0.000000
-160 -95 0.000000
-160 -90 0.000000
-160 -85 0.000000
-160 -80 0.000000
-160 -75 0.000000
-160 -70 0.000000
-160 -65 0.000000
-160 -60 0.000000
-160 -55 0.000000
-160 -50 0.000000
-160 -45 0.000000
-160 -40 0.000000
-160 -35 0.000000
-160 -30 0.000550
-160 -25 0.003268
-160 -20 0.007156
-160 -15 0.013107
-160 -10 0.018638
-160 -5 0.021442
-160 0 0.020168
-160 5 0.015684
-160 10 0.010173
-160 15 0.005339
-160 20 0.001810
-160 25 0.001127
-160 30 0.001156
-160 35 0.004192
-160 40 0.008260
-160 45 0.013839
-160 50 0.019837
-160 55 0.024473
-160 60 0.027109
-160 65 0.027718
-160 70 0.026482
-160 75 0.023710
-160 80 0.019986
-160 85 0.017235
-160 90 0.019831
-160 95 0.030501
-160 100 0.052818
-160 105 0.080337
-160 110 0.117405
-160 115 0.162873
-160 120 0.216829
-160 125 0.284110
-160 130 0.371852
-160 135 0.470920
-160 140 0.569435
-160 145 0.679390
-160 150 0.775023
-160 155 0.839725
-160 160 0.851572
-160 165 0.788885
-160 170 0.659505
-160 175 0.493150
-155 -180 0.394457
-155 -175 0.219759
-155 -170 0.096188
-155 -165 0.039237
-155 -160 0.011984
-155 -155 0.001213
-155 -150 0.000000
-155 -145 0.000000
-155 -140 0.000000
-155 -135 0.000000
-155 -130 0.000000
-155 -125 0.000000
-155 -120 0.000000
-155 -115 0.000000
-155 -110 0.000000
-155 -105 0.000000
-155 -100 0.000000
-155 -95 0.000000
-155 -90 0.000000
-155 -85 0.000000
-155 -80 0.000000
-155 -75 0.000000
-155 -70 0.000000
-155 -65 0.000000
-155 -60 0.000000
-155 -55 0.000000
-155 -50 0.000000
-155 -45 0.000000
-155 -40 0.000000
-155 -35 0.000000
-155 -30 0.000897
-155 -25 0.005330
-155 -20 0.011680
-155 -15 0.021975
-155 -10 0.031823
-155 -5 0.037617
-155 0 0.036721
-155 5 0.029924
-155 10 0.020639
-155 15 0.011877
-155 20 0.005352
-155 25 0.004230
-155 30 0.005385
-155 35 0.012624
-155 40 0.022248
-155 45 0.034833
-155 50 0.048127
-155 55 0.058838
-155 60 0.066717
-155 65 0.071107
-155 70 0.070921
-155 75 0.065056
-155 80 0.055001
-155 85 0.044998
-155 90 0.045193
-155 95 0.059027
-155 100 0.090984
-155 105 0.131499
-155 110 0.180832
-155 115 0.241794
-155 120 0.315213
-155 125 0.407380
-155 130 0.531432
-155 135 0.667453
-155 140 0.798463
-155 145 0.937703
-155 150 1.057542
-155 155 1.136770
-155 160 1.141445
-155 165 1.047470
-155 170 0.861490
-155 175 0.621862
-150 -180 0.441785
-150 -175 0.230612
-150 -170 0.091675
-150 -165 0.032719
-150 -160 0.010234
-150 -155 0.002879
-150 -150 0.001780
-150 -145 0.001152
-150 -140 0.000587
-150 -135 0.000202
-150 -130 0.000000
-150 -125 0.000000
-150 -120 0.000000
-150 -115 0.000000
-150 -110 0.000000
-150 -105 0.000000
-150 -100 0.000000
-150 -95 0.000000
-150 -90 0.000000
-150 -85 0.000000
-150 -80 0.000050
-150 -75 0.000238
-150 -70 0.000790
-150 -65 0.001678
-150 -60 0.002752
-150 -55 0.003848
-150 -50 0.004770
-150 -45 0.005173
-150 -40 0.005275
-150 -35 0.005112
-150 -30 0.005687
-150 -25 0.010356
-150 -20 0.017547
-150 -15 0.031172
-150 -10 0.045285
-150 -5 0.055517
-150 0 0.057434
-150 5 0.050601
-150 10 0.039136
-150 15 0.026872
-150 20 0.017333
-150 25 0.015602
-150 30 0.017740
-150 35 0.028803
-150 40 0.044422
-150 45 0.065735
-150 50 0.089396
-150 55 0.110318
-150 60 0.129524
-150 65 0.143023
-150 70 0.147747
-150 75 0.140195
-150 80 0.121991
-150 85 0.099369
-150 90 0.091124
-150 95 0.103290
-150 100 0.142926
-150 105 0.197741
-150 110 0.260900
-150 115 0.337535
-150 120 0.426710
-150 125 0.536357
-150 130 0.690135
-150 135 0.858467
-150 140 1.022917
-150 145 1.192312
-150 150 1.336307
-150 155 1.425595
-150 160 1.414418
-150 165 1.282757
-150 170 1.038652
-150 175 0.727805
-145 -180 0.474010
-145 -175 0.238074
-145 -170 0.091253
-145 -165 0.031272
-145 -160 0.013725
-145 -155 0.008874
-145 -150 0.006938
-145 -145 0.004493
-145 -140 0.002290
-145 -135 0.000786
-145 -130 0.000000
-145 -125 0.000000
-145 -120 0.000000
-145 -115 0.000000
-145 -110 0.000000
-145 -105 0.000000
-145 -100 0.000000
-145 -95 0.000000
-145 -90 0.000000
-145 -85 0.000000
-145 -80 0.000300
-145 -75 0.001417
-145 -70 0.003917
-145 -65 0.007704
-145 -60 0.011908
-145 -55 0.015724
-145 -50 0.019199
-145 -45 0.022008
-145 -40 0.024954
-145 -35 0.027944
-145 -30 0.030116
-145 -25 0.033664
-145 -20 0.038636
-145 -15 0.052241
-145 -10 0.069135
-145 -5 0.084815
-145 0 0.092035
-145 5 0.087752
-145 10 0.075707
-145 15 0.061250
-145 20 0.050119
-145 25 0.047788
-145 30 0.049987
-145 35 0.061033
-145 40 0.078037
-145 45 0.104321
-145 50 0.137010
-145 55 0.172020
-145 60 0.212059
-145 65 0.247228
-145 70 0.268883
-145 75 0.266982
-145 80 0.240486
-145 85 0.197969
-145 90 0.170762
-145 95 0.171601
-145 100 0.211834
-145 105 0.278275
-145 110 0.355347
-145 115 0.446232
-145 120 0.544090
-145 125 0.659998
-145 130 0.830388
-145 135 1.023513
-145 140 1.223258
-145 145 1.427028
-145 150 1.596895
-145 155 1.688693
-145 160 1.649290
-145 165 1.471863
-145 170 1.172068
-145 175 0.802972
-140 -180 0.488207
-140 -175 0.243397
-140 -170 0.096111
-140 -165 0.036129
-140 -160 0.022306
-140 -155 0.018071
-140 -150 0.014379
-140 -145 0.009311
-140 -140 0.004746
-140 -135 0.001629
-140 -130 0.000429
-140 -125 0.001357
-140 -120 0.003052
-140 -115 0.005089
-140 -110 0.006843
-140 -105 0.007453
-140 -100 0.006591
-140 -95 0.004731
-140 -90 0.002750
-140 -85 0.001149
-140 -80 0.000997
-140 -75 0.003097
-140 -70 0.008392
-140 -65 0.016990
-140 -60 0.026637
-140 -55 0.035846
-140 -50 0.044690
-140 -45 0.052662
-140 -40 0.061359
-140 -35 0.070661
-140 -30 0.077632
-140 -25 0.081491
-140 -20 0.084227
-140 -15 0.097070
-140 -10 0.116126
-140 -5 0.137754
-140 0 0.151992
-140 5 0.152236
-140 10 0.141449
-140 15 0.125927
-140 20 0.113381
-140 25 0.107384
-140 30 0.103953
-140 35 0.106091
-140 40 0.115386
-140 45 0.138850
-140 50 0.176304
-140 55 0.225522
-140 60 0.290475
-140 65 0.353850
-140 70 0.399778
-140 75 0.410635
-140 80 0.381103
-140 85 0.320207
-140 90 0.271033
-140 95 0.254810
-140 100 0.289378
-140 105 0.361390
-140 110 0.449725
-140 115 0.552092
-140 120 0.654465
-140 125 0.770115
-140 130 0.946570
-140 135 1.156762
-140 140 1.387260
-140 145 1.621627
-140 150 1.810777
-140 155 1.892480
-140 160 1.815045
-140 165 1.589322
-140 170 1.244072
-140 175 0.838220
-135 -180 0.484560
-135 -175 0.247084
-135 -170 0.106080
-135 -165 0.047368
-135 -160 0.035452
-135 -155 0.029815
-135 -150 0.023568
-135 -145 0.015261
-135 -140 0.007778
-135 -135 0.002669
-135 -130 0.001166
-135 -125 0.003712
-135 -120 0.008404
-135 -115 0.014365
-135 -110 0.019856
-135 -105 0.022469
-135 -100 0.021060
-135 -95 0.016461
-135 -90 0.010780
-135 -85 0.005548
-135 -80 0.003470
-135 -75 0.005985
-135 -70 0.014888
-135 -65 0.030524
-135 -60 0.048544
-135 -55 0.066150
-135 -50 0.082984
-135 -45 0.099264
-135 -40 0.117579
-135 -35 0.138556
-135 -30 0.156205
-135 -25 0.163553
-135 -20 0.164163
-135 -15 0.174749
-135 -10 0.195054
-135 -5 0.223707
-135 0 0.247149
-135 5 0.253470
-135 10 0.242661
-135 15 0.222575
-135 20 0.204102
-135 25 0.188106
-135 30 0.171007
-135 35 0.154911
-135 40 0.146540
-135 45 0.157603
-135 50 0.192704
-135 55 0.253433
-135 60 0.343450
-135 65 0.438417
-135 70 0.515070
-135 75 0.547875
-135 80 0.524420
-135 85 0.452313
-135 90 0.382943
-135 95 0.345197
-135 100 0.364460
-135 105 0.429355
-135 110 0.519860
-135 115 0.627015
-135 120 0.730553
-135 125 0.845157
-135 130 1.021325
-135 135 1.240370
-135 140 1.491150
-135 145 1.742212
-135 150 1.934523
-135 155 1.992070
-135 160 1.875577
-135 165 1.611977
-135 170 1.242492
-135 175 0.829910
-130 -180 0.454915
-130 -175 0.239745
-130 -170 0.112614
-130 -165 0.058209
-130 -160 0.047203
-130 -155 0.039143
-130 -150 0.030556
-130 -145 0.019786
-130 -140 0.010084
-130 -135 0.003461
-130 -130 0.002250
-130 -125 0.007177
-130 -120 0.016348
-130 -115 0.028563
-130 -110 0.040321
-130 -105 0.046949
-130 -100 0.045769
-130 -95 0.037601
-130 -90 0.026083
-130 -85 0.014504
-130 -80 0.008220
-130 -75 0.009463
-130 -70 0.021149
-130 -65 0.044490
-130 -60 0.072501
-130 -55 0.101140
-130 -50 0.128668
-130 -45 0.156321
-130 -40 0.187787
-130 -35 0.225721
-130 -30 0.263035
-130 -25 0.284942
-130 -20 0.293285
-130 -15 0.310870
-130 -10 0.339145
-130 -5 0.380198
-130 0 0.417102
-130 5 0.430640
-130 10 0.415568
-130 15 0.380490
-130 20 0.341770
-130 25 0.300485
-130 30 0.253930
-130 35 0.207500
-130 40 0.170377
-130 45 0.158477
-130 50 0.182240
-130 55 0.246399
-130 60 0.352848
-130 65 0.473180
-130 70 0.577685
-130 75 0.636155
-130 80 0.629267
-130 85 0.563702
-130 90 0.491377
-130 95 0.444080
-130 100 0.449838
-130 105 0.498617
-130 110 0.577765
-130 115 0.676135
-130 120 0.773685
-130 125 0.886738
-130 130 1.059843
-130 135 1.283410
-130 140 1.544787
-130 145 1.798842
-130 150 1.977937
-130 155 1.999065
-130 160 1.843062
-130 165 1.548990
-130 170 1.170710
-130 175 0.774628
-125 -180 0.421698
-125 -175 0.230483
-125 -170 0.115942
-125 -165 0.065054
-125 -160 0.052756
-125 -155 0.042506
-125 -150 0.033802
-125 -145 0.023101
-125 -140 0.012835
-125 -135 0.005274
-125 -130 0.004339
-125 -125 0.011287
-125 -120 0.025077
-125 -115 0.044945
-125 -110 0.064902
-125 -105 0.077800
-125 -100 0.078639
-125 -95 0.067280
-125 -90 0.048609
-125 -85 0.028344
-125 -80 0.015308
-125 -75 0.012718
-125 -70 0.025104
-125 -65 0.055497
-125 -60 0.094418
-125 -55 0.136671
-125 -50 0.178049
-125 -45 0.219654
-125 -40 0.265355
-125 -35 0.321027
-125 -30 0.381445
-125 -25 0.427055
-125 -20 0.456235
-125 -15 0.499657
-125 -10 0.559210
-125 -5 0.634825
-125 0 0.700655
-125 5 0.723067
-125 10 0.688785
-125 15 0.610065
-125 20 0.517085
-125 25 0.423255
-125 30 0.329458
-125 35 0.246130
-125 40 0.179141
-125 45 0.142420
-125 50 0.149967
-125 55 0.206954
-125 60 0.314155
-125 65 0.443783
-125 70 0.563528
-125 75 0.642833
-125 80 0.657965
-125 85 0.614577
-125 90 0.557575
-125 95 0.516702
-125 100 0.519772
-125 105 0.557283
-125 110 0.625978
-125 115 0.715282
-125 120 0.806370
-125 125 0.915287
-125 130 1.076950
-125 135 1.291100
-125 140 1.546067
-125 145 1.789937
-125 150 1.949637
-125 155 1.940362
-125 160 1.759665
-125 165 1.451570
-125 170 1.078295
-125 175 0.709608
-120 -180 0.388575
-120 -175 0.217811
-120 -170 0.113291
-120 -165 0.064840
-120 -160 0.050280
-120 -155 0.039577
-120 -150 0.033790
-120 -145 0.026000
-120 -140 0.016860
-120 -135 0.008742
-120 -130 0.007223
-120 -125 0.014337
-120 -120 0.030302
-120 -115 0.055951
-120 -110 0.082877
-120 -105 0.102473
-120 -100 0.107410
-120 -95 0.095460
-120 -90 0.071476
-120 -85 0.043317
-120 -80 0.022991
-120 -75 0.015347
-120 -70 0.027605
-120 -65 0.064722
-120 -60 0.116629
-120 -55 0.176197
-120 -50 0.234423
-120 -45 0.290523
-120 -40 0.347898
-120 -35 0.418025
-120 -30 0.501140
-120 -25 0.578045
-120 -20 0.643103
-120 -15 0.731903
-120 -10 0.844680
-120 -5 0.976873
-120 0 1.088260
-120 5 1.124895
-120 10 1.060005
-120 15 0.909313
-120 20 0.725042
-120 25 0.547990
-120 30 0.389462
-120 35 0.266278
-120 40 0.173922
-120 45 0.117680
-120 50 0.108445
-120 55 0.148211
-120 60 0.238747
-120 65 0.356300
-120 70 0.471687
-120 75 0.559420
-120 80 0.595817
-120 85 0.585875
-120 90 0.562542
-120 95 0.549845
-120 100 0.572655
-120 105 0.621138
-120 110 0.697435
-120 115 0.790168
-120 120 0.878173
-120 125 0.976995
-120 130 1.112688
-120 135 1.296290
-120 140 1.522808
-120 145 1.740573
-120 150 1.875145
-120 155 1.843725
-120 160 1.651828
-120 165 1.343578
-120 170 0.983910
-120 175 0.645742
-115 -180 0.369035
-115 -175 0.211304
-115 -170 0.111060
-115 -165 0.061392
-115 -160 0.043364
-115 -155 0.033951
-115 -150 0.033252
-115 -145 0.029873
-115 -140 0.022530
-115 -135 0.013717
-115 -130 0.010212
-115 -125 0.014920
-115 -120 0.029060
-115 -115 0.056048
-115 -110 0.085907
-115 -105 0.110460
-115 -100 0.120761
-115 -95 0.111722
-115 -90 0.086558
-115 -85 0.054254
-115 -80 0.028764
-115 -75 0.017525
-115 -70 0.030998
-115 -65 0.076247
-115 -60 0.144211
-115 -55 0.224926
-115 -50 0.302980
-115 -45 0.373118
-115 -40 0.438117
-115 -35 0.517168
-115 -30 0.618223
-115 -25 0.732985
-115 -20 0.855575
-115 -15 1.020168
-115 -10 1.220697
-115 -5 1.437080
-115 0 1.604402
-115 5 1.645860
-115 10 1.524495
-115 15 1.266940
-115 20 0.954960
-115 25 0.668735
-115 30 0.435030
-115 35 0.272255
-115 40 0.162170
-115 45 0.096550
-115 50 0.076354
-115 55 0.096673
-115 60 0.161085
-115 65 0.249972
-115 70 0.343197
-115 75 0.424915
-115 80 0.476297
-115 85 0.501652
-115 90 0.522220
-115 95 0.553570
-115 100 0.615498
-115 105 0.696030
-115 110 0.798992
-115 115 0.908565
-115 120 0.997945
-115 125 1.083770
-115 130 1.188118
-115 135 1.328067
-115 140 1.509888
-115 145 1.687165
-115 150 1.789327
-115 155 1.737672
-115 160 1.540857
-115 165 1.243130
-115 170 0.905740
-115 175 0.599205
-110 -180 0.390203
-110 -175 0.227147
-110 -170 0.118626
-110 -165 0.061540
-110 -160 0.038077
-110 -155 0.030463
-110 -150 0.035499
-110 -145 0.036329
-110 -140 0.030198
-110 -135 0.019946
-110 -130 0.013514
-110 -125 0.014455
-110 -120 0.024281
-110 -115 0.048626
-110 -110 0.076509
-110 -105 0.101538
-110 -100 0.114838
-110 -95 0.109618
-110 -90 0.087100
-110 -85 0.055828
-110 -80 0.030247
-110 -75 0.020047
-110 -70 0.038679
-110 -65 0.095820
-110 -60 0.185686
-110 -55 0.295033
-110 -50 0.403325
-110 -45 0.496532
-110 -40 0.574385
-110 -35 0.665040
-110 -30 0.783057
-110 -25 0.942643
-110 -20 1.144262
-110 -15 1.409793
-110 -10 1.717533
-110 -5 2.019233
-110 0 2.220458
-110 5 2.229143
-110 10 2.010505
-110 15 1.617433
-110 20 1.161545
-110 25 0.761785
-110 30 0.459703
-110 35 0.265697
-110 40 0.146612
-110 45 0.081165
-110 50 0.057326
-110 55 0.063864
-110 60 0.107791
-110 65 0.170749
-110 70 0.241990
-110 75 0.313817
-110 80 0.373180
-110 85 0.423550
-110 90 0.479587
-110 95 0.551225
-110 100 0.653560
-110 105 0.772022
-110 110 0.907833
-110 115 1.037977
-110 120 1.129220
-110 125 1.201415
-110 130 1.277685
-110 135 1.377725
-110 140 1.519757
-110 145 1.665523
-110 150 1.748160
-110 155 1.693388
-110 160 1.504548
-110 165 1.223205
-110 170 0.903630
-110 175 0.613232
-105 -180 0.459545
-105 -175 0.271045
-105 -170 0.141042
-105 -165 0.070210
-105 -160 0.040199
-105 -155 0.033612
-105 -150 0.042221
-105 -145 0.044451
-105 -140 0.037545
-105 -135 0.025172
-105 -130 0.016049
-105 -125 0.014133
-105 -120 0.020050
-105 -115 0.039879
-105 -110 0.062260
-105 -105 0.082755
-105 -100 0.094380
-105 -95 0.091326
-105 -90 0.074175
-105 -85 0.049413
-105 -80 0.030600
-105 -75 0.027791
-105 -70 0.055713
-105 -65 0.125908
-105 -60 0.237832
-105 -55 0.377095
-105 -50 0.520425
-105 -45 0.644312
-105 -40 0.744957
-105 -35 0.858062
-105 -30 1.003783
-105 -25 1.226020
-105 -20 1.535905
-105 -15 1.928752
-105 -10 2.350565
-105 -5 2.713550
-105 0 2.892950
-105 5 2.801550
-105 10 2.433270
-105 15 1.886483
-105 20 1.296510
-105 25 0.805052
-105 30 0.459440
-105 35 0.251835
-105 40 0.134788
-105 45 0.079986
-105 50 0.063698
-105 55 0.069858
-105 60 0.106269
-105 65 0.155516
-105 70 0.212506
-105 75 0.274245
-105 80 0.334103
-105 85 0.394757
-105 90 0.469890
-105 95 0.566250
-105 100 0.697560
-105 105 0.849100
-105 110 1.017330
-105 115 1.175085
-105 120 1.284532
-105 125 1.363055
-105 130 1.436932
-105 135 1.521622
-105 140 1.640755
-105 145 1.765157
-105 150 1.834288
-105 155 1.779307
-105 160 1.595457
-105 165 1.319885
-105 170 1.001807
-105 175 0.702257
-100 -180 0.572495
-100 -175 0.343257
-100 -170 0.181986
-100 -165 0.091746
-100 -160 0.051574
-100 -155 0.041211
-100 -150 0.048133
-100 -145 0.048178
-100 -140 0.039341
-100 -135 0.026036
-100 -130 0.016618
-100 -125 0.014630
-100 -120 0.019454
-100 -115 0.035438
-100 -110 0.051467
-100 -105 0.064271
-100 -100 0.069936
-100 -95 0.066070
-100 -90 0.054262
-100 -85 0.038141
-100 -80 0.029855
-100 -75 0.037694
-100 -70 0.076203
-100 -65 0.158915
-100 -60 0.291697
-100 -55 0.461475
-100 -50 0.647478
-100 -45 0.815778
-100 -40 0.960032
-100 -35 1.121503
-100 -30 1.324867
-100 -25 1.640455
-100 -20 2.084318
-100 -15 2.610050
-100 -10 3.112525
-100 -5 3.462025
-100 0 3.523025
-100 5 3.243775
-100 10 2.678425
-100 15 1.983050
-100 20 1.301510
-100 25 0.768818
-100 30 0.420017
-100 35 0.223603
-100 40 0.120549
-100 45 0.084166
-100 50 0.084971
-100 55 0.103186
-100 60 0.144867
-100 65 0.192364
-100 70 0.243311
-100 75 0.297888
-100 80 0.356760
-100 85 0.420980
-100 90 0.505085
-100 95 0.612275
-100 100 0.757380
-100 105 0.927338
-100 110 1.118182
-100 115 1.306842
-100 120 1.455483
-100 125 1.569725
-100 130 1.675160
-100 135 1.774973
-100 140 1.891955
-100 145 2.006338
-100 150 2.066020
-100 155 2.008840
-100 160 1.820868
-100 165 1.533172
-100 170 1.193947
-100 175 0.858500
-95 -180 0.682828
-95 -175 0.410285
-95 -170 0.221209
-95 -165 0.115490
-95 -160 0.068189
-95 -155 0.052527
-95 -150 0.053475
-95 -145 0.047998
-95 -140 0.036030
-95 -135 0.022726
-95 -130 0.014969
-95 -125 0.015327
-95 -120 0.021530
-95 -115 0.034964
-95 -110 0.045411
-95 -105 0.050104
-95 -100 0.048451
-95 -95 0.042428
-95 -90 0.035558
-95 -85 0.028659
-95 -80 0.033028
-95 -75 0.053596
-95 -70 0.103482
-95 -65 0.197835
-95 -60 0.349530
-95 -55 0.550515
-95 -50 0.788155
-95 -45 1.019857
-95 -40 1.239175
-95 -35 1.488517
-95 -30 1.791615
-95 -25 2.234485
-95 -20 2.823600
-95 -15 3.458450
-95 -10 3.973450
-95 -5 4.206650
-95 0 4.043325
-95 5 3.497325
-95 10 2.707450
-95 15 1.889338
-95 20 1.174075
-95 25 0.660977
-95 30 0.352445
-95 35 0.190962
-95 40 0.110710
-95 45 0.094011
-95 50 0.114602
-95 55 0.152699
-95 60 0.210325
-95 65 0.270273
-95 70 0.327995
-95 75 0.383840
-95 80 0.443377
-95 85 0.507725
-95 90 0.593347
-95 95 0.700797
-95 100 0.846808
-95 105 1.022840
-95 110 1.228158
-95 115 1.452462
-95 120 1.662003
-95 125 1.845040
-95 130 2.018448
-95 135 2.165200
-95 140 2.299078
-95 145 2.405458
-95 150 2.444020
-95 155 2.362075
-95 160 2.141763
-95 165 1.810840
-95 170 1.421180
-95 175 1.025848
-90 -180 0.774185
-90 -175 0.460935
-90 -170 0.252238
-90 -165 0.137439
-90 -160 0.086031
-90 -155 0.064021
-90 -150 0.056514
-90 -145 0.044534
-90 -140 0.029562
-90 -135 0.017256
-90 -130 0.012122
-90 -125 0.015788
-90 -120 0.024717
-90 -115 0.037324
-90 -110 0.044537
-90 -105 0.043393
-90 -100 0.035624
-90 -95 0.026962
-90 -90 0.023151
-90 -85 0.023399
-90 -80 0.038454
-90 -75 0.069633
-90 -70 0.129946
-90 -65 0.236724
-90 -60 0.412458
-90 -55 0.657187
-90 -50 0.967725
-90 -45 1.294020
-90 -40 1.630630
-90 -35 2.017900
-90 -30 2.476688
-90 -25 3.086050
-90 -20 3.819925
-90 -15 4.509700
-90 -10 4.931800
-90 -5 4.920275
-90 0 4.428200
-90 5 3.563625
-90 10 2.555350
-90 15 1.656182
-90 20 0.962770
-90 25 0.515095
-90 30 0.272477
-90 35 0.157026
-90 40 0.102697
-90 45 0.102869
-90 50 0.139839
-90 55 0.195104
-90 60 0.265565
-90 65 0.336373
-90 70 0.399635
-90 75 0.456820
-90 80 0.517840
-90 85 0.584375
-90 90 0.671350
-90 95 0.777222
-90 100 0.920872
-90 105 1.102038
-90 110 1.325867
-90 115 1.604775
-90 120 1.909605
-90 125 2.206363
-90 130 2.494395
-90 135 2.728625
-90 140 2.903300
-90 145 3.004125
-90 150 3.005225
-90 155 2.866925
-90 160 2.570875
-90 165 2.150485
-90 170 1.669072
-90 175 1.185520
-85 -180 0.808563
-85 -175 0.470912
-85 -170 0.259383
-85 -165 0.146441
-85 -160 0.096020
-85 -155 0.069790
-85 -150 0.055154
-85 -145 0.038731
-85 -140 0.022452
-85 -135 0.011916
-85 -130 0.008795
-85 -125 0.014163
-85 -120 0.023940
-85 -115 0.035070
-85 -110 0.040253
-85 -105 0.036609
-85 -100 0.026748
-85 -95 0.017748
-85 -90 0.016120
-85 -85 0.020928
-85 -80 0.041938
-85 -75 0.079499
-85 -70 0.150296
-85 -65 0.275250
-85 -60 0.491895
-85 -55 0.809902
-85 -50 1.237065
-85 -45 1.721457
-85 -40 2.258160
-85 -35 2.871475
-85 -30 3.556700
-85 -25 4.343625
-85 -20 5.143950
-85 -15 5.728850
-85 -10 5.869700
-85 -5 5.461425
-85 0 4.572650
-85 5 3.406725
-85 10 2.247487
-85 15 1.336032
-85 20 0.713145
-85 25 0.355428
-85 30 0.185271
-85 35 0.115946
-85 40 0.087106
-85 45 0.100261
-85 50 0.145666
-85 55 0.208214
-85 60 0.280212
-85 65 0.350373
-85 70 0.409720
-85 75 0.461675
-85 80 0.519200
-85 85 0.583925
-85 90 0.668270
-85 95 0.771885
-85 100 0.916538
-85 105 1.113047
-85 110 1.375892
-85 115 1.734862
-85 120 2.160112
-85 125 2.600575
-85 130 3.033100
-85 135 3.382075
-85 140 3.619675
-85 145 3.721325
-85 150 3.669325
-85 155 3.435425
-85 160 3.014900
-85 165 2.462032
-85 170 1.858062
-85 175 1.278190
-80 -180 0.766725
-80 -175 0.429663
-80 -170 0.234000
-80 -165 0.134326
-80 -160 0.089815
-80 -155 0.063617
-80 -150 0.046070
-80 -145 0.029338
-80 -140 0.014776
-80 -135 0.007032
-80 -130 0.005319
-80 -125 0.010338
-80 -120 0.018438
-80 -115 0.026646
-80 -110 0.030042
-80 -105 0.026409
-80 -100 0.018095
-80 -95 0.011164
-80 -90 0.011099
-80 -85 0.017991
-80 -80 0.039866
-80 -75 0.079592
-80 -70 0.162919
-80 -65 0.317132
-80 -60 0.600565
-80 -55 1.035243
-80 -50 1.637352
-80 -45 2.360618
-80 -40 3.189900
-80 -35 4.114400
-80 -30 5.071875
-80 -25 5.998100
-80 -20 6.726725
-80 -15 6.998300
-80 -10 6.654375
-80 -5 5.726850
-80 0 4.428800
-80 5 3.040550
-80 10 1.839343
-80 15 0.998127
-80 20 0.486195
-80 25 0.223603
-80 30 0.114759
-80 35 0.079164
-80 40 0.067134
-80 45 0.084858
-80 50 0.127420
-80 55 0.183861
-80 60 0.244030
-80 65 0.299913
-80 70 0.343902
-80 75 0.382192
-80 80 0.429815
-80 85 0.489140
-80 90 0.569962
-80 95 0.677418
-80 100 0.832707
-80 105 1.058090
-80 110 1.378993
-80 115 1.838218
-80 120 2.405120
-80 125 3.018225
-80 130 3.625625
-80 135 4.109225
-80 140 4.408000
-80 145 4.481325
-80 150 4.323425
-80 155 3.935550
-80 160 3.345600
-80 165 2.640525
-80 170 1.917565
-80 175 1.264077
-75 -180 0.665940
-75 -175 0.352865
-75 -170 0.184212
-75 -165 0.104462
-75 -160 0.069014
-75 -155 0.047388
-75 -150 0.032075
-75 -145 0.018953
-75 -140 0.008414
-75 -135 0.003629
-75 -130 0.002705
-75 -125 0.006100
-75 -120 0.011303
-75 -115 0.016341
-75 -110 0.018424
-75 -105 0.016195
-75 -100 0.011097
-75 -95 0.006971
-75 -90 0.007395
-75 -85 0.013910
-75 -80 0.032522
-75 -75 0.069932
-75 -70 0.164174
-75 -65 0.353955
-75 -60 0.725845
-75 -55 1.316537
-75 -50 2.149303
-75 -45 3.181850
-75 -40 4.365150
-75 -35 5.627150
-75 -30 6.825275
-75 -25 7.784750
-75 -20 8.276575
-75 -15 8.060250
-75 -10 7.118500
-75 -5 5.657175
-75 0 4.022325
-75 5 2.530900
-75 10 1.396082
-75 15 0.686642
-75 20 0.302615
-75 25 0.125406
-75 30 0.062015
-75 35 0.046752
-75 40 0.044013
-75 45 0.059829
-75 50 0.091901
-75 55 0.133354
-75 60 0.174797
-75 65 0.210707
-75 70 0.236258
-75 75 0.258575
-75 80 0.292000
-75 85 0.339143
-75 90 0.408245
-75 95 0.512205
-75 100 0.671758
-75 105 0.920775
-75 110 1.302328
-75 115 1.869830
-75 120 2.595975
-75 125 3.408375
-75 130 4.213675
-75 135 4.832600
-75 140 5.162300
-75 145 5.153425
-75 150 4.826975
-75 155 4.238300
-75 160 3.466875
-75 165 2.631050
-75 170 1.831808
-75 175 1.151813
-70 -180 0.526550
-70 -175 0.258508
-70 -170 0.124384
-70 -165 0.067558
-70 -160 0.043018
-70 -155 0.028705
-70 -150 0.018638
-70 -145 0.010655
-70 -140 0.004493
-70 -135 0.001936
-70 -130 0.001318
-70 -125 0.002958
-70 -120 0.005481
-70 -115 0.007924
-70 -110 0.008934
-70 -105 0.007854
-70 -100 0.005381
-70 -95 0.003442
-70 -90 0.003878
-70 -85 0.008949
-70 -80 0.022612
-70 -75 0.054348
-70 -70 0.155609
-70 -65 0.380933
-70 -60 0.846125
-70 -55 1.604490
-70 -50 2.684200
-70 -45 4.039275
-70 -40 5.565075
-70 -35 7.105875
-70 -30 8.431325
-70 -25 9.266850
-70 -20 9.363425
-70 -15 8.565950
-70 -10 7.042650
-70 -5 5.166600
-70 0 3.361700
-70 5 1.923695
-70 10 0.959940
-70 15 0.424422
-70 20 0.168502
-70 25 0.060835
-70 30 0.027394
-70 35 0.022202
-70 40 0.022872
-70 45 0.033572
-70 50 0.052726
-70 55 0.077072
-70 60 0.100149
-70 65 0.118599
-70 70 0.130003
-70 75 0.140133
-70 80 0.159883
-70 85 0.191658
-70 90 0.241991
-70 95 0.330090
-70 100 0.478600
-70 105 0.733677
-70 110 1.160405
-70 115 1.822135
-70 120 2.698150
-70 125 3.696950
-70 130 4.671125
-70 135 5.379175
-70 140 5.680200
-70 145 5.533400
-70 150 5.005950
-70 155 4.221550
-70 160 3.312325
-70 165 2.411027
-70 170 1.607252
-70 175 0.961820
-65 -180 0.374045
-65 -175 0.168196
-65 -170 0.072124
-65 -165 0.036175
-65 -160 0.021286
-65 -155 0.013724
-65 -150 0.008529
-65 -145 0.004696
-65 -140 0.001857
-65 -135 0.000796
-65 -130 0.000360
-65 -125 0.000783
-65 -120 0.001450
-65 -115 0.002096
-65 -110 0.002364
-65 -105 0.002078
-65 -100 0.001424
-65 -95 0.001002
-65 -90 0.001459
-65 -85 0.004883
-65 -80 0.013382
-65 -75 0.037313
-65 -70 0.137191
-65 -65 0.382427
-65 -60 0.910043
-65 -55 1.786040
-65 -50 3.039575
-65 -45 4.611225
-65 -40 6.332950
-65 -35 7.966425
-65 -30 9.221325
-65 -25 9.778100
-65 -20 9.428225
-65 -15 8.148925
-65 -10 6.274100
-65 -5 4.267950
-65 0 2.542425
-65 5 1.317930
-65 10 0.593410
-65 15 0.236219
-65 20 0.086507
-65 25 0.027749
-65 30 0.010883
-65 35 0.008893
-65 40 0.009770
-65 45 0.015669
-65 50 0.025106
-65 55 0.036679
-65 60 0.046324
-65 65 0.052398
-65 70 0.054189
-65 75 0.055780
-65 80 0.064262
-65 85 0.081487
-65 90 0.112225
-65 95 0.176816
-65 100 0.300278
-65 105 0.538530
-65 110 0.982640
-65 115 1.704470
-65 120 2.694075
-65 125 3.829475
-65 130 4.903325
-65 135 5.617325
-65 140 5.807525
-65 145 5.468225
-65 150 4.737325
-65 155 3.806325
-65 160 2.847850
-65 165 1.980260
-65 170 1.264920
-65 175 0.721677
-60 -180 0.234255
-60 -175 0.096554
-60 -170 0.036152
-60 -165 0.015651
-60 -160 0.006978
-60 -155 0.003401
-60 -150 0.001511
-60 -145 0.000534
-60 -140 0.000000
-60 -135 0.000000
-60 -130 0.000000
-60 -125 0.000000
-60 -120 0.000000
-60 -115 0.000000
-60 -110 0.000000
-60 -105 0.000000
-60 -100 0.000000
-60 -95 0.000009
-60 -90 0.000043
-60 -85 0.001573
-60 -80 0.006037
-60 -75 0.023202
-60 -70 0.115866
-60 -65 0.362750
-60 -60 0.905668
-60 -55 1.810598
-60 -50 3.098425
-60 -45 4.683450
-60 -40 6.346200
-60 -35 7.804150
-60 -30 8.768950
-60 -25 8.959800
-60 -20 8.259925
-60 -15 6.771800
-60 -10 4.905725
-60 -5 3.103425
-60 0 1.688235
-60 5 0.782310
-60 10 0.309872
-60 15 0.106057
-60 20 0.033900
-60 25 0.008085
-60 30 0.001463
-60 35 0.000923
-60 40 0.001305
-60 45 0.003387
-60 50 0.006286
-60 55 0.009665
-60 60 0.012139
-60 65 0.012681
-60 70 0.011405
-60 75 0.010272
-60 80 0.013037
-60 85 0.020884
-60 90 0.036998
-60 95 0.079083
-60 100 0.173530
-60 105 0.378085
-60 110 0.805123
-60 115 1.526733
-60 120 2.540675
-60 125 3.696375
-60 130 4.742400
-60 135 5.355275
-60 140 5.377400
-60 145 4.856200
-60 150 3.998950
-60 155 3.035525
-60 160 2.150150
-60 165 1.420518
-60 170 0.869615
-60 175 0.474565
-55 -180 0.121846
-55 -175 0.043617
-55 -170 0.012182
-55 -165 0.003349
-55 -160 0.000384
-55 -155 0.000000
-55 -150 0.000000
-55 -145 0.000000
-55 -140 0.000000
-55 -135 0.000000
-55 -130 0.000000
-55 -125 0.000000
-55 -120 0.000000
-55 -115 0.000000
-55 -110 0.000000
-55 -105 0.000000
-55 -100 0.000000
-55 -95 0.000000
-55 -90 0.000000
-55 -85 0.000714
-55 -80 0.003931
-55 -75 0.017429
-55 -70 0.098228
-55 -65 0.324265
-55 -60 0.822270
-55 -55 1.646128
-55 -50 2.798725
-55 -45 4.168750
-55 -40 5.520100
-55 -35 6.583825
-55 -30 7.138225
-55 -25 7.005975
-55 -20 6.174025
-55 -15 4.812800
-55 -10 3.295550
-55 -5 1.949268
-55 0 0.971485
-55 5 0.400402
-55 10 0.137539
-55 15 0.038858
-55 20 0.010486
-55 25 0.001667
-55 30 0.000000
-55 35 0.000000
-55 40 0.000093
-55 45 0.000420
-55 50 0.000889
-55 55 0.001489
-55 60 0.001972
-55 65 0.002063
-55 70 0.001702
-55 75 0.001356
-55 80 0.002041
-55 85 0.004428
-55 90 0.010337
-55 95 0.032902
-55 100 0.099153
-55 105 0.260908
-55 110 0.636105
-55 115 1.285725
-55 120 2.208335
-55 125 3.242075
-55 130 4.128525
-55 135 4.566300
-55 140 4.431500
-55 145 3.818100
-55 150 2.969375
-55 155 2.108405
-55 160 1.399135
-55 165 0.869645
-55 170 0.508123
-55 175 0.263535
-50 -180 0.056959
-50 -175 0.019210
-50 -170 0.005242
-50 -165 0.001514
-50 -160 0.000164
-50 -155 0.000000
-50 -150 0.000000
-50 -145 0.000000
-50 -140 0.000000
-50 -135 0.000000
-50 -130 0.000000
-50 -125 0.000000
-50 -120 0.000000
-50 -115 0.000000
-50 -110 0.000000
-50 -105 0.000000
-50 -100 0.000000
-50 -95 0.000000
-50 -90 0.000000
-50 -85 0.000183
-50 -80 0.003247
-50 -75 0.015296
-50 -70 0.081271
-50 -65 0.268255
-50 -60 0.671312
-50 -55 1.324188
-50 -50 2.212225
-50 -45 3.217000
-50 -40 4.130325
-50 -35 4.744975
-50 -30 4.934275
-50 -25 4.630025
-50 -20 3.888150
-50 -15 2.878625
-50 -10 1.864810
-50 -5 1.032593
-50 0 0.471205
-50 5 0.170985
-50 10 0.050088
-50 15 0.010718
-50 20 0.002400
-50 25 0.000282
-50 30 0.000000
-50 35 0.000000
-50 40 0.000000
-50 45 0.000000
-50 50 0.000000
-50 55 0.000000
-50 60 0.000000
-50 65 0.000000
-50 70 0.000000
-50 75 0.000026
-50 80 0.000186
-50 85 0.000644
-50 90 0.001898
-50 95 0.012190
-50 100 0.055804
-50 105 0.173209
-50 110 0.468835
-50 115 0.983897
-50 120 1.711858
-50 125 2.505975
-50 130 3.143700
-50 135 3.391400
-50 140 3.175175
-50 145 2.607800
-50 150 1.913453
-50 155 1.265248
-50 160 0.782505
-50 165 0.455682
-50 170 0.255223
-50 175 0.127735
-45 -180 0.016571
-45 -175 0.004545
-45 -170 0.001209
-45 -165 0.000347
-45 -160 0.000041
-45 -155 0.000000
-45 -150 0.000000
-45 -145 0.000000
-45 -140 0.000000
-45 -135 0.000000
-45 -130 0.000000
-45 -125 0.000000
-45 -120 0.000000
-45 -115 0.000000
-45 -110 0.000000
-45 -105 0.000000
-45 -100 0.000000
-45 -95 0.000000
-45 -90 0.000000
-45 -85 0.000000
-45 -80 0.004004
-45 -75 0.016935
-45 -70 0.068462
-45 -65 0.207246
-45 -60 0.490205
-45 -55 0.931470
-45 -50 1.508535
-45 -45 2.122548
-45 -40 2.625300
-45 -35 2.886675
-45 -30 2.856700
-45 -25 2.539150
-45 -20 2.007920
-45 -15 1.391470
-45 -10 0.837600
-45 -5 0.423405
-45 0 0.170027
-45 5 0.049807
-45 10 0.010880
-45 15 0.001219
-45 20 0.000084
-45 25 0.000000
-45 30 0.000000
-45 35 0.000000
-45 40 0.000000
-45 45 0.000000
-45 50 0.000000
-45 55 0.000000
-45 60 0.000000
-45 65 0.000000
-45 70 0.000000
-45 75 0.000000
-45 80 0.000000
-45 85 0.000000
-45 90 0.000279
-45 95 0.006212
-45 100 0.035904
-45 105 0.115920
-45 110 0.322772
-45 115 0.674215
-45 120 1.159028
-45 125 1.667920
-45 130 2.043255
-45 135 2.137482
-45 140 1.922360
-45 145 1.497823
-45 150 1.027743
-45 155 0.618780
-45 160 0.344235
-45 165 0.178280
-45 170 0.090664
-45 175 0.041227
-40 -180 0.002847
-40 -175 0.000245
-40 -170 0.000044
-40 -165 0.000000
-40 -160 0.000000
-40 -155 0.000000
-40 -150 0.000000
-40 -145 0.000000
-40 -140 0.000000
-40 -135 0.000000
-40 -130 0.000000
-40 -125 0.000000
-40 -120 0.000000
-40 -115 0.000000
-40 -110 0.000000
-40 -105 0.000000
-40 -100 0.000000
-40 -95 0.000000
-40 -90 0.000000
-40 -85 0.000000
-40 -80 0.004874
-40 -75 0.018442
-40 -70 0.056862
-40 -65 0.148828
-40 -60 0.319020
-40 -55 0.567852
-40 -50 0.873142
-40 -45 1.170145
-40 -40 1.374502
-40 -35 1.424675
-40 -30 1.318283
-40 -25 1.087725
-40 -20 0.792192
-40 -15 0.502915
-40 -10 0.276128
-40 -5 0.125280
-40 0 0.043434
-40 5 0.009956
-40 10 0.001664
-40 15 0.000000
-40 20 0.000000
-40 25 0.000000
-40 30 0.000000
-40 35 0.000000
-40 40 0.000000
-40 45 0.000000
-40 50 0.000000
-40 55 0.000000
-40 60 0.000000
-40 65 0.000000
-40 70 0.000000
-40 75 0.000000
-40 80 0.000000
-40 85 0.000000
-40 90 0.000122
-40 95 0.004257
-40 100 0.023538
-40 105 0.073536
-40 110 0.199276
-40 115 0.404475
-40 120 0.677007
-40 125 0.948458
-40 130 1.126972
-40 135 1.136800
-40 140 0.975675
-40 145 0.714475
-40 150 0.451137
-40 155 0.239676
-40 160 0.114386
-40 165 0.049234
-40 170 0.021854
-40 175 0.008695
-35 -180 0.000218
-35 -175 0.000000
-35 -170 0.000000
-35 -165 0.000000
-35 -160 0.000000
-35 -155 0.000000
-35 -150 0.000000
-35 -145 0.000000
-35 -140 0.000000
-35 -135 0.000000
-35 -130 0.000000
-35 -125 0.000000
-35 -120 0.000000
-35 -115 0.000000
-35 -110 0.000000
-35 -105 0.000000
-35 -100 0.000000
-35 -95 0.000000
-35 -90 0.000000
-35 -85 0.000000
-35 -80 0.004683
-35 -75 0.016560
-35 -70 0.042287
-35 -65 0.095235
-35 -60 0.181097
-35 -55 0.294145
-35 -50 0.419520
-35 -45 0.524567
-35 -40 0.573777
-35 -35 0.547053
-35 -30 0.458445
-35 -25 0.337382
-35 -20 0.215198
-35 -15 0.118713
-35 -10 0.057272
-35 -5 0.023060
-35 0 0.007626
-35 5 0.001966
-35 10 0.000567
-35 15 0.000000
-35 20 0.000000
-35 25 0.000000
-35 30 0.000000
-35 35 0.000000
-35 40 0.000000
-35 45 0.000000
-35 50 0.000000
-35 55 0.000000
-35 60 0.000000
-35 65 0.000000
-35 70 0.000000
-35 75 0.000000
-35 80 0.000000
-35 85 0.000000
-35 90 0.000011
-35 95 0.002530
-35 100 0.013238
-35 105 0.039882
-35 110 0.104122
-35 115 0.202335
-35 120 0.324703
-35 125 0.437132
-35 130 0.497255
-35 135 0.477502
-35 140 0.386745
-35 145 0.264182
-35 150 0.152384
-35 155 0.069158
-35 160 0.026756
-35 165 0.008388
-35 170 0.002649
-35 175 0.000748
-30 -180 0.000000
-30 -175 0.000000
-30 -170 0.000000
-30 -165 0.000000
-30 -160 0.000000
-30 -155 0.000000
-30 -150 0.000000
-30 -145 0.000000
-30 -140 0.000000
-30 -135 0.000000
-30 -130 0.000000
-30 -125 0.000000
-30 -120 0.000000
-30 -115 0.000000
-30 -110 0.000000
-30 -105 0.000000
-30 -100 0.000000
-30 -95 0.000000
-30 -90 0.000000
-30 -85 0.000000
-30 -80 0.003556
-30 -75 0.012052
-30 -70 0.027451
-30 -65 0.054068
-30 -60 0.088872
-30 -55 0.126814
-30 -50 0.161186
-30 -45 0.182675
-30 -40 0.183731
-30 -35 0.161131
-30 -30 0.123463
-30 -25 0.081940
-30 -20 0.045060
-30 -15 0.020562
-30 -10 0.007481
-30 -5 0.001842
-30 0 0.000335
-30 5 0.000006
-30 10 0.000000
-30 15 0.000000
-30 20 0.000000
-30 25 0.000000
-30 30 0.000000
-30 35 0.000000
-30 40 0.000000
-30 45 0.000000
-30 50 0.000000
-30 55 0.000000
-30 60 0.000000
-30 65 0.000000
-30 70 0.000000
-30 75 0.000000
-30 80 0.000000
-30 85 0.000000
-30 90 0.000000
-30 95 0.001560
-30 100 0.006840
-30 105 0.019400
-30 110 0.045663
-30 115 0.081135
-30 120 0.119749
-30 125 0.149067
-30 130 0.156005
-30 135 0.137242
-30 140 0.101110
-30 145 0.062504
-30 150 0.032048
-30 155 0.011904
-30 160 0.003915
-30 165 0.001037
-30 170 0.000070
-30 175 0.000006
-25 -180 0.000000
-25 -175 0.000000
-25 -170 0.000000
-25 -165 0.000000
-25 -160 0.000000
-25 -155 0.000000
-25 -150 0.000000
-25 -145 0.000000
-25 -140 0.000000
-25 -135 0.000000
-25 -130 0.000000
-25 -125 0.000000
-25 -120 0.000000
-25 -115 0.000000
-25 -110 0.000000
-25 -105 0.000000
-25 -100 0.000000
-25 -95 0.000000
-25 -90 0.000000
-25 -85 0.000000
-25 -80 0.002135
-25 -75 0.006951
-25 -70 0.014313
-25 -65 0.024275
-25 -60 0.033426
-25 -55 0.038691
-25 -50 0.039003
-25 -45 0.035483
-25 -40 0.029628
-25 -35 0.021788
-25 -30 0.014348
-25 -25 0.008488
-25 -20 0.003850
-25 -15 0.001348
-25 -10 0.000287
-25 -5 0.000023
-25 0 0.000000
-25 5 0.000000
-25 10 0.000000
-25 15 0.000000
-25 20 0.000000
-25 25 0.000000
-25 30 0.000000
-25 35 0.000000
-25 40 0.000000
-25 45 0.000000
-25 50 0.000000
-25 55 0.000000
-25 60 0.000000
-25 65 0.000000
-25 70 0.000000
-25 75 0.000000
-25 80 0.000000
-25 85 0.000000
-25 90 0.000000
-25 95 0.000786
-25 100 0.002520
-25 105 0.006807
-25 110 0.014753
-25 115 0.024574
-25 120 0.034501
-25 125 0.040762
-25 130 0.040371
-25 135 0.033271
-25 140 0.022456
-25 145 0.012548
-25 150 0.005346
-25 155 0.001323
-25 160 0.000302
-25 165 0.000000
-25 170 0.000000
-25 175 0.000000
-20 -180 0.000000
-20 -175 0.000000
-20 -170 0.000000
-20 -165 0.000000
-20 -160 0.000000
-20 -155 0.000000
-20 -150 0.000000
-20 -145 0.000000
-20 -140 0.000000
-20 -135 0.000000
-20 -130 0.000000
-20 -125 0.000000
-20 -120 0.000000
-20 -115 0.000000
-20 -110 0.000000
-20 -105 0.000000
-20 -100 0.000000
-20 -95 0.000000
-20 -90 0.000000
-20 -85 0.000000
-20 -80 0.001014
-20 -75 0.003203
-20 -70 0.006483
-20 -65 0.010282
-20 -60 0.012922
-20 -55 0.012894
-20 -50 0.010235
-20 -45 0.006473
-20 -40 0.003266
-20 -35 0.000986
-20 -30 0.000090
-20 -25 0.000000
-20 -20 0.000000
-20 -15 0.000000
-20 -10 0.000000
-20 -5 0.000000
-20 0 0.000000
-20 5 0.000000
-20 10 0.000000
-20 15 0.000000
-20 20 0.000000
-20 25 0.000000
-20 30 0.000000
-20 35 0.000000
-20 40 0.000000
-20 45 0.000000
-20 50 0.000000
-20 55 0.000000
-20 60 0.000000
-20 65 0.000000
-20 70 0.000000
-20 75 0.000000
-20 80 0.000000
-20 85 0.000000
-20 90 0.000000
-20 95 0.000257
-20 100 0.000817
-20 105 0.002186
-20 110 0.004495
-20 115 0.007109
-20 120 0.009423
-20 125 0.010412
-20 130 0.009500
-20 135 0.007079
-20 140 0.004181
-20 145 0.001973
-20 150 0.000592
-20 155 0.000000
-20 160 0.000000
-20 165 0.000000
-20 170 0.000000
-20 175 0.000000
-15 -180 0.000000
-15 -175 0.000000
-15 -170 0.000000
-15 -165 0.000000
-15 -160 0.000000
-15 -155 0.000000
-15 -150 0.000000
-15 -145 0.000000
-15 -140 0.000000
-15 -135 0.000000
-15 -130 0.000000
-15 -125 0.000000
-15 -120 0.000000
-15 -115 0.000000
-15 -110 0.000000
-15 -105 0.000000
-15 -100 0.000000
-15 -95 0.000000
-15 -90 0.000000
-15 -85 0.000000
-15 -80 0.000234
-15 -75 0.000586
-15 -70 0.001109
-15 -65 0.001640
-15 -60 0.001895
-15 -55 0.001715
-15 -50 0.001216
-15 -45 0.000677
-15 -40 0.000296
-15 -35 0.000026
-15 -30 0.000000
-15 -25 0.000000
-15 -20 0.000000
-15 -15 0.000000
-15 -10 0.000000
-15 -5 0.000000
-15 0 0.000000
-15 5 0.000000
-15 10 0.000000
-15 15 0.000000
-15 20 0.000000
-15 25 0.000000
-15 30 0.000000
-15 35 0.000000
-15 40 0.000000
-15 45 0.000000
-15 50 0.000000
-15 55 0.000000
-15 60 0.000000
-15 65 0.000000
-15 70 0.000000
-15 75 0.000000
-15 80 0.000000
-15 85 0.000000
-15 90 0.000000
-15 95 0.000000
-15 100 0.000000
-15 105 0.000000
-15 110 0.000000
-15 115 0.000000
-15 120 0.000000
-15 125 0.000000
-15 130 0.000000
-15 135 0.000000
-15 140 0.000000
-15 145 0.000000
-15 150 0.000000
-15 155 0.000000
-15 160 0.000000
-15 165 0.000000
-15 170 0.000000
-15 175 0.000000
-10 -180 0.000000
-10 -175 0.000000
-10 -170 0.000000
-10 -165 0.000000
-10 -160 0.000000
-10 -155 0.000000
-10 -150 0.000000
-10 -145 0.000000
-10 -140 0.000000
-10 -135 0.000000
-10 -130 0.000000
-10 -125 0.000000
-10 -120 0.000000
-10 -115 0.000000
-10 -110 0.000000
-10 -105 0.000000
-10 -100 0.000000
-10 -95 0.000000
-10 -90 0.000000
-10 -85 0.000000
-10 -80 0.000000
-10 -75 0.000000
-10 -70 0.000000
-10 -65 0.000000
-10 -60 0.000000
-10 -55 0.000000
-10 -50 0.000000
-10 -45 0.000000
-10 -40 0.000000
-10 -35 0.000000
-10 -30 0.000000
-10 -25 0.000000
-10 -20 0.000000
-10 -15 0.000000
-10 -10 0.000000
-10 -5 0.000000
-10 0 0.000000
-10 5 0.000000
-10 10 0.000000
-10 15 0.000000
-10 20 0.000000
-10 25 0.000000
-10 30 0.000000
-10 35 0.000000
-10 40 0.000000
-10 45 0.000000
-10 50 0.000000
-10 55 0.000000
-10 60 0.000000
-10 65 0.000000
-10 70 0.000000
-10 75 0.000000
-10 80 0.000000
-10 85 0.000000
-10 90 0.000000
-10 95 0.000000
-10 100 0.000000
-10 105 0.000000
-10 110 0.000000
-10 115 0.000000
-10 120 0.000000
-10 125 0.000000
-10 130 0.000000
-10 135 0.000000
-10 140 0.000000
-10 145 0.000000
-10 150 0.000000
-10 155 0.000000
-10 160 0.000000
-10 165 0.000000
-10 170 0.000000
-10 175 0.000000
-5 -180 0.000000
-5 -175 0.000000
-5 -170 0.000000
-5 -165 0.000000
-5 -160 0.000000
-5 -155 0.000000
-5 -150 0.000000
-5 -145 0.000000
-5 -140 0.000000
-5 -135 0.000000
-5 -130 0.000000
-5 -125 0.000000
-5 -120 0.000000
-5 -115 0.000000
-5 -110 0.000000
-5 -105 0.000000
-5 -100 0.000000
-5 -95 0.000000
-5 -90 0.000000
-5 -85 0.000000
-5 -80 0.000000
-5 -75 0.000000
-5 -70 0.000000
-5 -65 0.000000
-5 -60 0.000000
-5 -55 0.000000
-5 -50 0.000000
-5 -45 0.000000
-5 -40 0.000000
-5 -35 0.000000
-5 -30 0.000000
-5 -25 0.000000
-5 -20 0.000000
-5 -15 0.000000
-5 -10 0.000000
-5 -5 0.000000
-5 0 0.000000
-5 5 0.000000
-5 10 0.000000
-5 15 0.000000
-5 20 0.000000
-5 25 0.000000
-5 30 0.000000
-5 35 0.000000
-5 40 0.000000
-5 45 0.000000
-5 50 0.000000
-5 55 0.000000
-5 60 0.000000
-5 65 0.000000
-5 70 0.000000
-5 75 0.000000
-5 80 0.000000
-5 85 0.000000
-5 90 0.000000
-5 95 0.000000
-5 100 0.000000
-5 105 0.000000
-5 110 0.000000
-5 115 0.000000
-5 120 0.000000
-5 125 0.000000
-5 130 0.000000
-5 135 0.000000
-5 140 0.000000
-5 145 0.000000
-5 150 0.000000
-5 155 0.000000
-5 160 0.000000
-5 165 0.000000
-5 170 0.000000
-5 175 0.000000
0 -180 0.000000
0 -175 0.000000
0 -170 0.000000
0 -165 0.000000
0 -160 0.000000
0 -155 0.000000
0 -150 0.000000
0 -145 0.000000
0 -140 0.000000
0 -135 0.000000
0 -130 0.000000
0 -125 0.000000
0 -120 0.000000
0 -115 0.000000
0 -110 0.000000
0 -105 0.000000
0 -100 0.000000
0 -95 0.000000
0 -90 0.000000
0 -85 0.000000
0 -80 0.000000
0 -75 0.000000
0 -70 0.000000
0 -65 0.000000
0 -60 0.000000
0 -55 0.000000
0 -50 0.000000
0 -45 0.000000
0 -40 0.000000
0 -35 0.000000
0 -30 0.000000
0 -25 0.000000
0 -20 0.000000
0 -15 0.000000
0 -10 0.000000
0 -5 0.000000
0 0 0.000000
0 5 0.000000
0 10 0.000000
0 15 0.000000
0 20 0.000000
0 25 0.000000
0 30 0.000000
0 35 0.000000
0 40 0.000000
0 45 0.000000
0 50 0.000000
0 55 0.000000
0 60 0.000000
0 65 0.000000
0 70 0.000000
0 75 0.000000
0 80 0.000000
0 85 0.000000
0 90 0.000000
0 95 0.000000
0 100 0.000000
0 105 0.000000
0 110 0.000000
0 115 0.000000
0 120 0.000000
0 125 0.000000
0 130 0.000000
0 135 0.000000
0 140 0.000000
0 145 0.000000
0 150 0.000000
0 155 0.000000
0 160 0.000000
0 165 0.000000
0 170 0.000000
0 175 0.000000
5 -180 0.000000
5 -175 0.000000
5 -170 0.000000
5 -165 0.000000
5 -160 0.000000
5 -155 0.000000
5 -150 0.000000
5 -145 0.000000
5 -140 0.000000
5 -135 0.000000
5 -130 0.000000
5 -125 0.000000
5 -120 0.000000
5 -115 0.000000
5 -110 0.000000
5 -105 0.000000
5 -100 0.000000
5 -95 0.000000
5 -90 0.000000
5 -85 0.000000
5 -80 0.000000
5 -75 0.000000
5 -70 0.000000
5 -65 0.000000
5 -60 0.000000
5 -55 0.000000
5 -50 0.000000
5 -45 0.000000
5 -40 0.000000
5 -35 0.000000
5 -30 0.000000
5 -25 0.000000
5 -20 0.000000
5 -15 0.000000
5 -10 0.000000
5 -5 0.000000
5 0 0.000000
5 5 0.000000
5 10 0.000000
5 15 0.000000
5 20 0.000000
5 25 0.000000
5 30 0.000000
5 35 0.000000
5 40 0.000000
5 45 0.000000
5 50 0.000000
5 55 0.000000
5 60 0.000000
5 65 0.000000
5 70 0.000000
5 75 0.000000
5 80 0.000000
5 85 0.000000
5 90 0.000000
5 95 0.000000
5 100 0.000000
5 105 0.000000
5 110 0.000000
5 115 0.000000
5 120 0.000000
5 125 0.000000
5 130 0.000000
5 135 0.000000
5 140 0.000000
5 145 0.000000
5 150 0.000000
5 155 0.000000
5 160 0.000000
5 165 0.000000
5 170 0.000000
5 175 0.000000
10 -180 0.000000
10 -175 0.000000
10 -170 0.000000
10 -165 0.000000
10 -160 0.000000
10 -155 0.000000
10 -150 0.000000
10 -145 0.000000
10 -140 0.000000
10 -135 0.000000
10 -130 0.000000
10 -125 0.000000
10 -120 0.000000
10 -115 0.000000
10 -110 0.000000
10 -105 0.000000
10 -100 0.000000
10 -95 0.000000
10 -90 0.000000
10 -85 0.000000
10 -80 0.000000
10 -75 0.000000
10 -70 0.000000
10 -65 0.000000
10 -60 0.000000
10 -55 0.000000
10 -50 0.000000
10 -45 0.000000
10 -40 0.000000
10 -35 0.000000
10 -30 0.000000
10 -25 0.000000
10 -20 0.000000
10 -15 0.000000
10 -10 0.000000
10 -5 0.000000
10 0 0.000000
10 5 0.000000
10 10 0.000000
10 15 0.000000
10 20 0.000000
10 25 0.000000
10 30 0.000000
10 35 0.000000
10 40 0.000000
10 45 0.000000
10 50 0.000000
10 55 0.000000
10 60 0.000000
10 65 0.000000
10 70 0.000000
10 75 0.000000
10 80 0.000000
10 85 0.000000
10 90 0.000000
10 95 0.000000
10 100 0.000000
10 105 0.000000
10 110 0.000000
10 115 0.000000
10 120 0.000000
10 125 0.000000
10 130 0.000000
10 135 0.000000
10 140 0.000000
10 145 0.000000
10 150 0.000000
10 155 0.000000
10 160 0.000000
10 165 0.000000
10 170 0.000000
10 175 0.000000
15 -180 0.000000
15 -175 0.000000
15 -170 0.000000
15 -165 0.000000
15 -160 0.000000
15 -155 0.000000
15 -150 0.000000
15 -145 0.000000
15 -140 0.000000
15 -135 0.000000
15 -130 0.000000
15 -125 0.000000
15 -120 0.000000
15 -115 0.000000
15 -110 0.000000
15 -105 0.000000
15 -100 0.000000
15 -95 0.000000
15 -90 0.000000
15 -85 0.000000
15 -80 0.000000
15 -75 0.000000
15 -70 0.000000
15 -65 0.000000
15 -60 0.000000
15 -55 0.000000
15 -50 0.000000
15 -45 0.000000
15 -40 0.000000
15 -35 0.000000
15 -30 0.000000
15 -25 0.000000
15 -20 0.000000
15 -15 0.000000
15 -10 0.000000
15 -5 0.000000
15 0 0.000000
15 5 0.000000
15 10 0.000000
15 15 0.000000
15 20 0.000000
15 25 0.000000
15 30 0.000000
15 35 0.000104
15 40 0.000405
15 45 0.000839
15 50 0.001375
15 55 0.001783
15 60 0.001828
15 65 0.001481
15 70 0.000947
15 75 0.000477
15 80 0.000156
15 85 0.000000
15 90 0.000000
15 95 0.000000
15 100 0.000000
15 105 0.000000
15 110 0.000000
15 115 0.000000
15 120 0.000000
15 125 0.000000
15 130 0.000000
15 135 0.000000
15 140 0.000000
15 145 0.000000
15 150 0.000000
15 155 0.000000
15 160 0.000000
15 165 0.000000
15 170 0.000000
15 175 0.000000
20 -180 0.000000
20 -175 0.000000
20 -170 0.000000
20 -165 0.000000
20 -160 0.000000
20 -155 0.000000
20 -150 0.000000
20 -145 0.000000
20 -140 0.000000
20 -135 0.000000
20 -130 0.000000
20 -125 0.000000
20 -120 0.000000
20 -115 0.000000
20 -110 0.000000
20 -105 0.000000
20 -100 0.000000
20 -95 0.000000
20 -90 0.000000
20 -85 0.000000
20 -80 0.000000
20 -75 0.000000
20 -70 0.000000
20 -65 0.000000
20 -60 0.000000
20 -55 0.000000
20 -50 0.000000
20 -45 0.000000
20 -40 0.000000
20 -35 0.000000
20 -30 0.000000
20 -25 0.000000
20 -20 0.000000
20 -15 0.000000
20 -10 0.000000
20 -5 0.000000
20 0 0.000000
20 5 0.000000
20 10 0.000000
20 15 0.000000
20 20 0.000000
20 25 0.000000
20 30 0.000177
20 35 0.001507
20 40 0.004474
20 45 0.008626
20 50 0.013274
20 55 0.016312
20 60 0.015992
20 65 0.012491
20 70 0.007760
20 75 0.003771
20 80 0.001131
20 85 0.000019
20 90 0.000000
20 95 0.000000
20 100 0.000000
20 105 0.000000
20 110 0.000000
20 115 0.000000
20 120 0.000000
20 125 0.000000
20 130 0.000000
20 135 0.000000
20 140 0.000000
20 145 0.000000
20 150 0.000000
20 155 0.000000
20 160 0.000000
20 165 0.000000
20 170 0.000000
20 175 0.000000
25 -180 0.000000
25 -175 0.000000
25 -170 0.000000
25 -165 0.000000
25 -160 0.000000
25 -155 0.000000
25 -150 0.000000
25 -145 0.000000
25 -140 0.000000
25 -135 0.000000
25 -130 0.000000
25 -125 0.000000
25 -120 0.000000
25 -115 0.000000
25 -110 0.000000
25 -105 0.000000
25 -100 0.000000
25 -95 0.000000
25 -90 0.000000
25 -85 0.000000
25 -80 0.000000
25 -75 0.000000
25 -70 0.000000
25 -65 0.000000
25 -60 0.000000
25 -55 0.000000
25 -50 0.000000
25 -45 0.000000
25 -40 0.000000
25 -35 0.000000
25 -30 0.000000
25 -25 0.000000
25 -20 0.000000
25 -15 0.000000
25 -10 0.000000
25 -5 0.000000
25 0 0.000000
25 5 0.000000
25 10 0.000000
25 15 0.000401
25 20 0.001122
25 25 0.003025
25 30 0.006485
25 35 0.014559
25 40 0.027497
25 45 0.042865
25 50 0.057417
25 55 0.064441
25 60 0.059347
25 65 0.044499
25 70 0.026624
25 75 0.012576
25 80 0.003593
25 85 0.000083
25 90 0.000000
25 95 0.000000
25 100 0.000000
25 105 0.000000
25 110 0.000000
25 115 0.000000
25 120 0.000000
25 125 0.000000
25 130 0.000000
25 135 0.000000
25 140 0.000000
25 145 0.000000
25 150 0.000000
25 155 0.000000
25 160 0.000000
25 165 0.000000
25 170 0.000000
25 175 0.000000
30 -180 0.000000
30 -175 0.000000
30 -170 0.000000
30 -165 0.000000
30 -160 0.000000
30 -155 0.000000
30 -150 0.000000
30 -145 0.000000
30 -140 0.000000
30 -135 0.000000
30 -130 0.000000
30 -125 0.000000
30 -120 0.000000
30 -115 0.000000
30 -110 0.000000
30 -105 0.000000
30 -100 0.000000
30 -95 0.000000
30 -90 0.000000
30 -85 0.000000
30 -80 0.000000
30 -75 0.000000
30 -70 0.000000
30 -65 0.000000
30 -60 0.000000
30 -55 0.000000
30 -50 0.000000
30 -45 0.000000
30 -40 0.000000
30 -35 0.000000
30 -30 0.000000
30 -25 0.000000
30 -20 0.000000
30 -15 0.000000
30 -10 0.000000
30 -5 0.000000
30 0 0.000004
30 5 0.000036
30 10 0.000081
30 15 0.001495
30 20 0.005312
30 25 0.016223
30 30 0.035532
30 35 0.068440
30 40 0.111260
30 45 0.152479
30 50 0.181140
30 55 0.184599
30 60 0.158736
30 65 0.114188
30 70 0.067113
30 75 0.032544
30 80 0.011128
30 85 0.002138
30 90 0.000886
30 95 0.000252
30 100 0.000000
30 105 0.000000
30 110 0.000000
30 115 0.000000
30 120 0.000000
30 125 0.000000
30 130 0.000000
30 135 0.000000
30 140 0.000000
30 145 0.000000
30 150 0.000000
30 155 0.000000
30 160 0.000000
30 165 0.000000
30 170 0.000000
30 175 0.000000
35 -180 0.000000
35 -175 0.000000
35 -170 0.000000
35 -165 0.000000
35 -160 0.000000
35 -155 0.000000
35 -150 0.000000
35 -145 0.000000
35 -140 0.000000
35 -135 0.000000
35 -130 0.000000
35 -125 0.000000
35 -120 0.000000
35 -115 0.000000
35 -110 0.000000
35 -105 0.000000
35 -100 0.000000
35 -95 0.000000
35 -90 0.000000
35 -85 0.000000
35 -80 0.000000
35 -75 0.000000
35 -70 0.000000
35 -65 0.000000
35 -60 0.000000
35 -55 0.000000
35 -50 0.000000
35 -45 0.000000
35 -40 0.000000
35 -35 0.000000
35 -30 0.000000
35 -25 0.000000
35 -20 0.000000
35 -15 0.000000
35 -10 0.000000
35 -5 0.000000
35 0 0.000303
35 5 0.001674
35 10 0.006183
35 15 0.016987
35 20 0.038926
35 25 0.080657
35 30 0.141509
35 35 0.225199
35 40 0.317348
35 45 0.391912
35 50 0.427630
35 55 0.407693
35 60 0.335068
35 65 0.234400
35 70 0.136875
35 75 0.067756
35 80 0.025395
35 85 0.006937
35 90 0.002720
35 95 0.000734
35 100 0.000000
35 105 0.000000
35 110 0.000000
35 115 0.000000
35 120 0.000000
35 125 0.000000
35 130 0.000000
35 135 0.000000
35 140 0.000000
35 145 0.000000
35 150 0.000000
35 155 0.000000
35 160 0.000000
35 165 0.000000
35 170 0.000000
35 175 0.000000
40 -180 0.000000
40 -175 0.000000
40 -170 0.000000
40 -165 0.000000
40 -160 0.000000
40 -155 0.000000
40 -150 0.000000
40 -145 0.000000
40 -140 0.000000
40 -135 0.000000
40 -130 0.000000
40 -125 0.000000
40 -120 0.000000
40 -115 0.000000
40 -110 0.000000
40 -105 0.000000
40 -100 0.000000
40 -95 0.000000
40 -90 0.000000
40 -85 0.000000
40 -80 0.000000
40 -75 0.000000
40 -70 0.000000
40 -65 0.000000
40 -60 0.000000
40 -55 0.000000
40 -50 0.000000
40 -45 0.000000
40 -40 0.000000
40 -35 0.000000
40 -30 0.000000
40 -25 0.000000
40 -20 0.000000
40 -15 0.000000
40 -10 0.000103
40 -5 0.000327
40 0 0.002775
40 5 0.009145
40 10 0.026494
40 15 0.061331
40 20 0.122076
40 25 0.221809
40 30 0.351567
40 35 0.507550
40 40 0.657408
40 45 0.756875
40 50 0.777083
40 55 0.703500
40 60 0.556045
40 65 0.379393
40 70 0.218909
40 75 0.109655
40 80 0.043363
40 85 0.013853
40 90 0.005397
40 95 0.001440
40 100 0.000000
40 105 0.000000
40 110 0.000000
40 115 0.000000
40 120 0.000000
40 125 0.000000
40 130 0.000000
40 135 0.000000
40 140 0.000000
40 145 0.000000
40 150 0.000000
40 155 0.000000
40 160 0.000000
40 165 0.000000
40 170 0.000000
40 175 0.000000
45 -180 0.000000
45 -175 0.000000
45 -170 0.000000
45 -165 0.000000
45 -160 0.000000
45 -155 0.000000
45 -150 0.000000
45 -145 0.000000
45 -140 0.000000
45 -135 0.000733
45 -130 0.001758
45 -125 0.003285
45 -120 0.004779
45 -115 0.005416
45 -110 0.004779
45 -105 0.003285
45 -100 0.001758
45 -95 0.000948
45 -90 0.000973
45 -85 0.002059
45 -80 0.003449
45 -75 0.004568
45 -70 0.004778
45 -65 0.003943
45 -60 0.002563
45 -55 0.001311
45 -50 0.000457
45 -45 0.000000
45 -40 0.000000
45 -35 0.000000
45 -30 0.000000
45 -25 0.000000
45 -20 0.000000
45 -15 0.000000
45 -10 0.000571
45 -5 0.001841
45 0 0.009671
45 5 0.027459
45 10 0.070227
45 15 0.147178
45 20 0.269630
45 25 0.449713
45 30 0.663675
45 35 0.893453
45 40 1.086395
45 45 1.183640
45 50 1.156910
45 55 1.003162
45 60 0.767247
45 65 0.512290
45 70 0.293210
45 75 0.148742
45 80 0.061615
45 85 0.021942
45 90 0.008442
45 95 0.002224
45 100 0.000000
45 105 0.000000
45 110 0.000000
45 115 0.000000
45 120 0.000000
45 125 0.000000
45 130 0.000000
45 135 0.000000
45 140 0.000000
45 145 0.000000
45 150 0.000000
45 155 0.000000
45 160 0.000000
45 165 0.000000
45 170 0.000000
45 175 0.000000
50 -180 0.000000
50 -175 0.000000
50 -170 0.000000
50 -165 0.000000
50 -160 0.000000
50 -155 0.000000
50 -150 0.000000
50 -145 0.000000
50 -140 0.000000
50 -135 0.001789
50 -130 0.004291
50 -125 0.008016
50 -120 0.011664
50 -115 0.013217
50 -110 0.011664
50 -105 0.008016
50 -100 0.004291
50 -95 0.002334
50 -90 0.002466
50 -85 0.005221
50 -80 0.008745
50 -75 0.011580
50 -70 0.012112
50 -65 0.009995
50 -60 0.006498
50 -55 0.003323
50 -50 0.001158
50 -45 0.000000
50 -40 0.000000
50 -35 0.000000
50 -30 0.000000
50 -25 0.000000
50 -20 0.000000
50 -15 0.000000
50 -10 0.001239
50 -5 0.004259
50 0 0.020462
50 5 0.055913
50 10 0.134592
50 15 0.267497
50 20 0.463763
50 25 0.726862
50 30 1.012687
50 35 1.286443
50 40 1.481015
50 45 1.535930
50 50 1.436362
50 55 1.197990
50 60 0.888838
50 65 0.581643
50 70 0.330058
50 75 0.169094
50 80 0.072240
50 85 0.027579
50 90 0.010424
50 95 0.002708
50 100 0.000000
50 105 0.000000
50 110 0.000000
50 115 0.000000
50 120 0.000000
50 125 0.000000
50 130 0.000000
50 135 0.000000
50 140 0.000000
50 145 0.000000
50 150 0.000000
50 155 0.000000
50 160 0.000000
50 165 0.000000
50 170 0.000000
50 175 0.000000
55 -180 0.000000
55 -175 0.000000
55 -170 0.000000
55 -165 0.000000
55 -160 0.000000
55 -155 0.000000
55 -150 0.000000
55 -145 0.000000
55 -140 0.000000
55 -135 0.003358
55 -130 0.008055
55 -125 0.015049
55 -120 0.021896
55 -115 0.024812
55 -110 0.021896
55 -105 0.015049
55 -100 0.008055
55 -95 0.004392
55 -90 0.004677
55 -85 0.009903
55 -80 0.016587
55 -75 0.021965
55 -70 0.022974
55 -65 0.018959
55 -60 0.012326
55 -55 0.006304
55 -50 0.002197
55 -45 0.000000
55 -40 0.000000
55 -35 0.000000
55 -30 0.000000
55 -25 0.000302
55 -20 0.000927
55 -15 0.002361
55 -10 0.006979
55 -5 0.016641
55 0 0.047773
55 5 0.108048
55 10 0.226411
55 15 0.411645
55 20 0.664083
55 25 0.974030
55 30 1.280423
55 35 1.538110
55 40 1.679675
55 45 1.660035
55 50 1.487415
55 55 1.194940
55 60 0.860605
55 65 0.551987
55 70 0.309918
55 75 0.159639
55 80 0.069148
55 85 0.027494
55 90 0.010172
55 95 0.002602
55 100 0.000000
55 105 0.000000
55 110 0.000000
55 115 0.000000
55 120 0.000000
55 125 0.000000
55 130 0.000000
55 135 0.000000
55 140 0.000000
55 145 0.000000
55 150 0.000000
55 155 0.000000
55 160 0.000000
55 165 0.000000
55 170 0.000000
55 175 0.000000
60 -180 0.000000
60 -175 0.000000
60 -170 0.000000
60 -165 0.000000
60 -160 0.000000
60 -155 0.000000
60 -150 0.000000
60 -145 0.000000
60 -140 0.000000
60 -135 0.004916
60 -130 0.011793
60 -125 0.022032
60 -120 0.032056
60 -115 0.036325
60 -110 0.032056
60 -105 0.022032
60 -100 0.011793
60 -95 0.006449
60 -90 0.006936
60 -85 0.014688
60 -80 0.024600
60 -75 0.032576
60 -70 0.034073
60 -65 0.028118
60 -60 0.018280
60 -55 0.009349
60 -50 0.003258
60 -45 0.000000
60 -40 0.000000
60 -35 0.000000
60 -30 0.000024
60 -25 0.001510
60 -20 0.004179
60 -15 0.009385
60 -10 0.020113
60 -5 0.039203
60 0 0.085133
60 5 0.166677
60 10 0.311225
60 15 0.522555
60 20 0.787787
60 25 1.084777
60 30 1.346675
60 35 1.530742
60 40 1.585680
60 45 1.492290
60 50 1.280007
60 55 0.990085
60 60 0.691342
60 65 0.434020
60 70 0.240277
60 75 0.123818
60 80 0.053525
60 85 0.021728
60 90 0.007849
60 95 0.001975
60 100 0.000000
60 105 0.000000
60 110 0.000000
60 115 0.000000
60 120 0.000000
60 125 0.000000
60 130 0.000000
60 135 0.000000
60 140 0.000000
60 145 0.000000
60 150 0.000000
60 155 0.000000
60 160 0.000000
60 165 0.000000
60 170 0.000000
60 175 0.000000
65 -180 0.000000
65 -175 0.000000
65 -170 0.000000
65 -165 0.000000
65 -160 0.000000
65 -155 0.000000
65 -150 0.000000
65 -145 0.000000
65 -140 0.000000
65 -135 0.005615
65 -130 0.013469
65 -125 0.025163
65 -120 0.036612
65 -115 0.041487
65 -110 0.036612
65 -105 0.025163
65 -100 0.013469
65 -95 0.007394
65 -90 0.008051
65 -85 0.017048
65 -80 0.028555
65 -75 0.037811
65 -70 0.039550
65 -65 0.032637
65 -60 0.021219
65 -55 0.010852
65 -50 0.003782
65 -45 0.000000
65 -40 0.000000
65 -35 0.000000
65 -30 0.000064
65 -25 0.003414
65 -20 0.009262
65 -15 0.020276
65 -10 0.039338
65 -5 0.070149
65 0 0.127986
65 5 0.221326
65 10 0.368435
65 15 0.566125
65 20 0.790485
65 25 1.015497
65 30 1.184820
65 35 1.270395
65 40 1.244965
65 45 1.112703
65 50 0.910322
65 55 0.675597
65 60 0.455240
65 65 0.278535
65 70 0.151257
65 75 0.077651
65 80 0.033126
65 85 0.013596
65 90 0.004791
65 95 0.001186
65 100 0.000000
65 105 0.000000
65 110 0.000000
65 115 0.000000
65 120 0.000000
65 125 0.000000
65 130 0.000000
65 135 0.000000
65 140 0.000000
65 145 0.000000
65 150 0.000000
65 155 0.000000
65 160 0.000000
65 165 0.000000
65 170 0.000000
65 175 0.000000
70 -180 0.000000
70 -175 0.000000
70 -170 0.000000
70 -165 0.000000
70 -160 0.000000
70 -155 0.000000
70 -150 0.000000
70 -145 0.000000
70 -140 0.000000
70 -135 0.005005
70 -130 0.012006
70 -125 0.022430
70 -120 0.032636
70 -115 0.036981
70 -110 0.032636
70 -105 0.022430
70 -100 0.012006
70 -95 0.006623
70 -90 0.007322
70 -85 0.015504
70 -80 0.025968
70 -75 0.034387
70 -70 0.035967
70 -65 0.029681
70 -60 0.019297
70 -55 0.009869
70 -50 0.003439
70 -45 0.000000
70 -40 0.000000
70 -35 0.000000
70 -30 0.000123
70 -25 0.005913
70 -20 0.015808
70 -15 0.033915
70 -10 0.061930
70 -5 0.103305
70 0 0.165544
70 5 0.255517
70 10 0.379960
70 15 0.529960
70 20 0.678135
70 25 0.804893
70 30 0.874792
70 35 0.878480
70 40 0.809170
70 45 0.683177
70 50 0.529440
70 55 0.374555
70 60 0.241655
70 65 0.143149
70 70 0.075894
70 75 0.038774
70 80 0.016236
70 85 0.006726
70 90 0.002313
70 95 0.000563
70 100 0.000000
70 105 0.000000
70 110 0.000000
70 115 0.000000
70 120 0.000000
70 125 0.000000
70 130 0.000000
70 135 0.000000
70 140 0.000000
70 145 0.000000
70 150 0.000000
70 155 0.000000
70 160 0.000000
70 165 0.000000
70 170 0.000000
70 175 0.000000
75 -180 0.000000
75 -175 0.000000
75 -170 0.000000
75 -165 0.000000
75 -160 0.000000
75 -155 0.000000
75 -150 0.000000
75 -145 0.000000
75 -140 0.000000
75 -135 0.003484
75 -130 0.008357
75 -125 0.015613
75 -120 0.022717
75 -115 0.025742
75 -110 0.022717
75 -105 0.015613
75 -100 0.008357
75 -95 0.004638
75 -90 0.005224
75 -85 0.011061
75 -80 0.018526
75 -75 0.024532
75 -70 0.025660
75 -65 0.021175
75 -60 0.013767
75 -55 0.007041
75 -50 0.002454
75 -45 0.000000
75 -40 0.000000
75 -35 0.000000
75 -30 0.000185
75 -25 0.008145
75 -20 0.021468
75 -15 0.045151
75 -10 0.078963
75 -5 0.124593
75 0 0.181083
75 5 0.253130
75 10 0.339627
75 15 0.430025
75 20 0.500615
75 25 0.543092
75 30 0.541758
75 35 0.501197
75 40 0.425630
75 45 0.333462
75 50 0.240093
75 55 0.159329
75 60 0.096801
75 65 0.054738
75 70 0.027850
75 75 0.013829
75 80 0.005184
75 85 0.001999
75 90 0.000595
75 95 0.000130
75 100 0.000000
75 105 0.000000
75 110 0.000000
75 115 0.000000
75 120 0.000000
75 125 0.000000
75 130 0.000000
75 135 0.000000
75 140 0.000000
75 145 0.000000
75 150 0.000000
75 155 0.000000
75 160 0.000000
75 165 0.000000
75 170 0.000000
75 175 0.000000
80 -180 0.000000
80 -175 0.000000
80 -170 0.000000
80 -165 0.000000
80 -160 0.000000
80 -155 0.000000
80 -150 0.000000
80 -145 0.000000
80 -140 0.000000
80 -135 0.001895
80 -130 0.004546
80 -125 0.008493
80 -120 0.012357
80 -115 0.014002
80 -110 0.012357
80 -105 0.008493
80 -100 0.004546
80 -95 0.002542
80 -90 0.002927
80 -85 0.006199
80 -80 0.010383
80 -75 0.013748
80 -70 0.014381
80 -65 0.011867
80 -60 0.007715
80 -55 0.003946
80 -50 0.001375
80 -45 0.000000
80 -40 0.000000
80 -35 0.000000
80 -30 0.000220
80 -25 0.008925
80 -20 0.023212
80 -15 0.047896
80 -10 0.081027
80 -5 0.121867
80 0 0.164176
80 5 0.210599
80 10 0.257282
80 15 0.295897
80 20 0.309972
80 25 0.302015
80 30 0.269315
80 35 0.222236
80 40 0.167244
80 45 0.116593
80 50 0.073400
80 55 0.042276
80 60 0.021321
80 65 0.009971
80 70 0.003914
80 75 0.001626
80 80 0.000259
80 85 0.000026
80 90 0.000000
80 95 0.000000
80 100 0.000000
80 105 0.000000
80 110 0.000000
80 115 0.000000
80 120 0.000000
80 125 0.000000
80 130 0.000000
80 135 0.000000
80 140 0.000000
80 145 0.000000
80 150 0.000000
80 155 0.000000
80 160 0.000000
80 165 0.000000
80 170 0.000000
80 175 0.000000
85 -180 0.000000
85 -175 0.000000
85 -170 0.000000
85 -165 0.000000
85 -160 0.000000
85 -155 0.000000
85 -150 0.000000
85 -145 0.000000
85 -140 0.000000
85 -135 0.000806
85 -130 0.001934
85 -125 0.003613
85 -120 0.005257
85 -115 0.005957
85 -110 0.005257
85 -105 0.003613
85 -100 0.001934
85 -95 0.001091
85 -90 0.001291
85 -85 0.002733
85 -80 0.004578
85 -75 0.006062
85 -70 0.006340
85 -65 0.005232
85 -60 0.003402
85 -55 0.001740
85 -50 0.000606
85 -45 0.000000
85 -40 0.000000
85 -35 0.000000
85 -30 0.000205
85 -25 0.007781
85 -20 0.019986
85 -15 0.040516
85 -10 0.066674
85 -5 0.096044
85 0 0.121206
85 5 0.143901
85 10 0.161552
85 15 0.169319
85 20 0.159111
85 25 0.137191
85 30 0.105796
85 35 0.073824
85 40 0.045425
85 45 0.026245
85 50 0.012935
85 55 0.005773
85 60 0.001952
85 65 0.000467
85 70 0.000143
85 75 0.000057
85 80 0.000000
85 85 0.000000
85 90 0.000000
85 95 0.000000
85 100 0.000000
85 105 0.000000
85 110 0.000000
85 115 0.000000
85 120 0.000000
85 125 0.000000
85 130 0.000000
85 135 0.000000
85 140 0.000000
85 145 0.000000
85 150 0.000000
85 155 0.000000
85 160 0.000000
85 165 0.000000
85 170 0.000000
85 175 0.000000
90 -180 0.000000
90 -175 0.000000
90 -170 0.000000
90 -165 0.000000
90 -160 0.000000
90 -155 0.000000
90 -150 0.000000
90 -145 0.000000
90 -140 0.000000
90 -135 0.000031
90 -130 0.000073
90 -125 0.000137
90 -120 0.000199
90 -115 0.000226
90 -110 0.000199
90 -105 0.000137
90 -100 0.000073
90 -95 0.000060
90 -90 0.000133
90 -85 0.000281
90 -80 0.000470
90 -75 0.000623
90 -70 0.000652
90 -65 0.000538
90 -60 0.000350
90 -55 0.000179
90 -50 0.000062
90 -45 0.000000
90 -40 0.000000
90 -35 0.000000
90 -30 0.000151
90 -25 0.005398
90 -20 0.013706
90 -15 0.027343
90 -10 0.043882
90 -5 0.060661
90 0 0.072120
90 5 0.079293
90 10 0.081753
90 15 0.078179
90 20 0.065310
90 25 0.049319
90 30 0.031723
90 35 0.017369
90 40 0.007249
90 45 0.002941
90 50 0.000804
90 55 0.000280
90 60 0.000000
90 65 0.000000
90 70 0.000000
90 75 0.000000
90 80 0.000000
90 85 0.000000
90 90 0.000000
90 95 0.000000
90 100 0.000000
90 105 0.000000
90 110 0.000000
90 115 0.000000
90 120 0.000000
90 125 0.000000
90 130 0.000000
90 135 0.000000
90 140 0.000000
90 145 0.000000
90 150 0.000000
90 155 0.000000
90 160 0.000000
90 165 0.000000
90 170 0.000000
90 175 0.000000
95 -180 0.000000
95 -175 0.000000
95 -170 0.000000
95 -165 0.000000
95 -160 0.000000
95 -155 0.000000
95 -150 0.000000
95 -145 0.000000
95 -140 0.000000
95 -135 0.000000
95 -130 0.000000
95 -125 0.000000
95 -120 0.000000
95 -115 0.000000
95 -110 0.000000
95 -105 0.000000
95 -100 0.000000
95 -95 0.000000
95 -90 0.000000
95 -85 0.000000
95 -80 0.000000
95 -75 0.000000
95 -70 0.000000
95 -65 0.000000
95 -60 0.000000
95 -55 0.000000
95 -50 0.000000
95 -45 0.000000
95 -40 0.000000
95 -35 0.000000
95 -30 0.000087
95 -25 0.002979
95 -20 0.007486
95 -15 0.014725
95 -10 0.023201
95 -5 0.030956
95 0 0.035034
95 5 0.035796
95 10 0.034020
95 15 0.029653
95 20 0.021933
95 25 0.014543
95 30 0.007773
95 35 0.003215
95 40 0.000588
95 45 0.000066
95 50 0.000000
95 55 0.000000
95 60 0.000000
95 65 0.000000
95 70 0.000000
95 75 0.000000
95 80 0.000000
95 85 0.000000
95 90 0.000000
95 95 0.000000
95 100 0.000000
95 105 0.000000
95 110 0.000000
95 115 0.000000
95 120 0.000000
95 125 0.000000
95 130 0.000000
95 135 0.000000
95 140 0.000000
95 145 0.000000
95 150 0.000000
95 155 0.000000
95 160 0.000000
95 165 0.000000
95 170 0.000000
95 175 0.000000
100 -180 0.000000
100 -175 0.000000
100 -170 0.000000
100 -165 0.000000
100 -160 0.000000
100 -155 0.000000
100 -150 0.000000
100 -145 0.000000
100 -140 0.000000
100 -135 0.000000
100 -130 0.000000
100 -125 0.000000
100 -120 0.000000
100 -115 0.000000
100 -110 0.000000
100 -105 0.000000
100 -100 0.000000
100 -95 0.000000
100 -90 0.000000
100 -85 0.000000
100 -80 0.000000
100 -75 0.000000
100 -70 0.000000
100 -65 0.000000
100 -60 0.000000
100 -55 0.000000
100 -50 0.000000
100 -45 0.000000
100 -40 0.000000
100 -35 0.000000
100 -30 0.000040
100 -25 0.001210
100 -20 0.002956
100 -15 0.005561
100 -10 0.008232
100 -5 0.009744
100 0 0.009270
100 5 0.007347
100 10 0.005103
100 15 0.003269
100 20 0.001630
100 25 0.000983
100 30 0.000488
100 35 0.000182
100 40 0.000012
100 45 0.000000
100 50 0.000000
100 55 0.000000
100 60 0.000000
100 65 0.000000
100 70 0.000000
100 75 0.000000
100 80 0.000000
100 85 0.000000
100 90 0.000000
100 95 0.000000
100 100 0.000000
100 105 0.000000
100 110 0.000000
100 115 0.000000
100 120 0.000000
100 125 0.000000
100 130 0.000000
100 135 0.000000
100 140 0.000000
100 145 0.000000
100 150 0.000000
100 155 0.000000
100 160 0.000000
100 165 0.000000
100 170 0.000000
100 175 0.000000
105 -180 0.000000
105 -175 0.000000
105 -170 0.000000
105 -165 0.000000
105 -160 0.000000
105 -155 0.000000
105 -150 0.000000
105 -145 0.000000
105 -140 0.000000
105 -135 0.000000
105 -130 0.000000
105 -125 0.000000
105 -120 0.000000
105 -115 0.000000
105 -110 0.000000
105 -105 0.000000
105 -100 0.000000
105 -95 0.000000
105 -90 0.000000
105 -85 0.000000
105 -80 0.000000
105 -75 0.000000
105 -70 0.000000
105 -65 0.000000
105 -60 0.000000
105 -55 0.000000
105 -50 0.000000
105 -45 0.000000
105 -40 0.000000
105 -35 0.000000
105 -30 0.000007
105 -25 0.000177
105 -20 0.000417
105 -15 0.000766
105 -10 0.001101
105 -5 0.001235
105 0 0.001082
105 5 0.000739
105 10 0.000394
105 15 0.000161
105 20 0.000000
105 25 0.000000
105 30 0.000000
105 35 0.000000
105 40 0.000000
105 45 0.000000
105 50 0.000000
105 55 0.000000
105 60 0.000000
105 65 0.000000
105 70 0.000000
105 75 0.000000
105 80 0.000000
105 85 0.000000
105 90 0.000000
105 95 0.000000
105 100 0.000000
105 105 0.000000
105 110 0.000000
105 115 0.000000
105 120 0.000000
105 125 0.000000
105 130 0.000000
105 135 0.000000
105 140 0.000000
105 145 0.000000
105 150 0.000000
105 155 0.000000
105 160 0.000000
105 165 0.000000
105 170 0.000000
105 175 0.000000
110 -180 0.000000
110 -175 0.000000
110 -170 0.000000
110 -165 0.000000
110 -160 0.000000
110 -155 0.000000
110 -150 0.000000
110 -145 0.000000
110 -140 0.000000
110 -135 0.000000
110 -130 0.000000
110 -125 0.000000
110 -120 0.000000
110 -115 0.000000
110 -110 0.000000
110 -105 0.000000
110 -100 0.000000
110 -95 0.000000
110 -90 0.000000
110 -85 0.000000
110 -80 0.000000
110 -75 0.000000
110 -70 0.000000
110 -65 0.000000
110 -60 0.000000
110 -55 0.000000
110 -50 0.000000
110 -45 0.000000
110 -40 0.000000
110 -35 0.000000
110 -30 0.000000
110 -25 0.000000
110 -20 0.000000
110 -15 0.000000
110 -10 0.000000
110 -5 0.000000
110 0 0.000000
110 5 0.000000
110 10 0.000000
110 15 0.000000
110 20 0.000000
110 25 0.000000
110 30 0.000000
110 35 0.000000
110 40 0.000000
110 45 0.000000
110 50 0.000000
110 55 0.000000
110 60 0.000000
110 65 0.000000
110 70 0.000000
110 75 0.000000
110 80 0.000000
110 85 0.000000
110 90 0.000000
110 95 0.000000
110 100 0.000000
110 105 0.000000
110 110 0.000000
110 115 0.000000
110 120 0.000000
110 125 0.000000
110 130 0.000000
110 135 0.000000
110 140 0.000000
110 145 0.000000
110 150 0.000000
110 155 0.000000
110 160 0.000000
110 165 0.000000
110 170 0.000000
110 175 0.000000
115 -180 0.000000
115 -175 0.000000
115 -170 0.000000
115 -165 0.000000
115 -160 0.000000
115 -155 0.000000
115 -150 0.000000
115 -145 0.000000
115 -140 0.000000
115 -135 0.000000
115 -130 0.000000
115 -125 0.000000
115 -120 0.000000
115 -115 0.000000
115 -110 0.000000
115 -105 0.000000
115 -100 0.000000
115 -95 0.000000
115 -90 0.000000
115 -85 0.000000
115 -80 0.000000
115 -75 0.000000
115 -70 0.000000
115 -65 0.000000
115 -60 0.000000
115 -55 0.000000
115 -50 0.000000
115 -45 0.000000
115 -40 0.000000
115 -35 0.000000
115 -30 0.000000
115 -25 0.000000
115 -20 0.000000
115 -15 0.000000
115 -10 0.000000
115 -5 0.000000
115 0 0.000000
115 5 0.000000
115 10 0.000000
115 15 0.000000
115 20 0.000000
115 25 0.000000
115 30 0.000000
115 35 0.000000
115 40 0.000000
115 45 0.000000
115 50 0.000000
115 55 0.000000
115 60 0.000000
115 65 0.000000
115 70 0.000000
115 75 0.000000
115 80 0.000000
115 85 0.000000
115 90 0.000000
115 95 0.000000
115 100 0.000000
115 105 0.000000
115 110 0.000000
115 115 0.000000
115 120 0.000000
115 125 0.000000
115 130 0.000000
115 135 0.000000
115 140 0.000000
115 145 0.000000
115 150 0.000000
115 155 0.000000
115 160 0.000000
115 165 0.000000
115 170 0.000000
115 175 0.000000
120 -180 0.000000
120 -175 0.000000
120 -170 0.000000
120 -165 0.000000
120 -160 0.000000
120 -155 0.000000
120 -150 0.000000
120 -145 0.000000
120 -140 0.000000
120 -135 0.000000
120 -130 0.000000
120 -125 0.000000
120 -120 0.000000
120 -115 0.000000
120 -110 0.000000
120 -105 0.000000
120 -100 0.000000
120 -95 0.000000
120 -90 0.000000
120 -85 0.000000
120 -80 0.000000
120 -75 0.000000
120 -70 0.000000
120 -65 0.000000
120 -60 0.000000
120 -55 0.000000
120 -50 0.000000
120 -45 0.000000
120 -40 0.000000
120 -35 0.000000
120 -30 0.000000
120 -25 0.000000
120 -20 0.000000
120 -15 0.000000
120 -10 0.000000
120 -5 0.000000
120 0 0.000000
120 5 0.000000
120 10 0.000000
120 15 0.000000
120 20 0.000000
120 25 0.000000
120 30 0.000000
120 35 0.000000
120 40 0.000000
120 45 0.000000
120 50 0.000000
120 55 0.000000
120 60 0.000000
120 65 0.000000
120 70 0.000000
120 75 0.000000
120 80 0.000000
120 85 0.000000
120 90 0.000000
120 95 0.000000
120 100 0.000000
120 105 0.000000
120 110 0.000000
120 115 0.000000
120 120 0.000000
120 125 0.000000
120 130 0.000000
120 135 0.000000
120 140 0.000000
120 145 0.000000
120 150 0.000000
120 155 0.000000
120 160 0.000000
120 165 0.000000
120 170 0.000000
120 175 0.000000
125 -180 0.000000
125 -175 0.000000
125 -170 0.000000
125 -165 0.000000
125 -160 0.000000
125 -155 0.000000
125 -150 0.000000
125 -145 0.000000
125 -140 0.000000
125 -135 0.000000
125 -130 0.000000
125 -125 0.000000
125 -120 0.000000
125 -115 0.000000
125 -110 0.000000
125 -105 0.000000
125 -100 0.000000
125 -95 0.000000
125 -90 0.000000
125 -85 0.000000
125 -80 0.000000
125 -75 0.000000
125 -70 0.000000
125 -65 0.000000
125 -60 0.000000
125 -55 0.000000
125 -50 0.000000
125 -45 0.000000
125 -40 0.000000
125 -35 0.000000
125 -30 0.000000
125 -25 0.000000
125 -20 0.000000
125 -15 0.000000
125 -10 0.000000
125 -5 0.000000
125 0 0.000000
125 5 0.000000
125 10 0.000000
125 15 0.000000
125 20 0.000000
125 25 0.000000
125 30 0.000000
125 35 0.000000
125 40 0.000000
125 45 0.000000
125 50 0.000000
125 55 0.000000
125 60 0.000000
125 65 0.000000
125 70 0.000000
125 75 0.000000
125 80 0.000000
125 85 0.000000
125 90 0.000000
125 95 0.000000
125 100 0.000000
125 105 0.000000
125 110 0.000000
125 115 0.000000
125 120 0.000000
125 125 0.000000
125 130 0.000000
125 135 0.000000
125 140 0.000000
125 145 0.000000
125 150 0.000000
125 155 0.000000
125 160 0.000000
125 165 0.000000
125 170 0.000000
125 175 0.000000
130 -180 0.000000
130 -175 0.000000
130 -170 0.000000
130 -165 0.000000
130 -160 0.000000
130 -155 0.000000
130 -150 0.000000
130 -145 0.000000
130 -140 0.000000
130 -135 0.000000
130 -130 0.000000
130 -125 0.000000
130 -120 0.000000
130 -115 0.000000
130 -110 0.000000
130 -105 0.000000
130 -100 0.000000
130 -95 0.000000
130 -90 0.000000
130 -85 0.000000
130 -80 0.000000
130 -75 0.000000
130 -70 0.000000
130 -65 0.000000
130 -60 0.000000
130 -55 0.000000
130 -50 0.000000
130 -45 0.000000
130 -40 0.000000
130 -35 0.000000
130 -30 0.000000
130 -25 0.000000
130 -20 0.000000
130 -15 0.000000
130 -10 0.000000
130 -5 0.000000
130 0 0.000000
130 5 0.000000
130 10 0.000000
130 15 0.000000
130 20 0.000000
130 25 0.000000
130 30 0.000000
130 35 0.000000
130 40 0.000000
130 45 0.000000
130 50 0.000000
130 55 0.000000
130 60 0.000000
130 65 0.000000
130 70 0.000000
130 75 0.000000
130 80 0.000000
130 85 0.000000
130 90 0.000000
130 95 0.000000
130 100 0.000000
130 105 0.000000
130 110 0.000000
130 115 0.000000
130 120 0.000000
130 125 0.000000
130 130 0.000000
130 135 0.000000
130 140 0.000000
130 145 0.000000
130 150 0.000000
130 155 0.000000
130 160 0.000000
130 165 0.000000
130 170 0.000000
130 175 0.000000
135 -180 0.000000
135 -175 0.000000
135 -170 0.000000
135 -165 0.000000
135 -160 0.000000
135 -155 0.000000
135 -150 0.000000
135 -145 0.000000
135 -140 0.000000
135 -135 0.000000
135 -130 0.000000
135 -125 0.000000
135 -120 0.000000
135 -115 0.000000
135 -110 0.000000
135 -105 0.000000
135 -100 0.000000
135 -95 0.000000
135 -90 0.000000
135 -85 0.000000
135 -80 0.000000
135 -75 0.000000
135 -70 0.000000
135 -65 0.000000
135 -60 0.000000
135 -55 0.000000
135 -50 0.000000
135 -45 0.000000
135 -40 0.000000
135 -35 0.000000
135 -30 0.000000
135 -25 0.000000
135 -20 0.000000
135 -15 0.000000
135 -10 0.000000
135 -5 0.000000
135 0 0.000000
135 5 0.000000
135 10 0.000000
135 15 0.000000
135 20 0.000000
135 25 0.000000
135 30 0.000000
135 35 0.000000
135 40 0.000000
135 45 0.000000
135 50 0.000000
135 55 0.000000
135 60 0.000000
135 65 0.000000
135 70 0.000000
135 75 0.000000
135 80 0.000000
135 85 0.000000
135 90 0.000000
135 95 0.000000
135 100 0.000000
135 105 0.000000
135 110 0.000000
135 115 0.000000
135 120 0.000000
135 125 0.000000
135 130 0.000000
135 135 0.000000
135 140 0.000000
135 145 0.000000
135 150 0.000000
135 155 0.000000
135 160 0.000000
135 165 0.000000
135 170 0.000000
135 175 0.000000
140 -180 0.000000
140 -175 0.000000
140 -170 0.000000
140 -165 0.000000
140 -160 0.000000
140 -155 0.000000
140 -150 0.000000
140 -145 0.000000
140 -140 0.000000
140 -135 0.000000
140 -130 0.000000
140 -125 0.000000
140 -120 0.000000
140 -115 0.000000
140 -110 0.000000
140 -105 0.000000
140 -100 0.000000
140 -95 0.000000
140 -90 0.000000
140 -85 0.000000
140 -80 0.000000
140 -75 0.000000
140 -70 0.000000
140 -65 0.000000
140 -60 0.000000
140 -55 0.000000
140 -50 0.000000
140 -45 0.000000
140 -40 0.000000
140 -35 0.000000
140 -30 0.000000
140 -25 0.000000
140 -20 0.000000
140 -15 0.000000
140 -10 0.000000
140 -5 0.000000
140 0 0.000000
140 5 0.000000
140 10 0.000000
140 15 0.000000
140 20 0.000000
140 25 0.000000
140 30 0.000000
140 35 0.000000
140 40 0.000000
140 45 0.000000
140 50 0.000000
140 55 0.000000
140 60 0.000000
140 65 0.000000
140 70 0.000000
140 75 0.000000
140 80 0.000000
140 85 0.000000
140 90 0.000000
140 95 0.000000
140 100 0.000000
140 105 0.000000
140 110 0.000000
140 115 0.000000
140 120 0.000000
140 125 0.000000
140 130 0.000000
140 135 0.000000
140 140 0.000000
140 145 0.000000
140 150 0.000000
140 155 0.000000
140 160 0.000000
140 165 0.000000
140 170 0.000000
140 175 0.000000
145 -180 0.000000
145 -175 0.000000
145 -170 0.000000
145 -165 0.000000
145 -160 0.000000
145 -155 0.000000
145 -150 0.000000
145 -145 0.000000
145 -140 0.000000
145 -135 0.000000
145 -130 0.000000
145 -125 0.000000
145 -120 0.000000
145 -115 0.000000
145 -110 0.000000
145 -105 0.000000
145 -100 0.000000
145 -95 0.000000
145 -90 0.000000
145 -85 0.000000
145 -80 0.000000
145 -75 0.000000
145 -70 0.000000
145 -65 0.000000
145 -60 0.000000
145 -55 0.000000
145 -50 0.000000
145 -45 0.000000
145 -40 0.000000
145 -35 0.000000
145 -30 0.000000
145 -25 0.000000
145 -20 0.000000
145 -15 0.000000
145 -10 0.000000
145 -5 0.000000
145 0 0.000000
145 5 0.000000
145 10 0.000000
145 15 0.000000
145 20 0.000000
145 25 0.000000
145 30 0.000000
145 35 0.000000
145 40 0.000000
145 45 0.000000
145 50 0.000000
145 55 0.000000
145 60 0.000000
145 65 0.000000
145 70 0.000000
145 75 0.000000
145 80 0.000000
145 85 0.000000
145 90 0.000000
145 95 0.000000
145 100 0.000000
145 105 0.000000
145 110 0.000000
145 115 0.000000
145 120 0.000000
145 125 0.000000
145 130 0.000000
145 135 0.000000
145 140 0.000000
145 145 0.000000
145 150 0.000000
145 155 0.000000
145 160 0.000000
145 165 0.000000
145 170 0.000000
145 175 0.000000
150 -180 0.000000
150 -175 0.000000
150 -170 0.000000
150 -165 0.000000
150 -160 0.000000
150 -155 0.000000
150 -150 0.000000
150 -145 0.000000
150 -140 0.000000
150 -135 0.000000
150 -130 0.000000
150 -125 0.000000
150 -120 0.000000
150 -115 0.000000
150 -110 0.000000
150 -105 0.000000
150 -100 0.000000
150 -95 0.000000
150 -90 0.000000
150 -85 0.000000
150 -80 0.000000
150 -75 0.000000
150 -70 0.000000
150 -65 0.000000
150 -60 0.000000
150 -55 0.000000
150 -50 0.000000
150 -45 0.000000
150 -40 0.000000
150 -35 0.000000
150 -30 0.000000
150 -25 0.000000
150 -20 0.000000
150 -15 0.000000
150 -10 0.000000
150 -5 0.000000
150 0 0.000000
150 5 0.000000
150 10 0.000000
150 15 0.000000
150 20 0.000000
150 25 0.000000
150 30 0.000000
150 35 0.000000
150 40 0.000000
150 45 0.000000
150 50 0.000000
150 55 0.000000
150 60 0.000000
150 65 0.000000
150 70 0.000000
150 75 0.000000
150 80 0.000000
150 85 0.000000
150 90 0.000000
150 95 0.000000
150 100 0.000000
150 105 0.000000
150 110 0.000000
150 115 0.000000
150 120 0.000000
150 125 0.000000
150 130 0.000000
150 135 0.000000
150 140 0.000000
150 145 0.000000
150 150 0.000000
150 155 0.000000
150 160 0.000000
150 165 0.000000
150 170 0.000000
150 175 0.000000
155 -180 0.000000
155 -175 0.000000
155 -170 0.000000
155 -165 0.000000
155 -160 0.000000
155 -155 0.000000
155 -150 0.000000
155 -145 0.000000
155 -140 0.000000
155 -135 0.000000
155 -130 0.000000
155 -125 0.000000
155 -120 0.000000
155 -115 0.000000
155 -110 0.000000
155 -105 0.000000
155 -100 0.000000
155 -95 0.000000
155 -90 0.000000
155 -85 0.000000
155 -80 0.000000
155 -75 0.000000
155 -70 0.000000
155 -65 0.000000
155 -60 0.000000
155 -55 0.000000
155 -50 0.000000
155 -45 0.000000
155 -40 0.000000
155 -35 0.000000
155 -30 0.000000
155 -25 0.000000
155 -20 0.000000
155 -15 0.000000
155 -10 0.000000
155 -5 0.000000
155 0 0.000000
155 5 0.000000
155 10 0.000000
155 15 0.000000
155 20 0.000000
155 25 0.000000
155 30 0.000000
155 35 0.000000
155 40 0.000000
155 45 0.000000
155 50 0.000000
155 55 0.000000
155 60 0.000000
155 65 0.000000
155 70 0.000000
155 75 0.000000
155 80 0.000000
155 85 0.000000
155 90 0.000000
155 95 0.000000
155 100 0.000000
155 105 0.000000
155 110 0.000000
155 115 0.000000
155 120 0.000000
155 125 0.000000
155 130 0.000000
155 135 0.000000
155 140 0.000000
155 145 0.000000
155 150 0.000000
155 155 0.000000
155 160 0.000000
155 165 0.000000
155 170 0.000000
155 175 0.000000
160 -180 0.000000
160 -175 0.000000
160 -170 0.000000
160 -165 0.000000
160 -160 0.000000
160 -155 0.000000
160 -150 0.000000
160 -145 0.000000
160 -140 0.000000
160 -135 0.000000
160 -130 0.000000
160 -125 0.000000
160 -120 0.000000
160 -115 0.000000
160 -110 0.000000
160 -105 0.000000
160 -100 0.000000
160 -95 0.000000
160 -90 0.000000
160 -85 0.000000
160 -80 0.000000
160 -75 0.000000
160 -70 0.000000
160 -65 0.000000
160 -60 0.000000
160 -55 0.000000
160 -50 0.000000
160 -45 0.000000
160 -40 0.000000
160 -35 0.000000
160 -30 0.000000
160 -25 0.000000
160 -20 0.000000
160 -15 0.000000
160 -10 0.000000
160 -5 0.000000
160 0 0.000000
160 5 0.000000
160 10 0.000000
160 15 0.000000
160 20 0.000000
160 25 0.000000
160 30 0.000000
160 35 0.000000
160 40 0.000000
160 45 0.000000
160 50 0.000000
160 55 0.000000
160 60 0.000000
160 65 0.000000
160 70 0.000000
160 75 0.000000
160 80 0.000000
160 85 0.000000
160 90 0.000000
160 95 0.000000
160 100 0.000000
160 105 0.000000
160 110 0.000000
160 115 0.000000
160 120 0.000000
160 125 0.000000
160 130 0.000000
160 135 0.000000
160 140 0.000000
160 145 0.000000
160 150 0.000000
160 155 0.000000
160 160 0.000000
160 165 0.000000
160 170 0.000000
160 175 0.000000
165 -180 0.000000
165 -175 0.000000
165 -170 0.000000
165 -165 0.000000
165 -160 0.000000
165 -155 0.000000
165 -150 0.000000
165 -145 0.000000
165 -140 0.000000
165 -135 0.000000
165 -130 0.000000
165 -125 0.000000
165 -120 0.000000
165 -115 0.000000
165 -110 0.000000
165 -105 0.000000
165 -100 0.000000
165 -95 0.000000
165 -90 0.000000
165 -85 0.000000
165 -80 0.000000
165 -75 0.000000
165 -70 0.000000
165 -65 0.000000
165 -60 0.000000
165 -55 0.000000
165 -50 0.000000
165 -45 0.000000
165 -40 0.000000
165 -35 0.000000
165 -30 0.000000
165 -25 0.000000
165 -20 0.000000
165 -15 0.000000
165 -10 0.000000
165 -5 0.000000
165 0 0.000000
165 5 0.000000
165 10 0.000000
165 15 0.000000
165 20 0.000000
165 25 0.000000
165 30 0.000000
165 35 0.000000
165 40 0.000000
165 45 0.000000
165 50 0.000000
165 55 0.000000
165 60 0.000000
165 65 0.000000
165 70 0.000000
165 75 0.000000
165 80 0.000000
165 85 0.000000
165 90 0.000000
165 95 0.000000
165 100 0.000000
165 105 0.000000
165 110 0.000000
165 115 0.000000
165 120 0.000000
165 125 0.000000
165 130 0.000000
165 135 0.000000
165 140 0.000000
165 145 0.000000
165 150 0.000000
165 155 0.000000
165 160 0.000000
165 165 0.000000
165 170 0.000000
165 175 0.000000
170 -180 0.002309
170 -175 0.000901
170 -170 0.000222
170 -165 0.000127
170 -160 0.000057
170 -155 0.000008
170 -150 0.000000
170 -145 0.000000
170 -140 0.000000
170 -135 0.000000
170 -130 0.000000
170 -125 0.000000
170 -120 0.000000
170 -115 0.000000
170 -110 0.000000
170 -105 0.000000
170 -100 0.000000
170 -95 0.000000
170 -90 0.000000
170 -85 0.000000
170 -80 0.000000
170 -75 0.000000
170 -70 0.000000
170 -65 0.000000
170 -60 0.000000
170 -55 0.000000
170 -50 0.000000
170 -45 0.000000
170 -40 0.000000
170 -35 0.000000
170 -30 0.000000
170 -25 0.000000
170 -20 0.000000
170 -15 0.000000
170 -10 0.000000
170 -5 0.000000
170 0 0.000000
170 5 0.000000
170 10 0.000000
170 15 0.000000
170 20 0.000000
170 25 0.000000
170 30 0.000000
170 35 0.000000
170 40 0.000000
170 45 0.000000
170 50 0.000000
170 55 0.000000
170 60 0.000000
170 65 0.000000
170 70 0.000000
170 75 0.000000
170 80 0.000000
170 85 0.000000
170 90 0.000000
170 95 0.000000
170 100 0.000000
170 105 0.000000
170 110 0.000000
170 115 0.000000
170 120 0.000000
170 125 0.000000
170 130 0.000000
170 135 0.000107
170 140 0.000807
170 145 0.002394
170 150 0.004590
170 155 0.007043
170 160 0.008679
170 165 0.008561
170 170 0.006790
170 175 0.004375
175 -180 0.017447
175 -175 0.012091
175 -170 0.007244
175 -165 0.003916
175 -160 0.001514
175 -155 0.000190
175 -150 0.000000
175 -145 0.000000
175 -140 0.000000
175 -135 0.000000
175 -130 0.000000
175 -125 0.000000
175 -120 0.000000
175 -115 0.000000
175 -110 0.000000
175 -105 0.000000
175 -100 0.000000
175 -95 0.000000
175 -90 0.000000
175 -85 0.000000
175 -80 0.000000
175 -75 0.000000
175 -70 0.000000
175 -65 0.000000
175 -60 0.000000
175 -55 0.000000
175 -50 0.000000
175 -45 0.000000
175 -40 0.000000
175 -35 0.000000
175 -30 0.000000
175 -25 0.000000
175 -20 0.000000
175 -15 0.000000
175 -10 0.000000
175 -5 0.000000
175 0 0.000000
175 5 0.000000
175 10 0.000000
175 15 0.000000
175 20 0.000000
175 25 0.000000
175 30 0.000000
175 35 0.000000
175 40 0.000000
175 45 0.000000
175 50 0.000000
175 55 0.000000
175 60 0.000000
175 65 0.000000
175 70 0.000000
175 75 0.000000
175 80 0.000000
175 85 0.000000
175 90 0.000000
175 95 0.000311
175 100 0.000955
175 105 0.001894
175 110 0.002962
175 115 0.003656
175 120 0.003697
175 125 0.003358
175 130 0.003390
175 135 0.004331
175 140 0.007328
175 145 0.012405
175 150 0.018138
175 155 0.023825
175 160 0.027913
175 165 0.028470
175 170 0.026053
175 175 0.022059
