-180 -180 0.088340
-180 -175 0.053952
-180 -170 0.027667
-180 -165 0.010626
-180 -160 0.002049
-180 -155 0.000000
-180 -150 0.000000
-180 -145 0.000000
-180 -140 0.000000
-180 -135 0.000000
-180 -130 0.000000
-180 -125 0.000000
-180 -120 0.000000
-180 -115 0.000000
-180 -110 0.000000
-180 -105 0.000000
-180 -100 0.000000
-180 -95 0.000000
-180 -90 0.000000
-180 -85 0.000000
-180 -80 0.000000
-180 -75 0.000000
-180 -70 0.000000
-180 -65 0.000000
-180 -60 0.000000
-180 -55 0.000000
-180 -50 0.000000
-180 -45 0.000000
-180 -40 0.000000
-180 -35 0.000000
-180 -30 0.000000
-180 -25 0.000000
-180 -20 0.000000
-180 -15 0.000000
-180 -10 0.000000
-180 -5 0.000000
-180 0 0.000000
-180 5 0.000000
-180 10 0.000000
-180 15 0.000000
-180 20 0.000000
-180 25 0.000000
-180 30 0.000000
-180 35 0.000000
-180 40 0.000000
-180 45 0.000956
-180 50 0.002293
-180 55 0.004283
-180 60 0.006232
-180 65 0.009355
-180 70 0.012070
-180 75 0.016337
-180 80 0.023563
-180 85 0.030395
-180 90 0.034890
-180 95 0.036003
-180 100 0.032508
-180 105 0.025399
-180 110 0.016883
-180 115 0.014105
-180 120 0.018312
-180 125 0.029942
-180 130 0.051976
-180 135 0.087416
-180 140 0.127741
-180 145 0.169521
-180 150 0.206268
-180 155 0.227485
-180 160 0.224217
-180 165 0.201393
-180 170 0.168765
-180 175 0.130453
-175 -180 0.169432
-175 -175 0.101840
-175 -170 0.050519
-175 -165 0.018975
-175 -160 0.003497
-175 -155 0.000000
-175 -150 0.000000
-175 -145 0.000000
-175 -140 0.000000
-175 -135 0.000000
-175 -130 0.000000
-175 -125 0.000000
-175 -120 0.000000
-175 -115 0.000000
-175 -110 0.000000
-175 -105 0.000000
-175 -100 0.000000
-175 -95 0.000000
-175 -90 0.000000
-175 -85 0.000000
-175 -80 0.000000
-175 -75 0.000000
-175 -70 0.000000
-175 -65 0.000000
-175 -60 0.000000
-175 -55 0.000000
-175 -50 0.000000
-175 -45 0.000000
-175 -40 0.000000
-175 -35 0.000000
-175 -30 0.000000
-175 -25 0.000000
-175 -20 0.000000
-175 -15 0.000000
-175 -10 0.000000
-175 -5 0.000000
-175 0 0.000000
-175 5 0.000000
-175 10 0.000000
-175 15 0.000000
-175 20 0.000000
-175 25 0.000000
-175 30 0.000000
-175 35 0.000000
-175 40 0.000000
-175 45 0.002118
-175 50 0.005080
-175 55 0.009491
-175 60 0.013809
-175 65 0.019489
-175 70 0.024271
-175 75 0.031097
-175 80 0.042667
-175 85 0.053536
-175 90 0.059843
-175 95 0.060420
-175 100 0.054489
-175 105 0.044099
-175 110 0.032608
-175 115 0.030316
-175 120 0.038581
-175 125 0.057726
-175 130 0.093271
-175 135 0.148386
-175 140 0.211661
-175 145 0.278697
-175 150 0.340780
-175 155 0.383632
-175 160 0.391045
-175 165 0.365422
-175 170 0.316000
-175 175 0.248014
-170 -180 0.273115
-170 -175 0.160915
-170 -170 0.076358
-170 -165 0.027704
-170 -160 0.004816
-170 -155 0.000000
-170 -150 0.000000
-170 -145 0.000000
-170 -140 0.000000
-170 -135 0.000000
-170 -130 0.000000
-170 -125 0.000000
-170 -120 0.000000
-170 -115 0.000000
-170 -110 0.000000
-170 -105 0.000000
-170 -100 0.000000
-170 -95 0.000000
-170 -90 0.000000
-170 -85 0.000000
-170 -80 0.000000
-170 -75 0.000000
-170 -70 0.000000
-170 -65 0.000000
-170 -60 0.000000
-170 -55 0.000000
-170 -50 0.000056
-170 -45 0.000155
-170 -40 0.000301
-170 -35 0.000457
-170 -30 0.000547
-170 -25 0.000564
-170 -20 0.000695
-170 -15 0.000912
-170 -10 0.001299
-170 -5 0.001655
-170 0 0.001763
-170 5 0.001493
-170 10 0.000993
-170 15 0.000518
-170 20 0.000195
-170 25 0.000000
-170 30 0.000000
-170 35 0.000000
-170 40 0.000000
-170 45 0.003913
-170 50 0.009604
-170 55 0.018056
-170 60 0.026486
-170 65 0.035411
-170 70 0.041855
-170 75 0.049411
-170 80 0.062738
-170 85 0.075408
-170 90 0.081887
-170 95 0.081759
-170 100 0.076044
-170 105 0.067110
-170 110 0.058545
-170 115 0.061229
-170 120 0.075548
-170 125 0.101464
-170 130 0.149300
-170 135 0.222246
-170 140 0.307270
-170 145 0.401487
-170 150 0.493665
-170 155 0.566762
-170 160 0.595723
-170 165 0.575277
-170 170 0.508428
-170 175 0.400843
-165 -180 0.377190
-165 -175 0.218354
-165 -170 0.099403
-165 -165 0.035428
-165 -160 0.006302
-165 -155 0.000357
-165 -150 0.000037
-165 -145 0.000000
-165 -140 0.000000
-165 -135 0.000000
-165 -130 0.000000
-165 -125 0.000000
-165 -120 0.000000
-165 -115 0.000000
-165 -110 0.000000
-165 -105 0.000000
-165 -100 0.000000
-165 -95 0.000007
-165 -90 0.000362
-165 -85 0.001393
-165 -80 0.002872
-165 -75 0.004693
-165 -70 0.006074
-165 -65 0.006223
-165 -60 0.005042
-165 -55 0.003226
-165 -50 0.002269
-165 -45 0.002305
-165 -40 0.003429
-165 -35 0.005213
-165 -30 0.006234
-165 -25 0.006092
-165 -20 0.005776
-165 -15 0.005671
-165 -10 0.006591
-165 -5 0.007638
-165 0 0.008313
-165 5 0.007644
-165 10 0.006542
-165 15 0.005734
-165 20 0.005482
-165 25 0.005131
-165 30 0.004715
-165 35 0.004037
-165 40 0.003506
-165 45 0.009699
-165 50 0.020114
-165 55 0.034937
-165 60 0.049759
-165 65 0.061979
-165 70 0.068585
-165 75 0.073071
-165 80 0.082765
-165 85 0.092807
-165 90 0.096603
-165 95 0.095323
-165 100 0.093038
-165 105 0.091588
-165 110 0.093504
-165 115 0.107735
-165 120 0.132883
-165 125 0.168259
-165 130 0.229397
-165 135 0.318028
-165 140 0.419045
-165 145 0.534353
-165 150 0.650480
-165 155 0.752080
-165 160 0.805490
-165 165 0.794390
-165 170 0.709803
-165 175 0.558013
-160 -180 0.471415
-160 -175 0.268995
-160 -170 0.118533
-160 -165 0.042452
-160 -160 0.008545
-160 -155 0.001391
-160 -150 0.000143
-160 -145 0.000000
-160 -140 0.000000
-160 -135 0.000000
-160 -130 0.000000
-160 -125 0.000000
-160 -120 0.000000
-160 -115 0.000000
-160 -110 0.000000
-160 -105 0.000000
-160 -100 0.000000
-160 -95 0.000041
-160 -90 0.001496
-160 -85 0.004867
-160 -80 0.009765
-160 -75 0.015482
-160 -70 0.019461
-160 -65 0.019406
-160 -60 0.015351
-160 -55 0.009633
-160 -50 0.006273
-160 -45 0.005543
-160 -40 0.008003
-160 -35 0.012104
-160 -30 0.014476
-160 -25 0.014104
-160 -20 0.013153
-160 -15 0.013014
-160 -10 0.015318
-160 -5 0.018281
-160 0 0.021076
-160 5 0.020844
-160 10 0.019674
-160 15 0.018787
-160 20 0.018759
-160 25 0.018424
-160 30 0.017396
-160 35 0.016211
-160 40 0.015492
-160 45 0.024467
-160 50 0.040673
-160 55 0.062988
-160 60 0.085959
-160 65 0.101905
-160 70 0.107664
-160 75 0.105684
-160 80 0.106528
-160 85 0.109712
-160 90 0.109321
-160 95 0.108828
-160 100 0.114416
-160 105 0.125610
-160 110 0.142164
-160 115 0.169868
-160 120 0.205466
-160 125 0.248678
-160 130 0.320200
-160 135 0.419040
-160 140 0.529190
-160 145 0.659757
-160 150 0.794620
-160 155 0.922923
-160 160 1.002175
-160 165 1.003240
-160 170 0.900730
-160 175 0.703725
-155 -180 0.533815
-155 -175 0.301500
-155 -170 0.130383
-155 -165 0.047815
-155 -160 0.011274
-155 -155 0.002882
-155 -150 0.000296
-155 -145 0.000000
-155 -140 0.000000
-155 -135 0.000000
-155 -130 0.000000
-155 -125 0.000000
-155 -120 0.000000
-155 -115 0.000000
-155 -110 0.000000
-155 -105 0.000000
-155 -100 0.000000
-155 -95 0.000650
-155 -90 0.004616
-155 -85 0.012815
-155 -80 0.024862
-155 -75 0.038075
-155 -70 0.046989
-155 -65 0.046794
-155 -60 0.038019
-155 -55 0.025591
-155 -50 0.018067
-155 -45 0.016719
-155 -40 0.022180
-155 -35 0.030263
-155 -30 0.034547
-155 -25 0.033508
-155 -20 0.031311
-155 -15 0.031907
-155 -10 0.037928
-155 -5 0.044774
-155 0 0.050151
-155 5 0.048333
-155 10 0.044101
-155 15 0.040541
-155 20 0.039104
-155 25 0.038616
-155 30 0.037557
-155 35 0.037196
-155 40 0.038061
-155 45 0.052372
-155 50 0.077504
-155 55 0.110722
-155 60 0.146514
-155 65 0.169757
-155 70 0.175932
-155 75 0.165198
-155 80 0.151056
-155 85 0.139689
-155 90 0.128601
-155 95 0.126238
-155 100 0.139041
-155 105 0.163037
-155 110 0.194560
-155 115 0.235501
-155 120 0.280878
-155 125 0.333782
-155 130 0.418660
-155 135 0.531505
-155 140 0.653948
-155 145 0.798290
-155 150 0.942578
-155 155 1.081317
-155 160 1.168015
-155 165 1.167337
-155 170 1.041178
-155 175 0.804735
-150 -180 0.567860
-150 -175 0.319190
-150 -170 0.138146
-150 -165 0.052756
-150 -160 0.014562
-150 -155 0.004723
-150 -150 0.000485
-150 -145 0.000000
-150 -140 0.000000
-150 -135 0.000000
-150 -130 0.000000
-150 -125 0.000000
-150 -120 0.000000
-150 -115 0.000000
-150 -110 0.000000
-150 -105 0.000000
-150 -100 0.000000
-150 -95 0.001549
-150 -90 0.008872
-150 -85 0.023155
-150 -80 0.044204
-150 -75 0.066549
-150 -70 0.081211
-150 -65 0.080527
-150 -60 0.066192
-150 -55 0.047157
-150 -50 0.036825
-150 -45 0.037681
-150 -40 0.049372
-150 -35 0.062743
-150 -30 0.068273
-150 -25 0.064948
-150 -20 0.060345
-150 -15 0.062358
-150 -10 0.073206
-150 -5 0.084348
-150 0 0.091386
-150 5 0.085959
-150 10 0.077055
-150 15 0.070879
-150 20 0.069863
-150 25 0.073459
-150 30 0.077041
-150 35 0.081893
-150 40 0.086208
-150 45 0.105439
-150 50 0.138719
-150 55 0.183618
-150 60 0.236559
-150 65 0.273157
-150 70 0.282812
-150 75 0.262245
-150 80 0.227536
-150 85 0.194059
-150 90 0.165172
-150 95 0.157258
-150 100 0.174058
-150 105 0.207841
-150 110 0.251370
-150 115 0.302765
-150 120 0.355793
-150 125 0.419465
-150 130 0.519520
-150 135 0.650977
-150 140 0.793165
-150 145 0.956335
-150 150 1.107372
-150 155 1.242663
-150 160 1.315368
-150 165 1.293265
-150 170 1.134355
-150 175 0.864310
-145 -180 0.565800
-145 -175 0.314885
-145 -170 0.137061
-145 -165 0.054102
-145 -160 0.016693
-145 -155 0.006124
-145 -150 0.000629
-145 -145 0.000000
-145 -140 0.000239
-145 -135 0.000762
-145 -130 0.001524
-145 -125 0.002404
-145 -120 0.002996
-145 -115 0.002951
-145 -110 0.002300
-145 -105 0.001417
-145 -100 0.000691
-145 -95 0.003029
-145 -90 0.013747
-145 -85 0.033889
-145 -80 0.063688
-145 -75 0.094245
-145 -70 0.114001
-145 -65 0.113145
-145 -60 0.095005
-145 -55 0.072697
-145 -50 0.063206
-145 -45 0.070185
-145 -40 0.091120
-145 -35 0.110372
-145 -30 0.116314
-145 -25 0.109538
-145 -20 0.101905
-145 -15 0.106427
-145 -10 0.124136
-145 -5 0.141746
-145 0 0.153490
-145 5 0.149426
-145 10 0.141566
-145 15 0.137852
-145 20 0.140593
-145 25 0.150133
-145 30 0.158578
-145 35 0.167548
-145 40 0.172207
-145 45 0.190105
-145 50 0.223717
-145 55 0.275618
-145 60 0.346865
-145 65 0.403168
-145 70 0.423617
-145 75 0.398207
-145 80 0.342550
-145 85 0.282892
-145 90 0.230024
-145 95 0.212577
-145 100 0.228777
-145 105 0.266570
-145 110 0.317007
-145 115 0.373370
-145 120 0.432220
-145 125 0.508605
-145 130 0.625652
-145 135 0.779543
-145 140 0.947887
-145 145 1.133840
-145 150 1.290515
-145 155 1.409193
-145 160 1.446485
-145 165 1.379128
-145 170 1.175310
-145 175 0.875235
-140 -180 0.534740
-140 -175 0.291048
-140 -170 0.126321
-140 -165 0.050617
-140 -160 0.018069
-140 -155 0.009575
-140 -150 0.005139
-140 -145 0.004894
-140 -140 0.004979
-140 -135 0.005271
-140 -130 0.006353
-140 -125 0.008248
-140 -120 0.009540
-140 -115 0.009398
-140 -110 0.007323
-140 -105 0.004514
-140 -100 0.002200
-140 -95 0.004701
-140 -90 0.017282
-140 -85 0.040460
-140 -80 0.074851
-140 -75 0.108845
-140 -70 0.130838
-140 -65 0.131033
-140 -60 0.114488
-140 -55 0.097161
-140 -50 0.095948
-140 -45 0.114266
-140 -40 0.145749
-140 -35 0.168632
-140 -30 0.172688
-140 -25 0.161889
-140 -20 0.152906
-140 -15 0.163529
-140 -10 0.191482
-140 -5 0.218781
-140 0 0.239938
-140 5 0.245337
-140 10 0.247726
-140 15 0.252893
-140 20 0.260782
-140 25 0.272597
-140 30 0.279605
-140 35 0.285432
-140 40 0.282345
-140 45 0.288123
-140 50 0.310650
-140 55 0.360600
-140 60 0.445485
-140 65 0.523643
-140 70 0.561118
-140 75 0.539828
-140 80 0.471413
-140 85 0.391803
-140 90 0.318343
-140 95 0.292148
-140 100 0.305275
-140 105 0.342405
-140 110 0.394405
-140 115 0.449120
-140 120 0.506895
-140 125 0.588225
-140 130 0.712065
-140 135 0.881543
-140 140 1.076320
-140 145 1.290560
-140 150 1.461550
-140 155 1.564480
-140 160 1.559042
-140 165 1.433140
-140 170 1.177558
-140 175 0.849753
-135 -180 0.497785
-135 -175 0.264793
-135 -170 0.115477
-135 -165 0.047030
-135 -160 0.020441
-135 -155 0.014817
-135 -150 0.012401
-135 -145 0.012408
-135 -140 0.012214
-135 -135 0.012062
-135 -130 0.013504
-135 -125 0.016806
-135 -120 0.019072
-135 -115 0.018789
-135 -110 0.014641
-135 -105 0.009024
-135 -100 0.004397
-135 -95 0.005852
-135 -90 0.017555
-135 -85 0.039331
-135 -80 0.071680
-135 -75 0.102505
-135 -70 0.122925
-135 -65 0.125338
-135 -60 0.115934
-135 -55 0.112277
-135 -50 0.127486
-135 -45 0.163247
-135 -40 0.208023
-135 -35 0.235082
-135 -30 0.236842
-135 -25 0.220614
-135 -20 0.208629
-135 -15 0.223634
-135 -10 0.261687
-135 -5 0.302663
-135 0 0.344627
-135 5 0.378255
-135 10 0.409932
-135 15 0.436097
-135 20 0.452247
-135 25 0.458738
-135 30 0.451308
-135 35 0.438940
-135 40 0.413882
-135 45 0.389875
-135 50 0.383560
-135 55 0.415418
-135 60 0.500675
-135 65 0.595375
-135 70 0.653558
-135 75 0.647440
-135 80 0.579780
-135 85 0.492693
-135 90 0.407527
-135 95 0.375702
-135 100 0.386518
-135 105 0.421680
-135 110 0.473215
-135 115 0.523595
-135 120 0.577677
-135 125 0.658787
-135 130 0.780817
-135 135 0.956385
-135 140 1.168230
-135 145 1.404048
-135 150 1.589710
-135 155 1.679153
-135 160 1.636805
-135 165 1.458370
-135 170 1.160680
-135 175 0.813257
-130 -180 0.467430
-130 -175 0.244331
-130 -170 0.108375
-130 -165 0.046330
-130 -160 0.025672
-130 -155 0.023170
-130 -150 0.023256
-130 -145 0.023535
-130 -140 0.022681
-130 -135 0.021328
-130 -130 0.022515
-130 -125 0.026987
-130 -120 0.030083
-130 -115 0.029636
-130 -110 0.023093
-130 -105 0.014234
-130 -100 0.006936
-130 -95 0.006036
-130 -90 0.014342
-130 -85 0.031005
-130 -80 0.055738
-130 -75 0.078500
-130 -70 0.094783
-130 -65 0.100445
-130 -60 0.101593
-130 -55 0.116004
-130 -50 0.151017
-130 -45 0.204768
-130 -40 0.261330
-130 -35 0.291992
-130 -30 0.291980
-130 -25 0.271040
-130 -20 0.256267
-130 -15 0.275850
-130 -10 0.327005
-130 -5 0.391860
-130 0 0.474895
-130 5 0.563260
-130 10 0.647800
-130 15 0.706118
-130 20 0.726095
-130 25 0.706900
-130 30 0.657890
-130 35 0.601592
-130 40 0.535928
-130 45 0.467303
-130 50 0.420497
-130 55 0.421687
-130 60 0.490982
-130 65 0.589472
-130 70 0.664920
-130 75 0.682270
-130 80 0.632803
-130 85 0.560023
-130 90 0.482703
-130 95 0.456865
-130 100 0.471808
-130 105 0.506735
-130 110 0.554045
-130 115 0.596963
-130 120 0.645053
-130 125 0.722880
-130 130 0.836820
-130 135 1.006360
-130 140 1.215307
-130 145 1.451902
-130 150 1.642073
-130 155 1.723645
-130 160 1.663747
-130 165 1.456962
-130 170 1.137482
-130 175 0.780618
-125 -180 0.440240
-125 -175 0.232229
-125 -170 0.109545
-125 -165 0.052380
-125 -160 0.034841
-125 -155 0.033424
-125 -150 0.034798
-125 -145 0.034905
-125 -140 0.033068
-125 -135 0.029816
-125 -130 0.029762
-125 -125 0.034300
-125 -120 0.037484
-125 -115 0.036927
-125 -110 0.028775
-125 -105 0.017735
-125 -100 0.008642
-125 -95 0.005254
-125 -90 0.009381
-125 -85 0.019725
-125 -80 0.035024
-125 -75 0.048665
-125 -70 0.060174
-125 -65 0.068782
-125 -60 0.079532
-125 -55 0.109351
-125 -50 0.160466
-125 -45 0.227241
-125 -40 0.291305
-125 -35 0.325643
-125 -30 0.327497
-125 -25 0.307078
-125 -20 0.293420
-125 -15 0.320433
-125 -10 0.390022
-125 -5 0.490712
-125 0 0.635480
-125 5 0.802235
-125 10 0.956838
-125 15 1.049160
-125 20 1.058232
-125 25 0.985452
-125 30 0.863368
-125 35 0.737058
-125 40 0.617075
-125 45 0.499872
-125 50 0.412620
-125 55 0.378550
-125 60 0.418265
-125 65 0.504543
-125 70 0.588490
-125 75 0.633140
-125 80 0.618490
-125 85 0.581882
-125 90 0.532880
-125 95 0.524420
-125 100 0.548242
-125 105 0.583095
-125 110 0.619897
-125 115 0.650443
-125 120 0.686625
-125 125 0.755282
-125 130 0.854598
-125 135 1.007590
-125 140 1.196880
-125 145 1.413935
-125 150 1.594778
-125 155 1.670485
-125 160 1.608530
-125 165 1.400015
-125 170 1.085030
-125 175 0.738860
-120 -180 0.406592
-120 -175 0.222336
-120 -170 0.115078
-120 -165 0.062214
-120 -160 0.044314
-120 -155 0.040882
-120 -150 0.041205
-120 -145 0.040515
-120 -140 0.037857
-120 -135 0.032934
-120 -130 0.031197
-120 -125 0.034530
-120 -120 0.036927
-120 -115 0.036378
-120 -110 0.028347
-120 -105 0.017472
-120 -100 0.008514
-120 -95 0.003938
-120 -90 0.004849
-120 -85 0.009760
-120 -80 0.017305
-120 -75 0.024077
-120 -70 0.032092
-120 -65 0.042898
-120 -60 0.059703
-120 -55 0.097935
-120 -50 0.157141
-120 -45 0.230376
-120 -40 0.299015
-120 -35 0.339270
-120 -30 0.348385
-120 -25 0.334935
-120 -20 0.327740
-120 -15 0.367553
-120 -10 0.462615
-120 -5 0.609448
-120 0 0.825670
-120 5 1.074837
-120 10 1.292612
-120 15 1.402292
-120 20 1.377375
-120 25 1.227765
-120 30 1.014067
-120 35 0.807652
-120 40 0.634293
-120 45 0.481115
-120 50 0.368833
-120 55 0.310947
-120 60 0.322213
-120 65 0.388543
-120 70 0.470975
-120 75 0.536262
-120 80 0.557628
-120 85 0.560758
-120 90 0.544253
-120 95 0.554080
-120 100 0.585767
-120 105 0.619295
-120 110 0.642733
-120 115 0.660147
-120 120 0.682360
-120 125 0.739570
-120 130 0.823802
-120 135 0.958230
-120 140 1.123387
-120 145 1.312043
-120 150 1.473560
-120 155 1.540342
-120 160 1.479935
-120 165 1.284353
-120 170 0.992102
-120 175 0.675450
-115 -180 0.354087
-115 -175 0.204205
-115 -170 0.116697
-115 -165 0.069177
-115 -160 0.048793
-115 -155 0.041203
-115 -150 0.038609
-115 -145 0.036846
-115 -140 0.034043
-115 -135 0.028727
-115 -130 0.025925
-115 -125 0.027544
-115 -120 0.028775
-115 -115 0.028347
-115 -110 0.022089
-115 -105 0.013614
-115 -100 0.006634
-115 -95 0.003260
-115 -90 0.003696
-115 -85 0.007478
-115 -80 0.013399
-115 -75 0.019749
-115 -70 0.028172
-115 -65 0.040373
-115 -60 0.057752
-115 -55 0.094621
-115 -50 0.151602
-115 -45 0.224756
-115 -40 0.297565
-115 -35 0.349483
-115 -30 0.375810
-115 -25 0.382015
-115 -20 0.395335
-115 -15 0.462397
-115 -10 0.595510
-115 -5 0.795292
-115 0 1.076428
-115 5 1.384295
-115 10 1.628927
-115 15 1.718373
-115 20 1.629973
-115 25 1.389855
-115 30 1.084200
-115 35 0.806023
-115 40 0.592830
-115 45 0.424530
-115 50 0.309142
-115 55 0.246272
-115 60 0.241111
-115 65 0.289745
-115 70 0.364888
-115 75 0.440230
-115 80 0.487302
-115 85 0.519487
-115 90 0.526825
-115 95 0.547928
-115 100 0.583895
-115 105 0.617502
-115 110 0.633925
-115 115 0.646205
-115 120 0.660590
-115 125 0.709525
-115 130 0.780205
-115 135 0.895105
-115 140 1.033748
-115 145 1.185715
-115 150 1.312703
-115 155 1.355797
-115 160 1.286390
-115 165 1.104963
-115 170 0.846070
-115 175 0.576580
-110 -180 0.305600
-110 -175 0.183862
-110 -170 0.111497
-110 -165 0.068666
-110 -160 0.045499
-110 -155 0.034119
-110 -150 0.028725
-110 -145 0.026286
-110 -140 0.024064
-110 -135 0.019783
-110 -130 0.017074
-110 -125 0.017409
-110 -120 0.017735
-110 -115 0.017472
-110 -110 0.013614
-110 -105 0.008391
-110 -100 0.004089
-110 -95 0.002982
-110 -90 0.004596
-110 -85 0.009961
-110 -80 0.018719
-110 -75 0.029812
-110 -70 0.042748
-110 -65 0.057428
-110 -60 0.073049
-110 -55 0.102475
-110 -50 0.149360
-110 -45 0.216212
-110 -40 0.291092
-110 -35 0.357795
-110 -30 0.412152
-110 -25 0.455265
-110 -20 0.511803
-110 -15 0.626835
-110 -10 0.809190
-110 -5 1.055555
-110 0 1.372110
-110 5 1.691995
-110 10 1.912040
-110 15 1.940815
-110 20 1.769920
-110 25 1.444680
-110 30 1.068007
-110 35 0.742968
-110 40 0.512872
-110 45 0.352722
-110 50 0.255522
-110 55 0.208213
-110 60 0.204618
-110 65 0.244210
-110 70 0.308685
-110 75 0.380853
-110 80 0.436345
-110 85 0.480357
-110 90 0.499900
-110 95 0.526433
-110 100 0.564555
-110 105 0.600210
-110 110 0.617675
-110 115 0.632450
-110 120 0.645965
-110 125 0.688400
-110 130 0.744502
-110 135 0.835848
-110 140 0.946535
-110 145 1.063245
-110 150 1.156578
-110 155 1.179090
-110 160 1.104340
-110 165 0.938852
-110 170 0.712490
-110 175 0.486845
-105 -180 0.281955
-105 -175 0.172697
-105 -170 0.105318
-105 -165 0.064517
-105 -160 0.038744
-105 -155 0.024865
-105 -150 0.017984
-105 -145 0.015121
-105 -140 0.013382
-105 -135 0.010757
-105 -130 0.008909
-105 -125 0.008715
-105 -120 0.008642
-105 -115 0.008514
-105 -110 0.006634
-105 -105 0.004089
-105 -100 0.001992
-105 -95 0.003887
-105 -90 0.008216
-105 -85 0.018088
-105 -80 0.033937
-105 -75 0.053927
-105 -70 0.074627
-105 -65 0.093197
-105 -60 0.107111
-105 -55 0.127775
-105 -50 0.163566
-105 -45 0.225432
-105 -40 0.306555
-105 -35 0.395280
-105 -30 0.489602
-105 -25 0.584947
-105 -20 0.703242
-105 -15 0.879933
-105 -10 1.111525
-105 -5 1.381387
-105 0 1.684567
-105 5 1.952480
-105 10 2.087353
-105 15 2.016930
-105 20 1.757118
-105 25 1.368835
-105 30 0.958443
-105 35 0.623552
-105 40 0.405347
-105 45 0.276292
-105 50 0.216144
-105 55 0.203808
-105 60 0.222874
-105 65 0.267480
-105 70 0.324655
-105 75 0.384837
-105 80 0.431273
-105 85 0.466130
-105 90 0.480072
-105 95 0.499715
-105 100 0.531983
-105 105 0.567090
-105 110 0.593690
-105 115 0.620412
-105 120 0.642710
-105 125 0.681638
-105 130 0.722988
-105 135 0.788648
-105 140 0.873785
-105 145 0.964775
-105 150 1.036868
-105 155 1.051802
-105 160 0.982615
-105 165 0.834700
-105 170 0.634750
-105 175 0.439000
-100 -180 0.289505
-100 -175 0.177260
-100 -170 0.104378
-100 -165 0.062534
-100 -160 0.034229
-100 -155 0.018743
-100 -150 0.011251
-100 -145 0.007788
-100 -140 0.005784
-100 -135 0.004372
-100 -130 0.003187
-100 -125 0.002674
-100 -120 0.002354
-100 -115 0.002319
-100 -110 0.001807
-100 -105 0.001114
-100 -100 0.000543
-100 -95 0.004952
-100 -90 0.011811
-100 -85 0.026395
-100 -80 0.049485
-100 -75 0.078510
-100 -70 0.107445
-100 -65 0.130902
-100 -60 0.145517
-100 -55 0.161793
-100 -50 0.191430
-100 -45 0.254600
-100 -40 0.349245
-100 -35 0.469337
-100 -30 0.617897
-100 -25 0.782245
-100 -20 0.977675
-100 -15 1.217792
-100 -10 1.479113
-100 -5 1.728175
-100 0 1.952870
-100 5 2.099617
-100 10 2.096833
-100 15 1.906183
-100 20 1.572665
-100 25 1.161915
-100 30 0.768528
-100 35 0.468125
-100 40 0.290947
-100 45 0.206971
-100 50 0.189973
-100 55 0.216565
-100 60 0.264685
-100 65 0.320600
-100 70 0.374350
-100 75 0.421735
-100 80 0.453818
-100 85 0.471880
-100 90 0.472455
-100 95 0.476867
-100 100 0.494885
-100 105 0.523960
-100 110 0.561802
-100 115 0.605925
-100 120 0.643662
-100 125 0.681880
-100 130 0.710555
-100 135 0.751748
-100 140 0.814623
-100 145 0.891252
-100 150 0.957147
-100 155 0.980042
-100 160 0.929285
-100 165 0.802740
-100 170 0.623248
-100 175 0.441390
-95 -180 0.339627
-95 -175 0.207985
-95 -170 0.118074
-95 -165 0.068799
-95 -160 0.035293
-95 -155 0.016687
-95 -150 0.007985
-95 -145 0.003273
-95 -140 0.000575
-95 -135 0.000388
-95 -130 0.000204
-95 -125 0.000081
-95 -120 0.000000
-95 -115 0.000000
-95 -110 0.000000
-95 -105 0.000000
-95 -100 0.000000
-95 -95 0.005952
-95 -90 0.014658
-95 -85 0.032816
-95 -80 0.060764
-95 -75 0.095705
-95 -70 0.130130
-95 -65 0.158242
-95 -60 0.178103
-95 -55 0.199546
-95 -50 0.234581
-95 -45 0.308850
-95 -40 0.422725
-95 -35 0.577958
-95 -30 0.783940
-95 -25 1.022740
-95 -20 1.297108
-95 -15 1.587783
-95 -10 1.846715
-95 -5 2.024728
-95 0 2.114020
-95 5 2.095060
-95 10 1.937673
-95 15 1.641935
-95 20 1.272803
-95 25 0.886625
-95 30 0.554240
-95 35 0.319898
-95 40 0.200393
-95 45 0.163295
-95 50 0.183164
-95 55 0.239421
-95 60 0.310020
-95 65 0.374755
-95 70 0.426235
-95 75 0.463035
-95 80 0.482370
-95 85 0.486330
-95 90 0.476172
-95 95 0.466577
-95 100 0.468938
-95 105 0.487193
-95 110 0.532110
-95 115 0.592333
-95 120 0.649487
-95 125 0.697447
-95 130 0.728982
-95 135 0.762220
-95 140 0.815575
-95 145 0.889803
-95 150 0.960660
-95 155 0.999088
-95 160 0.971217
-95 165 0.863143
-95 170 0.692940
-95 175 0.506505
-90 -180 0.410930
-90 -175 0.249845
-90 -170 0.139198
-90 -165 0.080579
-90 -160 0.042020
-90 -155 0.020206
-90 -150 0.010302
-90 -145 0.004146
-90 -140 0.000000
-90 -135 0.000000
-90 -130 0.000000
-90 -125 0.000000
-90 -120 0.000000
-90 -115 0.000000
-90 -110 0.000000
-90 -105 0.000000
-90 -100 0.000000
-90 -95 0.006208
-90 -90 0.015323
-90 -85 0.034034
-90 -80 0.061845
-90 -75 0.096568
-90 -70 0.131032
-90 -65 0.161972
-90 -60 0.191136
-90 -55 0.227516
-90 -50 0.279732
-90 -45 0.375960
-90 -40 0.518857
-90 -35 0.719545
-90 -30 0.993113
-90 -25 1.314083
-90 -20 1.658432
-90 -15 1.966420
-90 -10 2.169240
-90 -5 2.219027
-90 0 2.130390
-90 5 1.933545
-90 10 1.643357
-90 15 1.286312
-90 20 0.927240
-90 25 0.601790
-90 30 0.352162
-90 35 0.193410
-90 40 0.131096
-90 45 0.133441
-90 50 0.178910
-90 55 0.251035
-90 60 0.331455
-90 65 0.398973
-90 70 0.448295
-90 75 0.480115
-90 80 0.494493
-90 85 0.493875
-90 90 0.480658
-90 95 0.462365
-90 100 0.451360
-90 105 0.457937
-90 110 0.505323
-90 115 0.578932
-90 120 0.656135
-90 125 0.722890
-90 130 0.772525
-90 135 0.818105
-90 140 0.882425
-90 145 0.973953
-90 150 1.067548
-90 155 1.129493
-90 160 1.119592
-90 165 1.012868
-90 170 0.827160
-90 175 0.611540
-85 -180 0.462382
-85 -175 0.277407
-85 -170 0.154102
-85 -165 0.089740
-85 -160 0.048474
-85 -155 0.023905
-85 -150 0.012672
-85 -145 0.005217
-85 -140 0.000000
-85 -135 0.000000
-85 -130 0.000000
-85 -125 0.000000
-85 -120 0.000000
-85 -115 0.000000
-85 -110 0.000000
-85 -105 0.000000
-85 -100 0.000000
-85 -95 0.006079
-85 -90 0.015048
-85 -85 0.032415
-85 -80 0.056609
-85 -75 0.086764
-85 -70 0.117151
-85 -65 0.150116
-85 -60 0.193480
-85 -55 0.254665
-85 -50 0.336030
-85 -45 0.466672
-85 -40 0.652640
-85 -35 0.913340
-85 -30 1.265425
-85 -25 1.670393
-85 -20 2.062635
-85 -15 2.340330
-85 -10 2.427495
-85 -5 2.301513
-85 0 2.016950
-85 5 1.658945
-85 10 1.279723
-85 15 0.913183
-85 20 0.604028
-85 25 0.360780
-85 30 0.197917
-85 35 0.108616
-85 40 0.091420
-85 45 0.118027
-85 50 0.171716
-85 55 0.241641
-85 60 0.316285
-85 65 0.378585
-85 70 0.425175
-85 75 0.456747
-85 80 0.471970
-85 85 0.471785
-85 90 0.457925
-85 95 0.432970
-85 100 0.410282
-85 105 0.406993
-85 110 0.455720
-85 115 0.544195
-85 120 0.650070
-85 125 0.754225
-85 130 0.846718
-85 135 0.933547
-85 140 1.034135
-85 145 1.157892
-85 150 1.276920
-85 155 1.348967
-85 160 1.329360
-85 165 1.190280
-85 170 0.960890
-85 175 0.700252
-80 -180 0.472203
-80 -175 0.275130
-80 -170 0.151107
-80 -165 0.087248
-80 -160 0.047933
-80 -155 0.023516
-80 -150 0.012557
-80 -145 0.005191
-80 -140 0.000000
-80 -135 0.000000
-80 -130 0.000000
-80 -125 0.000000
-80 -120 0.000000
-80 -115 0.000000
-80 -110 0.000000
-80 -105 0.000000
-80 -100 0.000000
-80 -95 0.006011
-80 -90 0.014915
-80 -85 0.030640
-80 -80 0.050501
-80 -75 0.075027
-80 -70 0.100928
-80 -65 0.138074
-80 -60 0.202043
-80 -55 0.299090
-80 -50 0.424813
-80 -45 0.606445
-80 -40 0.851125
-80 -35 1.178255
-80 -30 1.598562
-80 -25 2.057758
-80 -20 2.448738
-80 -15 2.643575
-80 -10 2.578225
-80 -5 2.271587
-80 0 1.819133
-80 5 1.347115
-80 10 0.929735
-80 15 0.592730
-80 20 0.350863
-80 25 0.188456
-80 30 0.097568
-80 35 0.059698
-80 40 0.069206
-80 45 0.103539
-80 50 0.150224
-80 55 0.204369
-80 60 0.261242
-80 65 0.311613
-80 70 0.353478
-80 75 0.385940
-80 80 0.403855
-80 85 0.405988
-80 90 0.392583
-80 95 0.364607
-80 100 0.335915
-80 105 0.329800
-80 110 0.383770
-80 115 0.493530
-80 120 0.642997
-80 125 0.808448
-80 130 0.969995
-80 135 1.121673
-80 140 1.271618
-80 145 1.423985
-80 150 1.551262
-80 155 1.605650
-80 160 1.543182
-80 165 1.341900
-80 170 1.050415
-80 175 0.740625
-75 -180 0.430290
-75 -175 0.239327
-75 -170 0.127931
-75 -165 0.071618
-75 -160 0.039122
-75 -155 0.018510
-75 -150 0.009884
-75 -145 0.004085
-75 -140 0.000000
-75 -135 0.000000
-75 -130 0.000000
-75 -125 0.000000
-75 -120 0.000000
-75 -115 0.000000
-75 -110 0.000000
-75 -105 0.000000
-75 -100 0.000000
-75 -95 0.005771
-75 -90 0.014340
-75 -85 0.028283
-75 -80 0.044145
-75 -75 0.063689
-75 -70 0.087858
-75 -65 0.134087
-75 -60 0.225015
-75 -55 0.367760
-75 -50 0.550225
-75 -45 0.794020
-75 -40 1.103568
-75 -35 1.488278
-75 -30 1.947808
-75 -25 2.411407
-75 -20 2.743575
-75 -15 2.813525
-75 -10 2.586350
-75 -5 2.129780
-75 0 1.569802
-75 5 1.049578
-75 10 0.646227
-75 15 0.363845
-75 20 0.188784
-75 25 0.089980
-75 30 0.046224
-75 35 0.036718
-75 40 0.054669
-75 45 0.083622
-75 50 0.114596
-75 55 0.147203
-75 60 0.181812
-75 65 0.217019
-75 70 0.251632
-75 75 0.282795
-75 80 0.301818
-75 85 0.306150
-75 90 0.295457
-75 95 0.270930
-75 100 0.245871
-75 105 0.248433
-75 110 0.316290
-75 115 0.455170
-75 120 0.659045
-75 125 0.896595
-75 130 1.135045
-75 135 1.351890
-75 140 1.540430
-75 145 1.696095
-75 150 1.797397
-75 155 1.800163
-75 160 1.669357
-75 165 1.395890
-75 170 1.049565
-75 175 0.707987
-70 -180 0.347542
-70 -175 0.181472
-70 -170 0.092697
-70 -165 0.049174
-70 -160 0.026146
-70 -155 0.011520
-70 -150 0.006152
-70 -145 0.002543
-70 -140 0.000000
-70 -135 0.000000
-70 -130 0.000000
-70 -125 0.000000
-70 -120 0.000000
-70 -115 0.000000
-70 -110 0.000000
-70 -105 0.000000
-70 -100 0.000000
-70 -95 0.004702
-70 -90 0.011695
-70 -85 0.022415
-70 -80 0.033749
-70 -75 0.048429
-70 -70 0.073852
-70 -65 0.133989
-70 -60 0.255962
-70 -55 0.450625
-70 -50 0.698988
-70 -45 1.010085
-70 -40 1.377170
-70 -35 1.789935
-70 -30 2.233312
-70 -25 2.627125
-70 -20 2.836175
-70 -15 2.756325
-70 -10 2.391200
-70 -5 1.848332
-70 0 1.262645
-70 5 0.767030
-70 10 0.422830
-70 15 0.209646
-70 20 0.094353
-70 25 0.040418
-70 30 0.022557
-70 35 0.024037
-70 40 0.039417
-70 45 0.058596
-70 50 0.075309
-70 55 0.092308
-70 60 0.111116
-70 65 0.134010
-70 70 0.159614
-70 75 0.183800
-70 80 0.197508
-70 85 0.198743
-70 90 0.188537
-70 95 0.169737
-70 100 0.153097
-70 105 0.170416
-70 110 0.257865
-70 115 0.429790
-70 120 0.691345
-70 125 0.999212
-70 130 1.306193
-70 135 1.568350
-70 140 1.764173
-70 145 1.884610
-70 150 1.920787
-70 155 1.845613
-70 160 1.641620
-70 165 1.313638
-70 170 0.945030
-70 175 0.605783
-65 -180 0.243218
-65 -175 0.118252
-65 -170 0.057280
-65 -165 0.028308
-65 -160 0.014391
-65 -155 0.005666
-65 -150 0.003025
-65 -145 0.001251
-65 -140 0.000000
-65 -135 0.000000
-65 -130 0.000000
-65 -125 0.000000
-65 -120 0.000000
-65 -115 0.000000
-65 -110 0.000000
-65 -105 0.000000
-65 -100 0.000000
-65 -95 0.003434
-65 -90 0.008537
-65 -85 0.016108
-65 -80 0.023733
-65 -75 0.034207
-65 -70 0.063146
-65 -65 0.139093
-65 -60 0.291422
-65 -55 0.536325
-65 -50 0.846617
-65 -45 1.210620
-65 -40 1.601385
-65 -35 1.986975
-65 -30 2.341668
-65 -25 2.592975
-65 -20 2.640100
-65 -15 2.427405
-65 -10 1.991022
-65 -5 1.453412
-65 0 0.930573
-65 5 0.521335
-65 10 0.261360
-65 15 0.115154
-65 20 0.044453
-65 25 0.017141
-65 30 0.010530
-65 35 0.014055
-65 40 0.023325
-65 45 0.033035
-65 50 0.039577
-65 55 0.047087
-65 60 0.056872
-65 65 0.071944
-65 70 0.090458
-65 75 0.107246
-65 80 0.114577
-65 85 0.111546
-65 90 0.100775
-65 95 0.087365
-65 100 0.079524
-65 105 0.111186
-65 110 0.217444
-65 115 0.415305
-65 120 0.718265
-65 125 1.071368
-65 130 1.412965
-65 135 1.680080
-65 140 1.840873
-65 145 1.888735
-65 150 1.832230
-65 155 1.672143
-65 160 1.416445
-65 165 1.078980
-65 170 0.740595
-65 175 0.450320
-60 -180 0.139767
-60 -175 0.061393
-60 -170 0.027224
-60 -165 0.011924
-60 -160 0.005536
-60 -155 0.001627
-60 -150 0.000869
-60 -145 0.000359
-60 -140 0.000000
-60 -135 0.000000
-60 -130 0.000000
-60 -125 0.000000
-60 -120 0.000000
-60 -115 0.000000
-60 -110 0.000000
-60 -105 0.000000
-60 -100 0.000000
-60 -95 0.001977
-60 -90 0.004916
-60 -85 0.009275
-60 -80 0.013665
-60 -75 0.020446
-60 -70 0.053563
-60 -65 0.143496
-60 -60 0.318497
-60 -55 0.598405
-60 -50 0.944585
-60 -45 1.320793
-60 -40 1.677283
-60 -35 1.970033
-60 -30 2.176652
-60 -25 2.252275
-60 -20 2.151975
-60 -15 1.869000
-60 -10 1.451295
-60 -5 1.005975
-60 0 0.609247
-60 5 0.319387
-60 10 0.148217
-60 15 0.058919
-60 20 0.019207
-60 25 0.006445
-60 30 0.004126
-60 35 0.006510
-60 40 0.010805
-60 45 0.014238
-60 50 0.015133
-60 55 0.017184
-60 60 0.020922
-60 65 0.029117
-60 70 0.040468
-60 75 0.050603
-60 80 0.054128
-60 85 0.050678
-60 90 0.042936
-60 95 0.036736
-60 100 0.037138
-60 105 0.076938
-60 110 0.191126
-60 115 0.394725
-60 120 0.705740
-60 125 1.064925
-60 130 1.399452
-60 135 1.634057
-60 140 1.731670
-60 145 1.694297
-60 150 1.548385
-60 155 1.324025
-60 160 1.054978
-60 165 0.756050
-60 170 0.489697
-60 175 0.279313
-55 -180 0.070720
-55 -175 0.028608
-55 -170 0.011702
-55 -165 0.004205
-55 -160 0.001458
-55 -155 0.000000
-55 -150 0.000000
-55 -145 0.000000
-55 -140 0.000000
-55 -135 0.000000
-55 -130 0.000000
-55 -125 0.000000
-55 -120 0.000000
-55 -115 0.000000
-55 -110 0.000000
-55 -105 0.000000
-55 -100 0.000000
-55 -95 0.000899
-55 -90 0.002234
-55 -85 0.004216
-55 -80 0.006212
-55 -75 0.009801
-55 -70 0.044261
-55 -65 0.138494
-55 -60 0.317310
-55 -55 0.600530
-55 -50 0.939368
-55 -45 1.278025
-55 -40 1.551918
-55 -35 1.717965
-55 -30 1.767795
-55 -25 1.693017
-55 -20 1.503252
-55 -15 1.224355
-55 -10 0.895160
-55 -5 0.588747
-55 0 0.337805
-55 5 0.166672
-55 10 0.072213
-55 15 0.026429
-55 20 0.007327
-55 25 0.002341
-55 30 0.001394
-55 35 0.002204
-55 40 0.003558
-55 45 0.004544
-55 50 0.004589
-55 55 0.006014
-55 60 0.008491
-55 65 0.012982
-55 70 0.018336
-55 75 0.021923
-55 80 0.021496
-55 85 0.017688
-55 90 0.012870
-55 95 0.013083
-55 100 0.020069
-55 105 0.061197
-55 110 0.169962
-55 115 0.355700
-55 120 0.634935
-55 125 0.954685
-55 130 1.240457
-55 135 1.417637
-55 140 1.451320
-55 145 1.353235
-55 150 1.160788
-55 155 0.921130
-55 160 0.683085
-55 165 0.456475
-55 170 0.277622
-55 175 0.149682
-50 -180 0.025471
-50 -175 0.008627
-50 -170 0.003136
-50 -165 0.000994
-50 -160 0.000362
-50 -155 0.000000
-50 -150 0.000000
-50 -145 0.000000
-50 -140 0.000000
-50 -135 0.000000
-50 -130 0.000000
-50 -125 0.000000
-50 -120 0.000000
-50 -115 0.000000
-50 -110 0.000000
-50 -105 0.000000
-50 -100 0.000000
-50 -95 0.000140
-50 -90 0.000349
-50 -85 0.000659
-50 -80 0.000971
-50 -75 0.002152
-50 -70 0.034015
-50 -65 0.119406
-50 -60 0.277867
-50 -55 0.524707
-50 -50 0.808215
-50 -45 1.068235
-50 -40 1.242188
-50 -35 1.298687
-50 -30 1.244985
-50 -25 1.097428
-50 -20 0.896168
-50 -15 0.675233
-50 -10 0.456690
-50 -5 0.280898
-50 0 0.150202
-50 5 0.068747
-50 10 0.027578
-50 15 0.009338
-50 20 0.002220
-50 25 0.000743
-50 30 0.000116
-50 35 0.000000
-50 40 0.000000
-50 45 0.000000
-50 50 0.000000
-50 55 0.001180
-50 60 0.003054
-50 65 0.005825
-50 70 0.008699
-50 75 0.010181
-50 80 0.009352
-50 85 0.006751
-50 90 0.004352
-50 95 0.008482
-50 100 0.018994
-50 105 0.056237
-50 110 0.147558
-50 115 0.295430
-50 120 0.510868
-50 125 0.754625
-50 130 0.963095
-50 135 1.075305
-50 140 1.064488
-50 145 0.948340
-50 150 0.763368
-50 155 0.556933
-50 160 0.377303
-50 165 0.228428
-50 170 0.124947
-50 175 0.060735
-45 -180 0.005085
-45 -175 0.000982
-45 -170 0.000194
-45 -165 0.000000
-45 -160 0.000000
-45 -155 0.000000
-45 -150 0.000000
-45 -145 0.000000
-45 -140 0.000000
-45 -135 0.000000
-45 -130 0.000000
-45 -125 0.000000
-45 -120 0.000000
-45 -115 0.000000
-45 -110 0.000000
-45 -105 0.000000
-45 -100 0.000000
-45 -95 0.000000
-45 -90 0.000000
-45 -85 0.000000
-45 -80 0.000000
-45 -75 0.000345
-45 -70 0.026727
-45 -65 0.093719
-45 -60 0.215651
-45 -55 0.400353
-45 -50 0.602100
-45 -45 0.769005
-45 -40 0.853145
-45 -35 0.839052
-45 -30 0.744045
-45 -25 0.594917
-45 -20 0.438163
-45 -15 0.298485
-45 -10 0.182076
-45 -5 0.103379
-45 0 0.050966
-45 5 0.021345
-45 10 0.007432
-45 15 0.002000
-45 20 0.000067
-45 25 0.000000
-45 30 0.000000
-45 35 0.000000
-45 40 0.000000
-45 45 0.000000
-45 50 0.000000
-45 55 0.000385
-45 60 0.000996
-45 65 0.001900
-45 70 0.002838
-45 75 0.003321
-45 80 0.003051
-45 85 0.002202
-45 90 0.002464
-45 95 0.009262
-45 100 0.021128
-45 105 0.051594
-45 110 0.118598
-45 115 0.220115
-45 120 0.361247
-45 125 0.518922
-45 130 0.647308
-45 135 0.705198
-45 140 0.675970
-45 145 0.576793
-45 150 0.434773
-45 155 0.287450
-45 160 0.172209
-45 165 0.089351
-45 170 0.039644
-45 175 0.015615
-40 -180 0.000511
-40 -175 0.000000
-40 -170 0.000000
-40 -165 0.000000
-40 -160 0.000000
-40 -155 0.000000
-40 -150 0.000000
-40 -145 0.000000
-40 -140 0.000000
-40 -135 0.000000
-40 -130 0.000000
-40 -125 0.000000
-40 -120 0.000000
-40 -115 0.000000
-40 -110 0.000000
-40 -105 0.000000
-40 -100 0.000000
-40 -95 0.000000
-40 -90 0.000000
-40 -85 0.000000
-40 -80 0.000000
-40 -75 0.000038
-40 -70 0.019260
-40 -65 0.064242
-40 -60 0.144475
-40 -55 0.261530
-40 -50 0.381700
-40 -45 0.468975
-40 -40 0.494453
-40 -35 0.454720
-40 -30 0.368252
-40 -25 0.258460
-40 -20 0.162340
-40 -15 0.091756
-40 -10 0.044633
-40 -5 0.021735
-40 0 0.009771
-40 5 0.004308
-40 10 0.001713
-40 15 0.000614
-40 20 0.000000
-40 25 0.000000
-40 30 0.000000
-40 35 0.000000
-40 40 0.000000
-40 45 0.000000
-40 50 0.000000
-40 55 0.000000
-40 60 0.000000
-40 65 0.000000
-40 70 0.000000
-40 75 0.000000
-40 80 0.000000
-40 85 0.000000
-40 90 0.002230
-40 95 0.010665
-40 100 0.023640
-40 105 0.048654
-40 110 0.093766
-40 115 0.154196
-40 120 0.230583
-40 125 0.313007
-40 130 0.374725
-40 135 0.393865
-40 140 0.363858
-40 145 0.297815
-40 150 0.211283
-40 155 0.127063
-40 160 0.066960
-40 165 0.029023
-40 170 0.008854
-40 175 0.002369
-35 -180 0.000037
-35 -175 0.000000
-35 -170 0.000000
-35 -165 0.000000
-35 -160 0.000000
-35 -155 0.000000
-35 -150 0.000000
-35 -145 0.000000
-35 -140 0.000000
-35 -135 0.000000
-35 -130 0.000000
-35 -125 0.000000
-35 -120 0.000000
-35 -115 0.000000
-35 -110 0.000000
-35 -105 0.000000
-35 -100 0.000000
-35 -95 0.000000
-35 -90 0.000000
-35 -85 0.000000
-35 -80 0.000000
-35 -75 0.000016
-35 -70 0.012243
-35 -65 0.037844
-35 -60 0.082115
-35 -55 0.143104
-35 -50 0.199980
-35 -45 0.233326
-35 -40 0.231426
-35 -35 0.197552
-35 -30 0.145810
-35 -25 0.088942
-35 -20 0.047141
-35 -15 0.020763
-35 -10 0.006051
-35 -5 0.001677
-35 0 0.000264
-35 5 0.000000
-35 10 0.000000
-35 15 0.000000
-35 20 0.000000
-35 25 0.000000
-35 30 0.000000
-35 35 0.000000
-35 40 0.000000
-35 45 0.000000
-35 50 0.000000
-35 55 0.000000
-35 60 0.000000
-35 65 0.000000
-35 70 0.000000
-35 75 0.000000
-35 80 0.000000
-35 85 0.000000
-35 90 0.003203
-35 95 0.012037
-35 100 0.025230
-35 105 0.046340
-35 110 0.075227
-35 115 0.106276
-35 120 0.138143
-35 125 0.168687
-35 130 0.187284
-35 135 0.185540
-35 140 0.163956
-35 145 0.129979
-35 150 0.088900
-35 155 0.051136
-35 160 0.025439
-35 165 0.010271
-35 170 0.002280
-35 175 0.000344
-30 -180 0.000000
-30 -175 0.000000
-30 -170 0.000000
-30 -165 0.000000
-30 -160 0.000000
-30 -155 0.000000
-30 -150 0.000000
-30 -145 0.000000
-30 -140 0.000000
-30 -135 0.000000
-30 -130 0.000000
-30 -125 0.000000
-30 -120 0.000000
-30 -115 0.000000
-30 -110 0.000000
-30 -105 0.000000
-30 -100 0.000000
-30 -95 0.000000
-30 -90 0.000000
-30 -85 0.000000
-30 -80 0.000000
-30 -75 0.000001
-30 -70 0.006436
-30 -65 0.018176
-30 -60 0.037942
-30 -55 0.063016
-30 -50 0.083813
-30 -45 0.092195
-30 -40 0.085591
-30 -35 0.067907
-30 -30 0.046177
-30 -25 0.024627
-30 -20 0.011557
-30 -15 0.004061
-30 -10 0.000565
-30 -5 0.000000
-30 0 0.000000
-30 5 0.000000
-30 10 0.000000
-30 15 0.000000
-30 20 0.000000
-30 25 0.000000
-30 30 0.000000
-30 35 0.000000
-30 40 0.000000
-30 45 0.000000
-30 50 0.000000
-30 55 0.000000
-30 60 0.000000
-30 65 0.000000
-30 70 0.000000
-30 75 0.000000
-30 80 0.000000
-30 85 0.000000
-30 90 0.003593
-30 95 0.011907
-30 100 0.024090
-30 105 0.041443
-30 110 0.059566
-30 115 0.073275
-30 120 0.081148
-30 125 0.084747
-30 130 0.082465
-30 135 0.072682
-30 140 0.058867
-30 145 0.044178
-30 150 0.028547
-30 155 0.015843
-30 160 0.007708
-30 165 0.003181
-30 170 0.000578
-30 175 0.000056
-25 -180 0.000000
-25 -175 0.000000
-25 -170 0.000000
-25 -165 0.000000
-25 -160 0.000000
-25 -155 0.000000
-25 -150 0.000000
-25 -145 0.000000
-25 -140 0.000000
-25 -135 0.000000
-25 -130 0.000000
-25 -125 0.000000
-25 -120 0.000000
-25 -115 0.000000
-25 -110 0.000000
-25 -105 0.000000
-25 -100 0.000000
-25 -95 0.000000
-25 -90 0.000000
-25 -85 0.000000
-25 -80 0.000000
-25 -75 0.000000
-25 -70 0.002972
-25 -65 0.007504
-25 -60 0.014790
-25 -55 0.022844
-25 -50 0.028087
-25 -45 0.028040
-25 -40 0.023263
-25 -35 0.016436
-25 -30 0.010086
-25 -25 0.004444
-25 -20 0.002144
-25 -15 0.000725
-25 -10 0.000130
-25 -5 0.000000
-25 0 0.000000
-25 5 0.000000
-25 10 0.000000
-25 15 0.000000
-25 20 0.000000
-25 25 0.000000
-25 30 0.000000
-25 35 0.000000
-25 40 0.000000
-25 45 0.000000
-25 50 0.000000
-25 55 0.000000
-25 60 0.000000
-25 65 0.000000
-25 70 0.000000
-25 75 0.000000
-25 80 0.000000
-25 85 0.000000
-25 90 0.003146
-25 95 0.009698
-25 100 0.019276
-25 105 0.032002
-25 110 0.042948
-25 115 0.047904
-25 120 0.046310
-25 125 0.040537
-25 130 0.032415
-25 135 0.022773
-25 140 0.015157
-25 145 0.009992
-25 150 0.005490
-25 155 0.002804
-25 160 0.001410
-25 165 0.000611
-25 170 0.000044
-25 175 0.000000
-20 -180 0.000000
-20 -175 0.000000
-20 -170 0.000000
-20 -165 0.000000
-20 -160 0.000000
-20 -155 0.000000
-20 -150 0.000000
-20 -145 0.000000
-20 -140 0.000000
-20 -135 0.000000
-20 -130 0.000000
-20 -125 0.000000
-20 -120 0.000000
-20 -115 0.000000
-20 -110 0.000000
-20 -105 0.000000
-20 -100 0.000000
-20 -95 0.000000
-20 -90 0.000000
-20 -85 0.000000
-20 -80 0.000000
-20 -75 0.000000
-20 -70 0.001062
-20 -65 0.002570
-20 -60 0.004812
-20 -55 0.007023
-20 -50 0.007990
-20 -45 0.007086
-20 -40 0.004902
-20 -35 0.002645
-20 -30 0.001114
-20 -25 0.000022
-20 -20 0.000000
-20 -15 0.000000
-20 -10 0.000000
-20 -5 0.000000
-20 0 0.000000
-20 5 0.000000
-20 10 0.000000
-20 15 0.000000
-20 20 0.000000
-20 25 0.000000
-20 30 0.000000
-20 35 0.000000
-20 40 0.000000
-20 45 0.000000
-20 50 0.000000
-20 55 0.000000
-20 60 0.000000
-20 65 0.000000
-20 70 0.000000
-20 75 0.000000
-20 80 0.000000
-20 85 0.000000
-20 90 0.002149
-20 95 0.006364
-20 100 0.012531
-20 105 0.020355
-20 110 0.026544
-20 115 0.028443
-20 120 0.026074
-20 125 0.021089
-20 130 0.015254
-20 135 0.009039
-20 140 0.004753
-20 145 0.002282
-20 150 0.000566
-20 155 0.000000
-20 160 0.000000
-20 165 0.000000
-20 170 0.000000
-20 175 0.000000
-15 -180 0.000000
-15 -175 0.000000
-15 -170 0.000000
-15 -165 0.000000
-15 -160 0.000000
-15 -155 0.000000
-15 -150 0.000000
-15 -145 0.000000
-15 -140 0.000000
-15 -135 0.000000
-15 -130 0.000000
-15 -125 0.000000
-15 -120 0.000000
-15 -115 0.000000
-15 -110 0.000000
-15 -105 0.000000
-15 -100 0.000000
-15 -95 0.000000
-15 -90 0.000000
-15 -85 0.000000
-15 -80 0.000000
-15 -75 0.000000
-15 -70 0.000224
-15 -65 0.000543
-15 -60 0.001017
-15 -55 0.001484
-15 -50 0.001688
-15 -45 0.001497
-15 -40 0.001036
-15 -35 0.000559
-15 -30 0.000235
-15 -25 0.000005
-15 -20 0.000000
-15 -15 0.000000
-15 -10 0.000000
-15 -5 0.000000
-15 0 0.000000
-15 5 0.000000
-15 10 0.000000
-15 15 0.000000
-15 20 0.000000
-15 25 0.000000
-15 30 0.000000
-15 35 0.000000
-15 40 0.000000
-15 45 0.000000
-15 50 0.000000
-15 55 0.000000
-15 60 0.000000
-15 65 0.000000
-15 70 0.000000
-15 75 0.000000
-15 80 0.000000
-15 85 0.000000
-15 90 0.001145
-15 95 0.003390
-15 100 0.006675
-15 105 0.010673
-15 110 0.013627
-15 115 0.014139
-15 120 0.012312
-15 125 0.009297
-15 130 0.006246
-15 135 0.003373
-15 140 0.001656
-15 145 0.000795
-15 150 0.000197
-15 155 0.000000
-15 160 0.000000
-15 165 0.000000
-15 170 0.000000
-15 175 0.000000
-10 -180 0.000000
-10 -175 0.000000
-10 -170 0.000000
-10 -165 0.000000
-10 -160 0.000000
-10 -155 0.000000
-10 -150 0.000000
-10 -145 0.000000
-10 -140 0.000000
-10 -135 0.000000
-10 -130 0.000000
-10 -125 0.000000
-10 -120 0.000000
-10 -115 0.000000
-10 -110 0.000000
-10 -105 0.000000
-10 -100 0.000000
-10 -95 0.000000
-10 -90 0.000000
-10 -85 0.000000
-10 -80 0.000000
-10 -75 0.000000
-10 -70 0.000000
-10 -65 0.000000
-10 -60 0.000000
-10 -55 0.000000
-10 -50 0.000000
-10 -45 0.000000
-10 -40 0.000000
-10 -35 0.000000
-10 -30 0.000000
-10 -25 0.000000
-10 -20 0.000000
-10 -15 0.000000
-10 -10 0.000000
-10 -5 0.000000
-10 0 0.000000
-10 5 0.000000
-10 10 0.000000
-10 15 0.000000
-10 20 0.000000
-10 25 0.000000
-10 30 0.000000
-10 35 0.000000
-10 40 0.000000
-10 45 0.000000
-10 50 0.000000
-10 55 0.000000
-10 60 0.000000
-10 65 0.000000
-10 70 0.000000
-10 75 0.000000
-10 80 0.000000
-10 85 0.000000
-10 90 0.000469
-10 95 0.001389
-10 100 0.002735
-10 105 0.004241
-10 110 0.005186
-10 115 0.005008
-10 120 0.003823
-10 125 0.002308
-10 130 0.001102
-10 135 0.000264
-10 140 0.000000
-10 145 0.000000
-10 150 0.000000
-10 155 0.000000
-10 160 0.000000
-10 165 0.000000
-10 170 0.000000
-10 175 0.000000
-5 -180 0.000000
-5 -175 0.000000
-5 -170 0.000000
-5 -165 0.000000
-5 -160 0.000000
-5 -155 0.000000
-5 -150 0.000000
-5 -145 0.000000
-5 -140 0.000000
-5 -135 0.000000
-5 -130 0.000000
-5 -125 0.000000
-5 -120 0.000000
-5 -115 0.000000
-5 -110 0.000000
-5 -105 0.000000
-5 -100 0.000000
-5 -95 0.000000
-5 -90 0.000000
-5 -85 0.000000
-5 -80 0.000000
-5 -75 0.000000
-5 -70 0.000000
-5 -65 0.000000
-5 -60 0.000000
-5 -55 0.000000
-5 -50 0.000000
-5 -45 0.000000
-5 -40 0.000000
-5 -35 0.000000
-5 -30 0.000000
-5 -25 0.000000
-5 -20 0.000000
-5 -15 0.000000
-5 -10 0.000000
-5 -5 0.000000
-5 0 0.000000
-5 5 0.000000
-5 10 0.000000
-5 15 0.000000
-5 20 0.000000
-5 25 0.000000
-5 30 0.000000
-5 35 0.000000
-5 40 0.000000
-5 45 0.000000
-5 50 0.000000
-5 55 0.000000
-5 60 0.000000
-5 65 0.000000
-5 70 0.000000
-5 75 0.000000
-5 80 0.000000
-5 85 0.000000
-5 90 0.000000
-5 95 0.000000
-5 100 0.000000
-5 105 0.000000
-5 110 0.000000
-5 115 0.000000
-5 120 0.000000
-5 125 0.000000
-5 130 0.000000
-5 135 0.000000
-5 140 0.000000
-5 145 0.000000
-5 150 0.000000
-5 155 0.000000
-5 160 0.000000
-5 165 0.000000
-5 170 0.000000
-5 175 0.000000
0 -180 0.000000
0 -175 0.000000
0 -170 0.000000
0 -165 0.000000
0 -160 0.000000
0 -155 0.000000
0 -150 0.000000
0 -145 0.000000
0 -140 0.000000
0 -135 0.000000
0 -130 0.000000
0 -125 0.000000
0 -120 0.000000
0 -115 0.000000
0 -110 0.000000
0 -105 0.000000
0 -100 0.000000
0 -95 0.000000
0 -90 0.000000
0 -85 0.000000
0 -80 0.000000
0 -75 0.000000
0 -70 0.000000
0 -65 0.000000
0 -60 0.000000
0 -55 0.000000
0 -50 0.000000
0 -45 0.000000
0 -40 0.000000
0 -35 0.000000
0 -30 0.000000
0 -25 0.000000
0 -20 0.000000
0 -15 0.000000
0 -10 0.000000
0 -5 0.000000
0 0 0.000000
0 5 0.000000
0 10 0.000000
0 15 0.000000
0 20 0.000000
0 25 0.000000
0 30 0.000000
0 35 0.000000
0 40 0.000000
0 45 0.000000
0 50 0.000000
0 55 0.000000
0 60 0.000000
0 65 0.000000
0 70 0.000000
0 75 0.000000
0 80 0.000000
0 85 0.000000
0 90 0.000000
0 95 0.000000
0 100 0.000000
0 105 0.000000
0 110 0.000000
0 115 0.000000
0 120 0.000000
0 125 0.000000
0 130 0.000000
0 135 0.000000
0 140 0.000000
0 145 0.000000
0 150 0.000000
0 155 0.000000
0 160 0.000000
0 165 0.000000
0 170 0.000000
0 175 0.000000
5 -180 0.000000
5 -175 0.000000
5 -170 0.000000
5 -165 0.000000
5 -160 0.000000
5 -155 0.000000
5 -150 0.000000
5 -145 0.000000
5 -140 0.000000
5 -135 0.000000
5 -130 0.000000
5 -125 0.000000
5 -120 0.000000
5 -115 0.000000
5 -110 0.000000
5 -105 0.000000
5 -100 0.000000
5 -95 0.000000
5 -90 0.000000
5 -85 0.000000
5 -80 0.000000
5 -75 0.000000
5 -70 0.000000
5 -65 0.000000
5 -60 0.000000
5 -55 0.000000
5 -50 0.000000
5 -45 0.000000
5 -40 0.000000
5 -35 0.000000
5 -30 0.000000
5 -25 0.000000
5 -20 0.000000
5 -15 0.000000
5 -10 0.000000
5 -5 0.000000
5 0 0.000000
5 5 0.000000
5 10 0.000000
5 15 0.000000
5 20 0.000000
5 25 0.000000
5 30 0.000000
5 35 0.000000
5 40 0.000000
5 45 0.000000
5 50 0.000000
5 55 0.000000
5 60 0.000000
5 65 0.000000
5 70 0.000000
5 75 0.000000
5 80 0.000000
5 85 0.000000
5 90 0.000000
5 95 0.000000
5 100 0.000000
5 105 0.000000
5 110 0.000000
5 115 0.000000
5 120 0.000000
5 125 0.000000
5 130 0.000000
5 135 0.000000
5 140 0.000000
5 145 0.000000
5 150 0.000000
5 155 0.000000
5 160 0.000000
5 165 0.000000
5 170 0.000000
5 175 0.000000
10 -180 0.000000
10 -175 0.000000
10 -170 0.000000
10 -165 0.000000
10 -160 0.000000
10 -155 0.000000
10 -150 0.000000
10 -145 0.000000
10 -140 0.000000
10 -135 0.000000
10 -130 0.000000
10 -125 0.000000
10 -120 0.000000
10 -115 0.000000
10 -110 0.000000
10 -105 0.000000
10 -100 0.000000
10 -95 0.000000
10 -90 0.000000
10 -85 0.000000
10 -80 0.000000
10 -75 0.000000
10 -70 0.000000
10 -65 0.000000
10 -60 0.000000
10 -55 0.000000
10 -50 0.000000
10 -45 0.000000
10 -40 0.000000
10 -35 0.000000
10 -30 0.000000
10 -25 0.000000
10 -20 0.000000
10 -15 0.000000
10 -10 0.000000
10 -5 0.000000
10 0 0.000000
10 5 0.000000
10 10 0.000000
10 15 0.000000
10 20 0.000000
10 25 0.000000
10 30 0.000000
10 35 0.000000
10 40 0.000000
10 45 0.000000
10 50 0.000000
10 55 0.000000
10 60 0.000000
10 65 0.000000
10 70 0.000000
10 75 0.000000
10 80 0.000000
10 85 0.000000
10 90 0.000000
10 95 0.000000
10 100 0.000000
10 105 0.000000
10 110 0.000000
10 115 0.000000
10 120 0.000000
10 125 0.000000
10 130 0.000000
10 135 0.000000
10 140 0.000000
10 145 0.000000
10 150 0.000000
10 155 0.000000
10 160 0.000000
10 165 0.000000
10 170 0.000000
10 175 0.000000
15 -180 0.000000
15 -175 0.000000
15 -170 0.000000
15 -165 0.000000
15 -160 0.000000
15 -155 0.000000
15 -150 0.000000
15 -145 0.000000
15 -140 0.000000
15 -135 0.000000
15 -130 0.000000
15 -125 0.000000
15 -120 0.000000
15 -115 0.000000
15 -110 0.000000
15 -105 0.000000
15 -100 0.000000
15 -95 0.000000
15 -90 0.000000
15 -85 0.000000
15 -80 0.000000
15 -75 0.000000
15 -70 0.000000
15 -65 0.000000
15 -60 0.000000
15 -55 0.000000
15 -50 0.000000
15 -45 0.000000
15 -40 0.000000
15 -35 0.000000
15 -30 0.000000
15 -25 0.000000
15 -20 0.000000
15 -15 0.000000
15 -10 0.000000
15 -5 0.000000
15 0 0.000000
15 5 0.000000
15 10 0.000000
15 15 0.000000
15 20 0.000000
15 25 0.000000
15 30 0.000037
15 35 0.000754
15 40 0.001914
15 45 0.003589
15 50 0.005296
15 55 0.006154
15 60 0.005634
15 65 0.004067
15 70 0.002318
15 75 0.001032
15 80 0.000153
15 85 0.000000
15 90 0.000000
15 95 0.000000
15 100 0.000000
15 105 0.000000
15 110 0.000000
15 115 0.000000
15 120 0.000000
15 125 0.000000
15 130 0.000000
15 135 0.000000
15 140 0.000000
15 145 0.000000
15 150 0.000000
15 155 0.000000
15 160 0.000000
15 165 0.000000
15 170 0.000000
15 175 0.000000
20 -180 0.000000
20 -175 0.000000
20 -170 0.000000
20 -165 0.000000
20 -160 0.000000
20 -155 0.000000
20 -150 0.000000
20 -145 0.000000
20 -140 0.000000
20 -135 0.000000
20 -130 0.000000
20 -125 0.000000
20 -120 0.000000
20 -115 0.000000
20 -110 0.000000
20 -105 0.000000
20 -100 0.000000
20 -95 0.000000
20 -90 0.000000
20 -85 0.000000
20 -80 0.000000
20 -75 0.000000
20 -70 0.000000
20 -65 0.000000
20 -60 0.000000
20 -55 0.000000
20 -50 0.000000
20 -45 0.000000
20 -40 0.000000
20 -35 0.000000
20 -30 0.000000
20 -25 0.000000
20 -20 0.000000
20 -15 0.000000
20 -10 0.000000
20 -5 0.000000
20 0 0.000000
20 5 0.000000
20 10 0.000000
20 15 0.000000
20 20 0.000000
20 25 0.000000
20 30 0.001160
20 35 0.005415
20 40 0.012128
20 45 0.020923
20 50 0.028700
20 55 0.031413
20 60 0.027474
20 65 0.019232
20 70 0.010798
20 75 0.004498
20 80 0.000824
20 85 0.000087
20 90 0.000000
20 95 0.000000
20 100 0.000000
20 105 0.000000
20 110 0.000000
20 115 0.000000
20 120 0.000000
20 125 0.000000
20 130 0.000000
20 135 0.000000
20 140 0.000000
20 145 0.000000
20 150 0.000000
20 155 0.000000
20 160 0.000000
20 165 0.000000
20 170 0.000000
20 175 0.000000
25 -180 0.000000
25 -175 0.000000
25 -170 0.000000
25 -165 0.000000
25 -160 0.000000
25 -155 0.000000
25 -150 0.000000
25 -145 0.000228
25 -140 0.000991
25 -135 0.002087
25 -130 0.003477
25 -125 0.004579
25 -120 0.004766
25 -115 0.003915
25 -110 0.002535
25 -105 0.001292
25 -100 0.000443
25 -95 0.000000
25 -90 0.000000
25 -85 0.000000
25 -80 0.000000
25 -75 0.000000
25 -70 0.000000
25 -65 0.000000
25 -60 0.000000
25 -55 0.000000
25 -50 0.000000
25 -45 0.000000
25 -40 0.000000
25 -35 0.000000
25 -30 0.000000
25 -25 0.000000
25 -20 0.000000
25 -15 0.000000
25 -10 0.000000
25 -5 0.000000
25 0 0.000000
25 5 0.000000
25 10 0.000000
25 15 0.000000
25 20 0.000000
25 25 0.000017
25 30 0.003087
25 35 0.012890
25 40 0.028568
25 45 0.048816
25 50 0.066448
25 55 0.072473
25 60 0.063486
25 65 0.044783
25 70 0.025502
25 75 0.010774
25 80 0.002366
25 85 0.000321
25 90 0.000000
25 95 0.000000
25 100 0.000000
25 105 0.000000
25 110 0.000000
25 115 0.000000
25 120 0.000000
25 125 0.000000
25 130 0.000000
25 135 0.000000
25 140 0.000000
25 145 0.000000
25 150 0.000000
25 155 0.000000
25 160 0.000000
25 165 0.000000
25 170 0.000000
25 175 0.000000
30 -180 0.000000
30 -175 0.000000
30 -170 0.000000
30 -165 0.000000
30 -160 0.000000
30 -155 0.000000
30 -150 0.000000
30 -145 0.000579
30 -140 0.002513
30 -135 0.005292
30 -130 0.008814
30 -125 0.011609
30 -120 0.012083
30 -115 0.009926
30 -110 0.006427
30 -105 0.003276
30 -100 0.001124
30 -95 0.000000
30 -90 0.000000
30 -85 0.000000
30 -80 0.000000
30 -75 0.000000
30 -70 0.000000
30 -65 0.000000
30 -60 0.000000
30 -55 0.000000
30 -50 0.000000
30 -45 0.000000
30 -40 0.000000
30 -35 0.000000
30 -30 0.000000
30 -25 0.000000
30 -20 0.000000
30 -15 0.000000
30 -10 0.000000
30 -5 0.000000
30 0 0.000005
30 5 0.000068
30 10 0.000483
30 15 0.002034
30 20 0.005217
30 25 0.010137
30 30 0.023021
30 35 0.046974
30 40 0.079498
30 45 0.116213
30 50 0.143780
30 55 0.147623
30 60 0.124245
30 65 0.085422
30 70 0.047930
30 75 0.019660
30 80 0.004648
30 85 0.000682
30 90 0.000000
30 95 0.000000
30 100 0.000000
30 105 0.000000
30 110 0.000000
30 115 0.000000
30 120 0.000000
30 125 0.000000
30 130 0.000000
30 135 0.000000
30 140 0.000000
30 145 0.000000
30 150 0.000000
30 155 0.000000
30 160 0.000000
30 165 0.000000
30 170 0.000000
30 175 0.000000
35 -180 0.000000
35 -175 0.000000
35 -170 0.000000
35 -165 0.000000
35 -160 0.000000
35 -155 0.000000
35 -150 0.000000
35 -145 0.001098
35 -140 0.004767
35 -135 0.010038
35 -130 0.016719
35 -125 0.022021
35 -120 0.022918
35 -115 0.018827
35 -110 0.012191
35 -105 0.006214
35 -100 0.002132
35 -95 0.000000
35 -90 0.000000
35 -85 0.000000
35 -80 0.000000
35 -75 0.000000
35 -70 0.000000
35 -65 0.000000
35 -60 0.000000
35 -55 0.000000
35 -50 0.000000
35 -45 0.000000
35 -40 0.000000
35 -35 0.000000
35 -30 0.000000
35 -25 0.000000
35 -20 0.000000
35 -15 0.000000
35 -10 0.000005
35 -5 0.000023
35 0 0.000537
35 5 0.002392
35 10 0.006755
35 15 0.016925
35 20 0.034930
35 25 0.059944
35 30 0.099150
35 35 0.150036
35 40 0.204458
35 45 0.251915
35 50 0.275240
35 55 0.260015
35 60 0.207152
35 65 0.137459
35 70 0.075636
35 75 0.030686
35 80 0.007922
35 85 0.001207
35 90 0.000000
35 95 0.000000
35 100 0.000000
35 105 0.000000
35 110 0.000000
35 115 0.000000
35 120 0.000000
35 125 0.000000
35 130 0.000000
35 135 0.000000
35 140 0.000000
35 145 0.000000
35 150 0.000000
35 155 0.000000
35 160 0.000000
35 165 0.000000
35 170 0.000000
35 175 0.000000
40 -180 0.000000
40 -175 0.000000
40 -170 0.000000
40 -165 0.000000
40 -160 0.000000
40 -155 0.000000
40 -150 0.000000
40 -145 0.001629
40 -140 0.007070
40 -135 0.014887
40 -130 0.024796
40 -125 0.032659
40 -120 0.033990
40 -115 0.027923
40 -110 0.018081
40 -105 0.009215
40 -100 0.003162
40 -95 0.000000
40 -90 0.000000
40 -85 0.000000
40 -80 0.000000
40 -75 0.000000
40 -70 0.000000
40 -65 0.000000
40 -60 0.000000
40 -55 0.000000
40 -50 0.000000
40 -45 0.000000
40 -40 0.000000
40 -35 0.000000
40 -30 0.000000
40 -25 0.000000
40 -20 0.000000
40 -15 0.000000
40 -10 0.000283
40 -5 0.001180
40 0 0.005173
40 5 0.014842
40 10 0.032006
40 15 0.065181
40 20 0.117131
40 25 0.184425
40 30 0.271550
40 35 0.363063
40 40 0.438797
40 45 0.478843
40 50 0.468685
40 55 0.405600
40 60 0.301803
40 65 0.191093
40 70 0.102794
40 75 0.042140
40 80 0.012776
40 85 0.002971
40 90 0.000665
40 95 0.000235
40 100 0.000000
40 105 0.000000
40 110 0.000000
40 115 0.000000
40 120 0.000000
40 125 0.000000
40 130 0.000000
40 135 0.000000
40 140 0.000000
40 145 0.000000
40 150 0.000000
40 155 0.000000
40 160 0.000000
40 165 0.000000
40 170 0.000000
40 175 0.000000
45 -180 0.000000
45 -175 0.000000
45 -170 0.000000
45 -165 0.000000
45 -160 0.000000
45 -155 0.000000
45 -150 0.000000
45 -145 0.001891
45 -140 0.008207
45 -135 0.017280
45 -130 0.028781
45 -125 0.037908
45 -120 0.039453
45 -115 0.032410
45 -110 0.020987
45 -105 0.010696
45 -100 0.003671
45 -95 0.000000
45 -90 0.000000
45 -85 0.000000
45 -80 0.000000
45 -75 0.000000
45 -70 0.000000
45 -65 0.000000
45 -60 0.000000
45 -55 0.000000
45 -50 0.000000
45 -45 0.000000
45 -40 0.000000
45 -35 0.000000
45 -30 0.000000
45 -25 0.000000
45 -20 0.000000
45 -15 0.000142
45 -10 0.001782
45 -5 0.005290
45 0 0.017367
45 5 0.042811
45 10 0.083807
45 15 0.154647
45 20 0.258500
45 25 0.386703
45 30 0.535253
45 35 0.671432
45 40 0.759130
45 45 0.767087
45 50 0.692333
45 55 0.555957
45 60 0.387775
45 65 0.234054
45 70 0.123722
45 75 0.053197
45 80 0.019769
45 85 0.006675
45 90 0.002441
45 95 0.000863
45 100 0.000000
45 105 0.000000
45 110 0.000000
45 115 0.000000
45 120 0.000000
45 125 0.000000
45 130 0.000000
45 135 0.000000
45 140 0.000000
45 145 0.000000
45 150 0.000000
45 155 0.000000
45 160 0.000000
45 165 0.000000
45 170 0.000000
45 175 0.000000
50 -180 0.000000
50 -175 0.000000
50 -170 0.000000
50 -165 0.000000
50 -160 0.000000
50 -155 0.000000
50 -150 0.000000
50 -145 0.001720
50 -140 0.007463
50 -135 0.015715
50 -130 0.026174
50 -125 0.034474
50 -120 0.035880
50 -115 0.029475
50 -110 0.019086
50 -105 0.009728
50 -100 0.003338
50 -95 0.000000
50 -90 0.000000
50 -85 0.000230
50 -80 0.001039
50 -75 0.002200
50 -70 0.003684
50 -65 0.004879
50 -60 0.005103
50 -55 0.004211
50 -50 0.002738
50 -45 0.001400
50 -40 0.000488
50 -35 0.000000
50 -30 0.000000
50 -25 0.000000
50 -20 0.000000
50 -15 0.000641
50 -10 0.006291
50 -5 0.016531
50 0 0.044392
50 5 0.096325
50 10 0.172440
50 15 0.291048
50 20 0.454423
50 25 0.647463
50 30 0.853395
50 35 1.023445
50 40 1.106535
50 45 1.061182
50 50 0.902792
50 55 0.682843
50 60 0.449833
50 65 0.259362
50 70 0.135109
50 75 0.062192
50 80 0.027402
50 85 0.011642
50 90 0.005021
50 95 0.001772
50 100 0.000000
50 105 0.000000
50 110 0.000000
50 115 0.000000
50 120 0.000000
50 125 0.000000
50 130 0.000000
50 135 0.000000
50 140 0.000000
50 145 0.000000
50 150 0.000000
50 155 0.000000
50 160 0.000000
50 165 0.000000
50 170 0.000000
50 175 0.000000
55 -180 0.000000
55 -175 0.000000
55 -170 0.000000
55 -165 0.000000
55 -160 0.000000
55 -155 0.000000
55 -150 0.000000
55 -145 0.001227
55 -140 0.005325
55 -135 0.011211
55 -130 0.018673
55 -125 0.024595
55 -120 0.025597
55 -115 0.021028
55 -110 0.013616
55 -105 0.006940
55 -100 0.002382
55 -95 0.000000
55 -90 0.000000
55 -85 0.000566
55 -80 0.002962
55 -75 0.006653
55 -70 0.011525
55 -65 0.015848
55 -60 0.017299
55 -55 0.014985
55 -50 0.010302
55 -45 0.006049
55 -40 0.003415
55 -35 0.002518
55 -30 0.003407
55 -25 0.004057
55 -20 0.003980
55 -15 0.005225
55 -10 0.017111
55 -5 0.038000
55 0 0.087281
55 5 0.170610
55 10 0.282820
55 15 0.441723
55 20 0.648055
55 25 0.881690
55 30 1.114315
55 35 1.290087
55 40 1.350875
55 45 1.249998
55 50 1.021283
55 55 0.740988
55 60 0.469695
55 65 0.264397
55 70 0.140094
55 75 0.072204
55 80 0.037274
55 85 0.018550
55 90 0.008434
55 95 0.002875
55 100 0.000000
55 105 0.000000
55 110 0.000000
55 115 0.000000
55 120 0.000704
55 125 0.001717
55 130 0.003224
55 135 0.004719
55 140 0.005390
55 145 0.004805
55 150 0.003344
55 155 0.001819
55 160 0.000774
55 165 0.000029
55 170 0.000000
55 175 0.000000
60 -180 0.000000
60 -175 0.000000
60 -170 0.000000
60 -165 0.000000
60 -160 0.000000
60 -155 0.000000
60 -150 0.000000
60 -145 0.000688
60 -140 0.002984
60 -135 0.006283
60 -130 0.010465
60 -125 0.013784
60 -120 0.014345
60 -115 0.011785
60 -110 0.007631
60 -105 0.003889
60 -100 0.001335
60 -95 0.000000
60 -90 0.000000
60 -85 0.001064
60 -80 0.005837
60 -75 0.013329
60 -70 0.023291
60 -65 0.032331
60 -60 0.035647
60 -55 0.031217
60 -50 0.021713
60 -45 0.013176
60 -40 0.008124
60 -35 0.006868
60 -30 0.009371
60 -25 0.011157
60 -20 0.010904
60 -15 0.012643
60 -10 0.031829
60 -5 0.064901
60 0 0.135336
60 5 0.245032
60 10 0.381410
60 15 0.555507
60 20 0.767080
60 25 0.994955
60 30 1.205628
60 35 1.348585
60 40 1.373515
60 45 1.235768
60 50 0.979917
60 55 0.690252
60 60 0.427552
60 65 0.239638
60 70 0.132323
60 75 0.076895
60 80 0.044587
60 85 0.024231
60 90 0.011150
60 95 0.003689
60 100 0.000000
60 105 0.000000
60 110 0.000000
60 115 0.000000
60 120 0.001717
60 125 0.004191
60 130 0.007867
60 135 0.011518
60 140 0.013155
60 145 0.011726
60 150 0.008162
60 155 0.004440
60 160 0.001889
60 165 0.000072
60 170 0.000000
60 175 0.000000
65 -180 0.000000
65 -175 0.000000
65 -170 0.000000
65 -165 0.000000
65 -160 0.000000
65 -155 0.000000
65 -150 0.000000
65 -145 0.000303
65 -140 0.001316
65 -135 0.002770
65 -130 0.004614
65 -125 0.006077
65 -120 0.006325
65 -115 0.005196
65 -110 0.003364
65 -105 0.001715
65 -100 0.000588
65 -95 0.000000
65 -90 0.000000
65 -85 0.001563
65 -80 0.009010
65 -75 0.020916
65 -70 0.036867
65 -65 0.051643
65 -60 0.057487
65 -55 0.050855
65 -50 0.035751
65 -45 0.022259
65 -40 0.014566
65 -35 0.013270
65 -30 0.018143
65 -25 0.021600
65 -20 0.021090
65 -15 0.022961
65 -10 0.048147
65 -5 0.091349
65 0 0.175235
65 5 0.295668
65 10 0.432665
65 15 0.587175
65 20 0.760663
65 25 0.936750
65 30 1.084767
65 35 1.168790
65 40 1.157625
65 45 1.015343
65 50 0.785992
65 55 0.542852
65 60 0.335187
65 65 0.193097
65 70 0.114963
65 75 0.075094
65 80 0.046982
65 85 0.026509
65 90 0.011912
65 95 0.003745
65 100 0.000000
65 105 0.000000
65 110 0.000000
65 115 0.000000
65 120 0.003224
65 125 0.007867
65 130 0.014769
65 135 0.021623
65 140 0.024695
65 145 0.022013
65 150 0.015323
65 155 0.008335
65 160 0.003546
65 165 0.000134
65 170 0.000000
65 175 0.000000
70 -180 0.000000
70 -175 0.000000
70 -170 0.000000
70 -165 0.000000
70 -160 0.000000
70 -155 0.000000
70 -150 0.000000
70 -145 0.000031
70 -140 0.000135
70 -135 0.000285
70 -130 0.000474
70 -125 0.000624
70 -120 0.000650
70 -115 0.000534
70 -110 0.000346
70 -105 0.000176
70 -100 0.000060
70 -95 0.000000
70 -90 0.000000
70 -85 0.001792
70 -80 0.010984
70 -75 0.025983
70 -70 0.046241
70 -65 0.065418
70 -60 0.073573
70 -55 0.065779
70 -50 0.046753
70 -45 0.029892
70 -40 0.020717
70 -35 0.020128
70 -30 0.027585
70 -25 0.032841
70 -20 0.032030
70 -15 0.033258
70 -10 0.059776
70 -5 0.106031
70 0 0.189106
70 5 0.299525
70 10 0.413137
70 15 0.522898
70 20 0.633997
70 25 0.738492
70 30 0.814615
70 35 0.842597
70 40 0.811070
70 45 0.695582
70 50 0.529770
70 55 0.364108
70 60 0.230966
70 65 0.142560
70 70 0.093817
70 75 0.066816
70 80 0.043246
70 85 0.024447
70 90 0.010399
70 95 0.003005
70 100 0.000000
70 105 0.000000
70 110 0.000000
70 115 0.000000
70 120 0.004719
70 125 0.011518
70 130 0.021623
70 135 0.031655
70 140 0.036154
70 145 0.032227
70 150 0.022433
70 155 0.012203
70 160 0.005191
70 165 0.000197
70 170 0.000000
70 175 0.000000
75 -180 0.000000
75 -175 0.000000
75 -170 0.000000
75 -165 0.000000
75 -160 0.000000
75 -155 0.000000
75 -150 0.000000
75 -145 0.000000
75 -140 0.000000
75 -135 0.000000
75 -130 0.000000
75 -125 0.000000
75 -120 0.000000
75 -115 0.000000
75 -110 0.000000
75 -105 0.000000
75 -100 0.000000
75 -95 0.000000
75 -90 0.000000
75 -85 0.001606
75 -80 0.010601
75 -75 0.025612
75 -70 0.046056
75 -65 0.065846
75 -60 0.074848
75 -55 0.067645
75 -50 0.048607
75 -45 0.031923
75 -40 0.023369
75 -35 0.024000
75 -30 0.032985
75 -25 0.039270
75 -20 0.038250
75 -15 0.038289
75 -10 0.060515
75 -5 0.100848
75 0 0.168925
75 5 0.253258
75 10 0.330612
75 15 0.391062
75 20 0.442585
75 25 0.484887
75 30 0.505732
75 35 0.497720
75 40 0.462260
75 45 0.385880
75 50 0.289463
75 55 0.200741
75 60 0.136061
75 65 0.094553
75 70 0.070085
75 75 0.053175
75 80 0.034709
75 85 0.019180
75 90 0.007521
75 95 0.001905
75 100 0.000000
75 105 0.000000
75 110 0.000000
75 115 0.000000
75 120 0.005390
75 125 0.013155
75 130 0.024695
75 135 0.036154
75 140 0.041292
75 145 0.036807
75 150 0.025621
75 155 0.013937
75 160 0.005929
75 165 0.000225
75 170 0.000000
75 175 0.000000
80 -180 0.000000
80 -175 0.000000
80 -170 0.000000
80 -165 0.000000
80 -160 0.000000
80 -155 0.000000
80 -150 0.000000
80 -145 0.000000
80 -140 0.000000
80 -135 0.000000
80 -130 0.000000
80 -125 0.000000
80 -120 0.000000
80 -115 0.000000
80 -110 0.000000
80 -105 0.000000
80 -100 0.000000
80 -95 0.000000
80 -90 0.000000
80 -85 0.001125
80 -80 0.008123
80 -75 0.020078
80 -70 0.036500
80 -65 0.052753
80 -60 0.060612
80 -55 0.055364
80 -50 0.040203
80 -45 0.027120
80 -40 0.020905
80 -35 0.022532
80 -30 0.031066
80 -25 0.036985
80 -20 0.035971
80 -15 0.034969
80 -10 0.049645
80 -5 0.078071
80 0 0.123737
80 5 0.176588
80 10 0.218631
80 15 0.241533
80 20 0.253255
80 25 0.257745
80 30 0.250665
80 35 0.230941
80 40 0.204355
80 45 0.165079
80 50 0.122799
80 55 0.088505
80 60 0.067967
80 65 0.055574
80 70 0.046279
80 75 0.036385
80 80 0.023729
80 85 0.012780
80 90 0.004563
80 95 0.000953
80 100 0.000000
80 105 0.000000
80 110 0.000000
80 115 0.000000
80 120 0.004805
80 125 0.011726
80 130 0.022013
80 135 0.032227
80 140 0.036807
80 145 0.032809
80 150 0.022838
80 155 0.012423
80 160 0.005285
80 165 0.000200
80 170 0.000000
80 175 0.000000
85 -180 0.000000
85 -175 0.000000
85 -170 0.000000
85 -165 0.000000
85 -160 0.000000
85 -155 0.000000
85 -150 0.000000
85 -145 0.000000
85 -140 0.000000
85 -135 0.000000
85 -130 0.000000
85 -125 0.000000
85 -120 0.000000
85 -115 0.000000
85 -110 0.000000
85 -105 0.000000
85 -100 0.000000
85 -95 0.000000
85 -90 0.000000
85 -85 0.000617
85 -80 0.004954
85 -75 0.012543
85 -70 0.023058
85 -65 0.033686
85 -60 0.039111
85 -55 0.036090
85 -50 0.026466
85 -45 0.018330
85 -40 0.014832
85 -35 0.016679
85 -30 0.023078
85 -25 0.027475
85 -20 0.026678
85 -15 0.025310
85 -10 0.032745
85 -5 0.048545
85 0 0.072740
85 5 0.098701
85 10 0.115538
85 15 0.118088
85 20 0.112839
85 25 0.104136
85 30 0.091195
85 35 0.074975
85 40 0.060441
85 45 0.045806
85 50 0.034151
85 55 0.027874
85 60 0.027862
85 65 0.028220
85 70 0.025988
85 75 0.020699
85 80 0.013239
85 85 0.006792
85 90 0.002122
85 95 0.000299
85 100 0.000000
85 105 0.000000
85 110 0.000000
85 115 0.000000
85 120 0.003344
85 125 0.008162
85 130 0.015323
85 135 0.022433
85 140 0.025621
85 145 0.022838
85 150 0.015898
85 155 0.008647
85 160 0.003679
85 165 0.000139
85 170 0.000000
85 175 0.000000
90 -180 0.000000
90 -175 0.000000
90 -170 0.000000
90 -165 0.000000
90 -160 0.000000
90 -155 0.000000
90 -150 0.000000
90 -145 0.000000
90 -140 0.000000
90 -135 0.000000
90 -130 0.000000
90 -125 0.000000
90 -120 0.000000
90 -115 0.000000
90 -110 0.000000
90 -105 0.000000
90 -100 0.000000
90 -95 0.000000
90 -90 0.000000
90 -85 0.000265
90 -80 0.002411
90 -75 0.006256
90 -70 0.011627
90 -65 0.017163
90 -60 0.020125
90 -55 0.018745
90 -50 0.013870
90 -45 0.009857
90 -40 0.008348
90 -35 0.009747
90 -30 0.013540
90 -25 0.016119
90 -20 0.015624
90 -15 0.014467
90 -10 0.017049
90 -5 0.023769
90 0 0.033645
90 5 0.043493
90 10 0.047960
90 15 0.045250
90 20 0.038946
90 25 0.032058
90 30 0.024918
90 35 0.017931
90 40 0.012821
90 45 0.009310
90 50 0.007895
90 55 0.008706
90 60 0.011365
90 65 0.013022
90 70 0.012254
90 75 0.009402
90 80 0.005707
90 85 0.002740
90 90 0.000680
90 95 0.000000
90 100 0.000000
90 105 0.000000
90 110 0.000000
90 115 0.000000
90 120 0.001819
90 125 0.004440
90 130 0.008335
90 135 0.012203
90 140 0.013937
90 145 0.012423
90 150 0.008647
90 155 0.004704
90 160 0.002001
90 165 0.000076
90 170 0.000000
90 175 0.000000
95 -180 0.000000
95 -175 0.000000
95 -170 0.000000
95 -165 0.000000
95 -160 0.000000
95 -155 0.000000
95 -150 0.000000
95 -145 0.000000
95 -140 0.000000
95 -135 0.000000
95 -130 0.000000
95 -125 0.000000
95 -120 0.000000
95 -115 0.000000
95 -110 0.000000
95 -105 0.000000
95 -100 0.000000
95 -95 0.000000
95 -90 0.000000
95 -85 0.000015
95 -80 0.000601
95 -75 0.001780
95 -70 0.003488
95 -65 0.005398
95 -60 0.006604
95 -55 0.006392
95 -50 0.004898
95 -45 0.003762
95 -40 0.003570
95 -35 0.004502
95 -30 0.006279
95 -25 0.007476
95 -20 0.007232
95 -15 0.006484
95 -10 0.006538
95 -5 0.008013
95 0 0.010178
95 5 0.012037
95 10 0.011917
95 15 0.009687
95 20 0.006695
95 25 0.004099
95 30 0.002246
95 35 0.001209
95 40 0.000724
95 45 0.000829
95 50 0.001505
95 55 0.002705
95 60 0.004211
95 65 0.005174
95 70 0.005021
95 75 0.003853
95 80 0.002338
95 85 0.001123
95 90 0.000279
95 95 0.000000
95 100 0.000000
95 105 0.000000
95 110 0.000000
95 115 0.000000
95 120 0.000774
95 125 0.001889
95 130 0.003546
95 135 0.005191
95 140 0.005929
95 145 0.005285
95 150 0.003679
95 155 0.002001
95 160 0.000851
95 165 0.000032
95 170 0.000000
95 175 0.000000
100 -180 0.000000
100 -175 0.000000
100 -170 0.000000
100 -165 0.000000
100 -160 0.000000
100 -155 0.000000
100 -150 0.000000
100 -145 0.000000
100 -140 0.000000
100 -135 0.000000
100 -130 0.000000
100 -125 0.000000
100 -120 0.000000
100 -115 0.000000
100 -110 0.000000
100 -105 0.000000
100 -100 0.000000
100 -95 0.000000
100 -90 0.000000
100 -85 0.000000
100 -80 0.000055
100 -75 0.000169
100 -70 0.000334
100 -65 0.000523
100 -60 0.000645
100 -55 0.000629
100 -50 0.000485
100 -45 0.000447
100 -40 0.000552
100 -35 0.000827
100 -30 0.001197
100 -25 0.001425
100 -20 0.001356
100 -15 0.001091
100 -10 0.000800
100 -5 0.000648
100 0 0.000563
100 5 0.000547
100 10 0.000457
100 15 0.000301
100 20 0.000155
100 25 0.000056
100 30 0.000000
100 35 0.000000
100 40 0.000000
100 45 0.000000
100 50 0.000000
100 55 0.000000
100 60 0.000000
100 65 0.000000
100 70 0.000000
100 75 0.000000
100 80 0.000000
100 85 0.000000
100 90 0.000000
100 95 0.000000
100 100 0.000000
100 105 0.000000
100 110 0.000000
100 115 0.000000
100 120 0.000029
100 125 0.000072
100 130 0.000134
100 135 0.000197
100 140 0.000225
100 145 0.000200
100 150 0.000139
100 155 0.000076
100 160 0.000032
100 165 0.000001
100 170 0.000000
100 175 0.000000
105 -180 0.000000
105 -175 0.000000
105 -170 0.000000
105 -165 0.000000
105 -160 0.000000
105 -155 0.000000
105 -150 0.000000
105 -145 0.000000
105 -140 0.000000
105 -135 0.000000
105 -130 0.000000
105 -125 0.000000
105 -120 0.000000
105 -115 0.000000
105 -110 0.000000
105 -105 0.000000
105 -100 0.000000
105 -95 0.000000
105 -90 0.000000
105 -85 0.000000
105 -80 0.000000
105 -75 0.000000
105 -70 0.000000
105 -65 0.000000
105 -60 0.000000
105 -55 0.000000
105 -50 0.000000
105 -45 0.000000
105 -40 0.000000
105 -35 0.000000
105 -30 0.000000
105 -25 0.000000
105 -20 0.000000
105 -15 0.000000
105 -10 0.000000
105 -5 0.000000
105 0 0.000000
105 5 0.000000
105 10 0.000000
105 15 0.000000
105 20 0.000000
105 25 0.000000
105 30 0.000000
105 35 0.000000
105 40 0.000000
105 45 0.000000
105 50 0.000000
105 55 0.000000
105 60 0.000000
105 65 0.000000
105 70 0.000000
105 75 0.000000
105 80 0.000000
105 85 0.000000
105 90 0.000000
105 95 0.000000
105 100 0.000000
105 105 0.000000
105 110 0.000000
105 115 0.000000
105 120 0.000000
105 125 0.000000
105 130 0.000000
105 135 0.000000
105 140 0.000000
105 145 0.000000
105 150 0.000000
105 155 0.000000
105 160 0.000000
105 165 0.000000
105 170 0.000000
105 175 0.000000
110 -180 0.000000
110 -175 0.000000
110 -170 0.000000
110 -165 0.000000
110 -160 0.000000
110 -155 0.000000
110 -150 0.000000
110 -145 0.000000
110 -140 0.000000
110 -135 0.000000
110 -130 0.000000
110 -125 0.000000
110 -120 0.000000
110 -115 0.000000
110 -110 0.000000
110 -105 0.000000
110 -100 0.000000
110 -95 0.000000
110 -90 0.000000
110 -85 0.000000
110 -80 0.000000
110 -75 0.000000
110 -70 0.000000
110 -65 0.000000
110 -60 0.000000
110 -55 0.000000
110 -50 0.000000
110 -45 0.000000
110 -40 0.000000
110 -35 0.000000
110 -30 0.000000
110 -25 0.000000
110 -20 0.000000
110 -15 0.000000
110 -10 0.000000
110 -5 0.000000
110 0 0.000000
110 5 0.000000
110 10 0.000000
110 15 0.000000
110 20 0.000000
110 25 0.000000
110 30 0.000000
110 35 0.000000
110 40 0.000000
110 45 0.000000
110 50 0.000000
110 55 0.000000
110 60 0.000000
110 65 0.000000
110 70 0.000000
110 75 0.000000
110 80 0.000000
110 85 0.000000
110 90 0.000000
110 95 0.000000
110 100 0.000000
110 105 0.000000
110 110 0.000000
110 115 0.000000
110 120 0.000000
110 125 0.000000
110 130 0.000000
110 135 0.000000
110 140 0.000000
110 145 0.000000
110 150 0.000000
110 155 0.000000
110 160 0.000000
110 165 0.000000
110 170 0.000000
110 175 0.000000
115 -180 0.000000
115 -175 0.000000
115 -170 0.000000
115 -165 0.000000
115 -160 0.000000
115 -155 0.000000
115 -150 0.000000
115 -145 0.000000
115 -140 0.000000
115 -135 0.000000
115 -130 0.000000
115 -125 0.000000
115 -120 0.000000
115 -115 0.000000
115 -110 0.000000
115 -105 0.000000
115 -100 0.000000
115 -95 0.000000
115 -90 0.000000
115 -85 0.000000
115 -80 0.000000
115 -75 0.000000
115 -70 0.000000
115 -65 0.000000
115 -60 0.000000
115 -55 0.000000
115 -50 0.000000
115 -45 0.000000
115 -40 0.000000
115 -35 0.000000
115 -30 0.000000
115 -25 0.000000
115 -20 0.000000
115 -15 0.000000
115 -10 0.000000
115 -5 0.000000
115 0 0.000000
115 5 0.000000
115 10 0.000000
115 15 0.000000
115 20 0.000000
115 25 0.000000
115 30 0.000000
115 35 0.000000
115 40 0.000000
115 45 0.000000
115 50 0.000000
115 55 0.000000
115 60 0.000000
115 65 0.000000
115 70 0.000000
115 75 0.000000
115 80 0.000000
115 85 0.000000
115 90 0.000000
115 95 0.000000
115 100 0.000000
115 105 0.000000
115 110 0.000000
115 115 0.000000
115 120 0.000000
115 125 0.000000
115 130 0.000000
115 135 0.000000
115 140 0.000000
115 145 0.000000
115 150 0.000000
115 155 0.000000
115 160 0.000000
115 165 0.000000
115 170 0.000000
115 175 0.000000
120 -180 0.000000
120 -175 0.000000
120 -170 0.000000
120 -165 0.000000
120 -160 0.000000
120 -155 0.000000
120 -150 0.000000
120 -145 0.000000
120 -140 0.000000
120 -135 0.000000
120 -130 0.000000
120 -125 0.000000
120 -120 0.000000
120 -115 0.000000
120 -110 0.000000
120 -105 0.000000
120 -100 0.000000
120 -95 0.000000
120 -90 0.000000
120 -85 0.000000
120 -80 0.000000
120 -75 0.000000
120 -70 0.000000
120 -65 0.000000
120 -60 0.000000
120 -55 0.000000
120 -50 0.000000
120 -45 0.000000
120 -40 0.000000
120 -35 0.000000
120 -30 0.000000
120 -25 0.000000
120 -20 0.000000
120 -15 0.000000
120 -10 0.000000
120 -5 0.000000
120 0 0.000000
120 5 0.000000
120 10 0.000000
120 15 0.000000
120 20 0.000000
120 25 0.000000
120 30 0.000000
120 35 0.000000
120 40 0.000000
120 45 0.000000
120 50 0.000000
120 55 0.000000
120 60 0.000000
120 65 0.000000
120 70 0.000000
120 75 0.000000
120 80 0.000000
120 85 0.000000
120 90 0.000000
120 95 0.000000
120 100 0.000000
120 105 0.000000
120 110 0.000000
120 115 0.000000
120 120 0.000000
120 125 0.000000
120 130 0.000000
120 135 0.000000
120 140 0.000000
120 145 0.000000
120 150 0.000000
120 155 0.000000
120 160 0.000000
120 165 0.000000
120 170 0.000000
120 175 0.000000
125 -180 0.000000
125 -175 0.000000
125 -170 0.000000
125 -165 0.000000
125 -160 0.000000
125 -155 0.000000
125 -150 0.000000
125 -145 0.000000
125 -140 0.000000
125 -135 0.000000
125 -130 0.000000
125 -125 0.000000
125 -120 0.000000
125 -115 0.000000
125 -110 0.000000
125 -105 0.000000
125 -100 0.000000
125 -95 0.000000
125 -90 0.000000
125 -85 0.000000
125 -80 0.000000
125 -75 0.000000
125 -70 0.000000
125 -65 0.000000
125 -60 0.000000
125 -55 0.000000
125 -50 0.000000
125 -45 0.000000
125 -40 0.000000
125 -35 0.000000
125 -30 0.000000
125 -25 0.000000
125 -20 0.000000
125 -15 0.000000
125 -10 0.000000
125 -5 0.000000
125 0 0.000000
125 5 0.000000
125 10 0.000000
125 15 0.000000
125 20 0.000000
125 25 0.000000
125 30 0.000000
125 35 0.000000
125 40 0.000000
125 45 0.000000
125 50 0.000000
125 55 0.000000
125 60 0.000000
125 65 0.000000
125 70 0.000000
125 75 0.000000
125 80 0.000000
125 85 0.000000
125 90 0.000000
125 95 0.000000
125 100 0.000000
125 105 0.000000
125 110 0.000000
125 115 0.000000
125 120 0.000000
125 125 0.000000
125 130 0.000000
125 135 0.000000
125 140 0.000000
125 145 0.000000
125 150 0.000000
125 155 0.000000
125 160 0.000000
125 165 0.000000
125 170 0.000000
125 175 0.000000
130 -180 0.000000
130 -175 0.000000
130 -170 0.000000
130 -165 0.000000
130 -160 0.000000
130 -155 0.000000
130 -150 0.000000
130 -145 0.000000
130 -140 0.000000
130 -135 0.000000
130 -130 0.000000
130 -125 0.000000
130 -120 0.000000
130 -115 0.000000
130 -110 0.000000
130 -105 0.000000
130 -100 0.000000
130 -95 0.000000
130 -90 0.000000
130 -85 0.000000
130 -80 0.000000
130 -75 0.000000
130 -70 0.000000
130 -65 0.000000
130 -60 0.000000
130 -55 0.000000
130 -50 0.000000
130 -45 0.000000
130 -40 0.000000
130 -35 0.000000
130 -30 0.000000
130 -25 0.000000
130 -20 0.000000
130 -15 0.000000
130 -10 0.000000
130 -5 0.000000
130 0 0.000000
130 5 0.000000
130 10 0.000000
130 15 0.000000
130 20 0.000000
130 25 0.000000
130 30 0.000000
130 35 0.000000
130 40 0.000000
130 45 0.000000
130 50 0.000000
130 55 0.000000
130 60 0.000000
130 65 0.000000
130 70 0.000000
130 75 0.000000
130 80 0.000000
130 85 0.000000
130 90 0.000000
130 95 0.000000
130 100 0.000000
130 105 0.000000
130 110 0.000000
130 115 0.000000
130 120 0.000000
130 125 0.000000
130 130 0.000000
130 135 0.000000
130 140 0.000000
130 145 0.000000
130 150 0.000000
130 155 0.000000
130 160 0.000000
130 165 0.000000
130 170 0.000000
130 175 0.000000
135 -180 0.000000
135 -175 0.000000
135 -170 0.000000
135 -165 0.000000
135 -160 0.000000
135 -155 0.000000
135 -150 0.000000
135 -145 0.000000
135 -140 0.000000
135 -135 0.000000
135 -130 0.000000
135 -125 0.000000
135 -120 0.000000
135 -115 0.000000
135 -110 0.000000
135 -105 0.000000
135 -100 0.000000
135 -95 0.000000
135 -90 0.000000
135 -85 0.000000
135 -80 0.000000
135 -75 0.000000
135 -70 0.000000
135 -65 0.000000
135 -60 0.000000
135 -55 0.000000
135 -50 0.000000
135 -45 0.000000
135 -40 0.000000
135 -35 0.000000
135 -30 0.000000
135 -25 0.000000
135 -20 0.000000
135 -15 0.000000
135 -10 0.000000
135 -5 0.000000
135 0 0.000000
135 5 0.000000
135 10 0.000000
135 15 0.000000
135 20 0.000000
135 25 0.000000
135 30 0.000000
135 35 0.000000
135 40 0.000000
135 45 0.000000
135 50 0.000000
135 55 0.000000
135 60 0.000000
135 65 0.000000
135 70 0.000000
135 75 0.000000
135 80 0.000000
135 85 0.000000
135 90 0.000000
135 95 0.000000
135 100 0.000000
135 105 0.000000
135 110 0.000000
135 115 0.000000
135 120 0.000000
135 125 0.000000
135 130 0.000000
135 135 0.000000
135 140 0.000000
135 145 0.000000
135 150 0.000000
135 155 0.000000
135 160 0.000000
135 165 0.000000
135 170 0.000000
135 175 0.000000
140 -180 0.000000
140 -175 0.000000
140 -170 0.000000
140 -165 0.000000
140 -160 0.000000
140 -155 0.000000
140 -150 0.000000
140 -145 0.000000
140 -140 0.000000
140 -135 0.000000
140 -130 0.000000
140 -125 0.000000
140 -120 0.000000
140 -115 0.000000
140 -110 0.000000
140 -105 0.000000
140 -100 0.000000
140 -95 0.000000
140 -90 0.000000
140 -85 0.000000
140 -80 0.000000
140 -75 0.000000
140 -70 0.000000
140 -65 0.000000
140 -60 0.000000
140 -55 0.000000
140 -50 0.000000
140 -45 0.000000
140 -40 0.000000
140 -35 0.000000
140 -30 0.000000
140 -25 0.000000
140 -20 0.000000
140 -15 0.000000
140 -10 0.000000
140 -5 0.000000
140 0 0.000000
140 5 0.000000
140 10 0.000000
140 15 0.000000
140 20 0.000000
140 25 0.000000
140 30 0.000000
140 35 0.000000
140 40 0.000000
140 45 0.000000
140 50 0.000000
140 55 0.000000
140 60 0.000000
140 65 0.000000
140 70 0.000000
140 75 0.000000
140 80 0.000000
140 85 0.000000
140 90 0.000000
140 95 0.000000
140 100 0.000000
140 105 0.000000
140 110 0.000000
140 115 0.000000
140 120 0.000000
140 125 0.000000
140 130 0.000000
140 135 0.000000
140 140 0.000000
140 145 0.000000
140 150 0.000000
140 155 0.000000
140 160 0.000000
140 165 0.000000
140 170 0.000000
140 175 0.000000
145 -180 0.000000
145 -175 0.000000
145 -170 0.000000
145 -165 0.000000
145 -160 0.000000
145 -155 0.000000
145 -150 0.000000
145 -145 0.000000
145 -140 0.000000
145 -135 0.000000
145 -130 0.000000
145 -125 0.000000
145 -120 0.000000
145 -115 0.000000
145 -110 0.000000
145 -105 0.000000
145 -100 0.000000
145 -95 0.000000
145 -90 0.000000
145 -85 0.000000
145 -80 0.000000
145 -75 0.000000
145 -70 0.000000
145 -65 0.000000
145 -60 0.000000
145 -55 0.000000
145 -50 0.000000
145 -45 0.000000
145 -40 0.000000
145 -35 0.000000
145 -30 0.000000
145 -25 0.000000
145 -20 0.000000
145 -15 0.000000
145 -10 0.000000
145 -5 0.000000
145 0 0.000000
145 5 0.000000
145 10 0.000000
145 15 0.000000
145 20 0.000000
145 25 0.000000
145 30 0.000000
145 35 0.000000
145 40 0.000000
145 45 0.000000
145 50 0.000000
145 55 0.000000
145 60 0.000000
145 65 0.000000
145 70 0.000000
145 75 0.000000
145 80 0.000000
145 85 0.000000
145 90 0.000000
145 95 0.000000
145 100 0.000000
145 105 0.000000
145 110 0.000000
145 115 0.000000
145 120 0.000000
145 125 0.000000
145 130 0.000000
145 135 0.000000
145 140 0.000000
145 145 0.000000
145 150 0.000000
145 155 0.000000
145 160 0.000000
145 165 0.000000
145 170 0.000000
145 175 0.000000
150 -180 0.000000
150 -175 0.000000
150 -170 0.000000
150 -165 0.000000
150 -160 0.000000
150 -155 0.000000
150 -150 0.000000
150 -145 0.000000
150 -140 0.000000
150 -135 0.000000
150 -130 0.000000
150 -125 0.000000
150 -120 0.000000
150 -115 0.000000
150 -110 0.000000
150 -105 0.000000
150 -100 0.000000
150 -95 0.000000
150 -90 0.000000
150 -85 0.000000
150 -80 0.000000
150 -75 0.000000
150 -70 0.000000
150 -65 0.000000
150 -60 0.000000
150 -55 0.000000
150 -50 0.000000
150 -45 0.000000
150 -40 0.000000
150 -35 0.000000
150 -30 0.000000
150 -25 0.000000
150 -20 0.000000
150 -15 0.000000
150 -10 0.000000
150 -5 0.000000
150 0 0.000000
150 5 0.000000
150 10 0.000000
150 15 0.000000
150 20 0.000000
150 25 0.000000
150 30 0.000000
150 35 0.000000
150 40 0.000000
150 45 0.000000
150 50 0.000000
150 55 0.000000
150 60 0.000000
150 65 0.000000
150 70 0.000000
150 75 0.000000
150 80 0.000000
150 85 0.000000
150 90 0.000000
150 95 0.000000
150 100 0.000000
150 105 0.000000
150 110 0.000000
150 115 0.000000
150 120 0.000000
150 125 0.000000
150 130 0.000000
150 135 0.000000
150 140 0.000000
150 145 0.000000
150 150 0.000000
150 155 0.000000
150 160 0.000000
150 165 0.000000
150 170 0.000000
150 175 0.000000
155 -180 0.000000
155 -175 0.000000
155 -170 0.000000
155 -165 0.000000
155 -160 0.000000
155 -155 0.000000
155 -150 0.000000
155 -145 0.000000
155 -140 0.000000
155 -135 0.000000
155 -130 0.000000
155 -125 0.000000
155 -120 0.000000
155 -115 0.000000
155 -110 0.000000
155 -105 0.000000
155 -100 0.000000
155 -95 0.000000
155 -90 0.000000
155 -85 0.000000
155 -80 0.000000
155 -75 0.000000
155 -70 0.000000
155 -65 0.000000
155 -60 0.000000
155 -55 0.000000
155 -50 0.000000
155 -45 0.000000
155 -40 0.000000
155 -35 0.000000
155 -30 0.000000
155 -25 0.000000
155 -20 0.000000
155 -15 0.000000
155 -10 0.000000
155 -5 0.000000
155 0 0.000000
155 5 0.000000
155 10 0.000000
155 15 0.000000
155 20 0.000000
155 25 0.000000
155 30 0.000000
155 35 0.000000
155 40 0.000000
155 45 0.000000
155 50 0.000000
155 55 0.000000
155 60 0.000000
155 65 0.000000
155 70 0.000000
155 75 0.000000
155 80 0.000000
155 85 0.000000
155 90 0.000000
155 95 0.000000
155 100 0.000000
155 105 0.000000
155 110 0.000000
155 115 0.000000
155 120 0.000000
155 125 0.000000
155 130 0.000064
155 135 0.000333
155 140 0.000718
155 145 0.001224
155 150 0.001648
155 155 0.001750
155 160 0.001464
155 165 0.000963
155 170 0.000497
155 175 0.000181
160 -180 0.000000
160 -175 0.000000
160 -170 0.000000
160 -165 0.000000
160 -160 0.000000
160 -155 0.000000
160 -150 0.000000
160 -145 0.000000
160 -140 0.000000
160 -135 0.000000
160 -130 0.000000
160 -125 0.000000
160 -120 0.000000
160 -115 0.000000
160 -110 0.000000
160 -105 0.000000
160 -100 0.000000
160 -95 0.000000
160 -90 0.000000
160 -85 0.000000
160 -80 0.000000
160 -75 0.000000
160 -70 0.000000
160 -65 0.000000
160 -60 0.000000
160 -55 0.000000
160 -50 0.000000
160 -45 0.000000
160 -40 0.000000
160 -35 0.000000
160 -30 0.000000
160 -25 0.000000
160 -20 0.000000
160 -15 0.000000
160 -10 0.000000
160 -5 0.000000
160 0 0.000000
160 5 0.000000
160 10 0.000000
160 15 0.000000
160 20 0.000000
160 25 0.000000
160 30 0.000000
160 35 0.000000
160 40 0.000000
160 45 0.000000
160 50 0.000000
160 55 0.000000
160 60 0.000000
160 65 0.000000
160 70 0.000000
160 75 0.000000
160 80 0.000000
160 85 0.000000
160 90 0.000000
160 95 0.000000
160 100 0.000000
160 105 0.000000
160 110 0.000000
160 115 0.000000
160 120 0.000000
160 125 0.000000
160 130 0.000287
160 135 0.001507
160 140 0.003250
160 145 0.005539
160 150 0.007456
160 155 0.007917
160 160 0.006621
160 165 0.004355
160 170 0.002249
160 175 0.000818
165 -180 0.000043
165 -175 0.000000
165 -170 0.000000
165 -165 0.000000
165 -160 0.000000
165 -155 0.000000
165 -150 0.000000
165 -145 0.000000
165 -140 0.000000
165 -135 0.000000
165 -130 0.000000
165 -125 0.000000
165 -120 0.000000
165 -115 0.000000
165 -110 0.000000
165 -105 0.000000
165 -100 0.000000
165 -95 0.000000
165 -90 0.000000
165 -85 0.000000
165 -80 0.000000
165 -75 0.000000
165 -70 0.000000
165 -65 0.000000
165 -60 0.000000
165 -55 0.000000
165 -50 0.000000
165 -45 0.000000
165 -40 0.000000
165 -35 0.000000
165 -30 0.000000
165 -25 0.000000
165 -20 0.000000
165 -15 0.000000
165 -10 0.000000
165 -5 0.000000
165 0 0.000000
165 5 0.000000
165 10 0.000000
165 15 0.000000
165 20 0.000000
165 25 0.000000
165 30 0.000000
165 35 0.000000
165 40 0.000000
165 45 0.000000
165 50 0.000000
165 55 0.000000
165 60 0.000000
165 65 0.000000
165 70 0.000000
165 75 0.000004
165 80 0.000021
165 85 0.000046
165 90 0.000077
165 95 0.000103
165 100 0.000109
165 105 0.000091
165 110 0.000060
165 115 0.000213
165 120 0.000663
165 125 0.001333
165 130 0.002760
165 135 0.005957
165 140 0.009743
165 145 0.014130
165 150 0.017499
165 155 0.017875
165 160 0.014669
165 165 0.009582
165 170 0.004998
165 175 0.001853
170 -180 0.007737
170 -175 0.004862
170 -170 0.002740
170 -165 0.001156
170 -160 0.000263
170 -155 0.000000
170 -150 0.000000
170 -145 0.000000
170 -140 0.000000
170 -135 0.000000
170 -130 0.000000
170 -125 0.000000
170 -120 0.000000
170 -115 0.000000
170 -110 0.000000
170 -105 0.000000
170 -100 0.000000
170 -95 0.000000
170 -90 0.000000
170 -85 0.000000
170 -80 0.000000
170 -75 0.000000
170 -70 0.000000
170 -65 0.000000
170 -60 0.000000
170 -55 0.000000
170 -50 0.000000
170 -45 0.000000
170 -40 0.000000
170 -35 0.000000
170 -30 0.000000
170 -25 0.000000
170 -20 0.000000
170 -15 0.000000
170 -10 0.000000
170 -5 0.000000
170 0 0.000000
170 5 0.000000
170 10 0.000000
170 15 0.000000
170 20 0.000000
170 25 0.000000
170 30 0.000000
170 35 0.000000
170 40 0.000000
170 45 0.000000
170 50 0.000000
170 55 0.000000
170 60 0.000000
170 65 0.000239
170 70 0.000579
170 75 0.001304
170 80 0.002675
170 85 0.004141
170 90 0.005563
170 95 0.006413
170 100 0.006204
170 105 0.004921
170 110 0.003064
170 115 0.002182
170 120 0.002743
170 125 0.004717
170 130 0.009026
170 135 0.017608
170 140 0.027683
170 145 0.038820
170 150 0.047945
170 155 0.050621
170 160 0.044737
170 165 0.033669
170 170 0.022745
170 175 0.014272
175 -180 0.037003
175 -175 0.023190
175 -170 0.012430
175 -165 0.004879
175 -160 0.000994
175 -155 0.000000
175 -150 0.000000
175 -145 0.000000
175 -140 0.000000
175 -135 0.000000
175 -130 0.000000
175 -125 0.000000
175 -120 0.000000
175 -115 0.000000
175 -110 0.000000
175 -105 0.000000
175 -100 0.000000
175 -95 0.000000
175 -90 0.000000
175 -85 0.000000
175 -80 0.000000
175 -75 0.000000
175 -70 0.000000
175 -65 0.000000
175 -60 0.000000
175 -55 0.000000
175 -50 0.000000
175 -45 0.000000
175 -40 0.000000
175 -35 0.000000
175 -30 0.000000
175 -25 0.000000
175 -20 0.000000
175 -15 0.000000
175 -10 0.000000
175 -5 0.000000
175 0 0.000000
175 5 0.000000
175 10 0.000000
175 15 0.000000
175 20 0.000000
175 25 0.000000
175 30 0.000000
175 35 0.000000
175 40 0.000000
175 45 0.000137
175 50 0.000330
175 55 0.000616
175 60 0.000896
175 65 0.002098
175 70 0.003516
175 75 0.006045
175 80 0.010084
175 85 0.013841
175 90 0.016640
175 95 0.017601
175 100 0.016012
175 105 0.012222
175 110 0.007313
175 115 0.005230
175 120 0.006716
175 125 0.012216
175 130 0.023508
175 135 0.043264
175 140 0.066190
175 145 0.090157
175 150 0.110238
175 155 0.118894
175 160 0.111884
175 165 0.094569
175 170 0.074950
175 175 0.055947
