-180 -180 0.002164
-180 -175 0.000016
-180 -170 0.000000
-180 -165 0.000000
-180 -160 0.000000
-180 -155 0.000000
-180 -150 0.000000
-180 -145 0.000000
-180 -140 0.000000
-180 -135 0.000000
-180 -130 0.000000
-180 -125 0.000000
-180 -120 0.000000
-180 -115 0.000000
-180 -110 0.000000
-180 -105 0.000000
-180 -100 0.000000
-180 -95 0.000000
-180 -90 0.000000
-180 -85 0.000000
-180 -80 0.000000
-180 -75 0.000000
-180 -70 0.000000
-180 -65 0.000000
-180 -60 0.000000
-180 -55 0.000000
-180 -50 0.000000
-180 -45 0.000000
-180 -40 0.000000
-180 -35 0.000000
-180 -30 0.000000
-180 -25 0.000000
-180 -20 0.000000
-180 -15 0.000000
-180 -10 0.000000
-180 -5 0.000000
-180 0 0.000000
-180 5 0.000000
-180 10 0.000000
-180 15 0.000000
-180 20 0.000000
-180 25 0.000000
-180 30 0.000000
-180 35 0.000000
-180 40 0.000000
-180 45 0.000000
-180 50 0.000000
-180 55 0.000000
-180 60 0.000000
-180 65 0.000000
-180 70 0.000000
-180 75 0.000000
-180 80 0.000000
-180 85 0.000000
-180 90 0.000000
-180 95 0.000000
-180 100 0.000000
-180 105 0.000000
-180 110 0.000012
-180 115 0.000997
-180 120 0.003299
-180 125 0.007364
-180 130 0.014746
-180 135 0.023135
-180 140 0.032805
-180 145 0.040130
-180 150 0.043626
-180 155 0.041708
-180 160 0.034177
-180 165 0.023823
-180 170 0.013811
-180 175 0.005893
-175 -180 0.004588
-175 -175 0.000160
-175 -170 0.000000
-175 -165 0.000000
-175 -160 0.000000
-175 -155 0.000000
-175 -150 0.000000
-175 -145 0.000000
-175 -140 0.000000
-175 -135 0.000000
-175 -130 0.000000
-175 -125 0.000000
-175 -120 0.000000
-175 -115 0.000000
-175 -110 0.000000
-175 -105 0.000000
-175 -100 0.000000
-175 -95 0.000000
-175 -90 0.000000
-175 -85 0.000000
-175 -80 0.000000
-175 -75 0.000000
-175 -70 0.000000
-175 -65 0.000000
-175 -60 0.000000
-175 -55 0.000000
-175 -50 0.000000
-175 -45 0.000000
-175 -40 0.000000
-175 -35 0.000000
-175 -30 0.000000
-175 -25 0.000000
-175 -20 0.000000
-175 -15 0.000000
-175 -10 0.000000
-175 -5 0.000000
-175 0 0.000000
-175 5 0.000000
-175 10 0.000000
-175 15 0.000000
-175 20 0.000000
-175 25 0.000000
-175 30 0.000000
-175 35 0.000000
-175 40 0.000000
-175 45 0.000000
-175 50 0.000000
-175 55 0.000000
-175 60 0.000000
-175 65 0.000000
-175 70 0.000000
-175 75 0.000000
-175 80 0.000000
-175 85 0.000000
-175 90 0.000000
-175 95 0.000000
-175 100 0.000022
-175 105 0.000122
-175 110 0.000297
-175 115 0.003062
-175 120 0.009136
-175 125 0.020588
-175 130 0.038950
-175 135 0.059273
-175 140 0.080195
-175 145 0.093482
-175 150 0.096702
-175 155 0.088760
-175 160 0.070652
-175 165 0.048594
-175 170 0.027789
-175 175 0.012225
-170 -180 0.007208
-170 -175 0.000364
-170 -170 0.000000
-170 -165 0.000000
-170 -160 0.000000
-170 -155 0.000000
-170 -150 0.000000
-170 -145 0.000000
-170 -140 0.000000
-170 -135 0.000000
-170 -130 0.000000
-170 -125 0.000000
-170 -120 0.000000
-170 -115 0.000000
-170 -110 0.000000
-170 -105 0.000000
-170 -100 0.000000
-170 -95 0.000000
-170 -90 0.000000
-170 -85 0.000000
-170 -80 0.000000
-170 -75 0.000000
-170 -70 0.000000
-170 -65 0.000000
-170 -60 0.000000
-170 -55 0.000000
-170 -50 0.000000
-170 -45 0.000000
-170 -40 0.000000
-170 -35 0.000000
-170 -30 0.000000
-170 -25 0.000000
-170 -20 0.000000
-170 -15 0.000000
-170 -10 0.000000
-170 -5 0.000000
-170 0 0.000000
-170 5 0.000000
-170 10 0.000000
-170 15 0.000000
-170 20 0.000000
-170 25 0.000000
-170 30 0.000000
-170 35 0.000000
-170 40 0.000000
-170 45 0.000000
-170 50 0.000000
-170 55 0.000000
-170 60 0.000000
-170 65 0.000000
-170 70 0.000000
-170 75 0.000000
-170 80 0.000000
-170 85 0.000000
-170 90 0.000000
-170 95 0.000000
-170 100 0.000227
-170 105 0.001423
-170 110 0.003601
-170 115 0.011883
-170 120 0.026734
-170 125 0.053905
-170 130 0.092497
-170 135 0.134026
-170 140 0.172872
-170 145 0.192930
-170 150 0.189385
-170 155 0.164383
-170 160 0.123980
-170 165 0.081735
-170 170 0.044319
-170 175 0.019292
-165 -180 0.014840
-165 -175 0.003876
-165 -170 0.001574
-165 -165 0.000645
-165 -160 0.000000
-165 -155 0.000000
-165 -150 0.000000
-165 -145 0.000000
-165 -140 0.000000
-165 -135 0.000000
-165 -130 0.000000
-165 -125 0.000000
-165 -120 0.000000
-165 -115 0.000000
-165 -110 0.000000
-165 -105 0.000000
-165 -100 0.000000
-165 -95 0.000000
-165 -90 0.000000
-165 -85 0.000000
-165 -80 0.000000
-165 -75 0.000000
-165 -70 0.000000
-165 -65 0.000000
-165 -60 0.000000
-165 -55 0.000000
-165 -50 0.000000
-165 -45 0.000000
-165 -40 0.000000
-165 -35 0.000000
-165 -30 0.000000
-165 -25 0.000000
-165 -20 0.000000
-165 -15 0.000000
-165 -10 0.000000
-165 -5 0.000000
-165 0 0.000000
-165 5 0.000000
-165 10 0.000000
-165 15 0.000000
-165 20 0.000000
-165 25 0.000000
-165 30 0.000000
-165 35 0.000000
-165 40 0.000000
-165 45 0.000000
-165 50 0.000000
-165 55 0.000000
-165 60 0.000000
-165 65 0.000000
-165 70 0.000000
-165 75 0.000000
-165 80 0.000000
-165 85 0.000239
-165 90 0.000747
-165 95 0.001487
-165 100 0.002887
-165 105 0.006928
-165 110 0.014228
-165 115 0.032969
-165 120 0.064120
-165 125 0.117250
-165 130 0.185981
-165 135 0.257735
-165 140 0.319422
-165 145 0.346215
-165 150 0.329698
-165 155 0.277647
-165 160 0.204022
-165 165 0.132450
-165 170 0.072032
-165 175 0.034216
-160 -180 0.032366
-160 -175 0.011581
-160 -170 0.004196
-160 -165 0.001635
-160 -160 0.000000
-160 -155 0.000000
-160 -150 0.000000
-160 -145 0.000000
-160 -140 0.000000
-160 -135 0.000000
-160 -130 0.000000
-160 -125 0.000000
-160 -120 0.000000
-160 -115 0.000000
-160 -110 0.000000
-160 -105 0.000000
-160 -100 0.000000
-160 -95 0.000000
-160 -90 0.000000
-160 -85 0.000000
-160 -80 0.000000
-160 -75 0.000000
-160 -70 0.000000
-160 -65 0.000000
-160 -60 0.000000
-160 -55 0.000000
-160 -50 0.000000
-160 -45 0.000000
-160 -40 0.000000
-160 -35 0.000000
-160 -30 0.000000
-160 -25 0.000000
-160 -20 0.000000
-160 -15 0.000000
-160 -10 0.000000
-160 -5 0.000000
-160 0 0.000000
-160 5 0.000000
-160 10 0.000000
-160 15 0.000000
-160 20 0.000000
-160 25 0.000000
-160 30 0.000000
-160 35 0.000000
-160 40 0.000000
-160 45 0.000000
-160 50 0.000000
-160 55 0.000058
-160 60 0.000188
-160 65 0.000377
-160 70 0.000674
-160 75 0.001404
-160 80 0.002219
-160 85 0.004412
-160 90 0.007765
-160 95 0.011813
-160 100 0.017120
-160 105 0.027794
-160 110 0.045672
-160 115 0.081349
-160 120 0.135831
-160 125 0.221049
-160 130 0.321433
-160 135 0.422290
-160 140 0.505610
-160 145 0.540570
-160 150 0.513500
-160 155 0.436755
-160 160 0.329450
-160 165 0.222736
-160 170 0.129167
-160 175 0.068030
-155 -180 0.075004
-155 -175 0.035594
-155 -170 0.016407
-155 -165 0.007875
-155 -160 0.002260
-155 -155 0.000632
-155 -150 0.000000
-155 -145 0.000000
-155 -140 0.000000
-155 -135 0.000000
-155 -130 0.000000
-155 -125 0.000000
-155 -120 0.000000
-155 -115 0.000000
-155 -110 0.000000
-155 -105 0.000000
-155 -100 0.000000
-155 -95 0.000000
-155 -90 0.000000
-155 -85 0.000000
-155 -80 0.000161
-155 -75 0.000592
-155 -70 0.001444
-155 -65 0.002521
-155 -60 0.003556
-155 -55 0.004061
-155 -50 0.003753
-155 -45 0.002800
-155 -40 0.001680
-155 -35 0.000755
-155 -30 0.000353
-155 -25 0.000585
-155 -20 0.001247
-155 -15 0.002100
-155 -10 0.003051
-155 -5 0.003632
-155 0 0.004299
-155 5 0.005205
-155 10 0.006449
-155 15 0.007634
-155 20 0.008043
-155 25 0.007333
-155 30 0.005518
-155 35 0.003318
-155 40 0.001848
-155 45 0.000991
-155 50 0.001118
-155 55 0.002454
-155 60 0.004484
-155 65 0.007601
-155 70 0.011988
-155 75 0.017918
-155 80 0.023737
-155 85 0.031342
-155 90 0.039907
-155 95 0.048845
-155 100 0.060328
-155 105 0.083023
-155 110 0.120095
-155 115 0.182316
-155 120 0.267495
-155 125 0.385147
-155 130 0.509387
-155 135 0.627200
-155 140 0.722457
-155 145 0.764845
-155 150 0.735140
-155 155 0.645352
-155 160 0.512208
-155 165 0.369353
-155 170 0.234319
-155 175 0.138095
-150 -180 0.156411
-150 -175 0.082998
-150 -170 0.041309
-150 -165 0.020153
-150 -160 0.006922
-150 -155 0.001740
-150 -150 0.000000
-150 -145 0.000000
-150 -140 0.000000
-150 -135 0.000000
-150 -130 0.000000
-150 -125 0.000000
-150 -120 0.000000
-150 -115 0.000000
-150 -110 0.000000
-150 -105 0.000000
-150 -100 0.000000
-150 -95 0.000000
-150 -90 0.000000
-150 -85 0.000000
-150 -80 0.000572
-150 -75 0.002352
-150 -70 0.005997
-150 -65 0.010718
-150 -60 0.015502
-150 -55 0.018322
-150 -50 0.017612
-150 -45 0.013991
-150 -40 0.009400
-150 -35 0.005354
-150 -30 0.003261
-150 -25 0.003920
-150 -20 0.006654
-150 -15 0.010614
-150 -10 0.015526
-150 -5 0.019204
-150 0 0.022423
-150 5 0.025798
-150 10 0.029065
-150 15 0.030830
-150 20 0.029671
-150 25 0.025620
-150 30 0.018733
-150 35 0.011021
-150 40 0.006511
-150 45 0.004797
-150 50 0.006894
-150 55 0.013509
-150 60 0.022852
-150 65 0.034795
-150 70 0.050142
-150 75 0.067399
-150 80 0.083197
-150 85 0.099526
-150 90 0.114187
-150 95 0.126711
-150 100 0.143498
-150 105 0.179629
-150 110 0.241324
-150 115 0.338780
-150 120 0.464180
-150 125 0.616258
-150 130 0.756042
-150 135 0.872125
-150 140 0.960398
-150 145 1.002378
-150 150 0.980425
-150 155 0.899855
-150 160 0.762160
-150 165 0.592335
-150 170 0.411035
-150 175 0.264115
-145 -180 0.276730
-145 -175 0.152501
-145 -170 0.077355
-145 -165 0.037728
-145 -160 0.013819
-145 -155 0.003368
-145 -150 0.000000
-145 -145 0.000000
-145 -140 0.000000
-145 -135 0.000000
-145 -130 0.000000
-145 -125 0.000000
-145 -120 0.000000
-145 -115 0.000000
-145 -110 0.000000
-145 -105 0.000000
-145 -100 0.000000
-145 -95 0.000000
-145 -90 0.000501
-145 -85 0.001327
-145 -80 0.003732
-145 -75 0.009638
-145 -70 0.019580
-145 -65 0.031591
-145 -60 0.043260
-145 -55 0.050168
-145 -50 0.048276
-145 -45 0.039146
-145 -40 0.027950
-145 -35 0.018691
-145 -30 0.013994
-145 -25 0.018001
-145 -20 0.028944
-145 -15 0.043765
-145 -10 0.061070
-145 -5 0.074014
-145 0 0.082284
-145 5 0.087230
-145 10 0.088935
-145 15 0.086033
-145 20 0.076058
-145 25 0.061358
-145 30 0.042929
-145 35 0.024149
-145 40 0.013818
-145 45 0.010696
-145 50 0.016340
-145 55 0.031896
-145 60 0.053575
-145 65 0.080035
-145 70 0.112178
-145 75 0.145837
-145 80 0.176012
-145 85 0.203981
-145 90 0.226036
-145 95 0.242210
-145 100 0.264017
-145 105 0.314730
-145 110 0.406067
-145 115 0.548420
-145 120 0.723485
-145 125 0.911450
-145 130 1.056318
-145 135 1.145930
-145 140 1.199817
-145 145 1.226985
-145 150 1.221795
-145 155 1.178415
-145 160 1.067245
-145 165 0.889057
-145 170 0.660880
-145 175 0.447777
-140 -180 0.418765
-140 -175 0.235412
-140 -170 0.120256
-140 -165 0.057793
-140 -160 0.021713
-140 -155 0.005122
-140 -150 0.000000
-140 -145 0.000000
-140 -140 0.000000
-140 -135 0.000000
-140 -130 0.000000
-140 -125 0.000000
-140 -120 0.000000
-140 -115 0.000000
-140 -110 0.000000
-140 -105 0.000000
-140 -100 0.000000
-140 -95 0.000023
-140 -90 0.001924
-140 -85 0.004930
-140 -80 0.011462
-140 -75 0.024649
-140 -70 0.044839
-140 -65 0.068011
-140 -60 0.090159
-140 -55 0.103915
-140 -50 0.101198
-140 -45 0.083726
-140 -40 0.061537
-140 -35 0.042671
-140 -30 0.032717
-140 -25 0.041327
-140 -20 0.066597
-140 -15 0.101533
-140 -10 0.142856
-140 -5 0.176752
-140 0 0.199462
-140 5 0.212004
-140 10 0.213695
-140 15 0.202345
-140 20 0.173595
-140 25 0.134534
-140 30 0.090826
-140 35 0.049386
-140 40 0.026265
-140 45 0.019248
-140 50 0.029309
-140 55 0.057527
-140 60 0.097003
-140 65 0.144761
-140 70 0.201149
-140 75 0.256878
-140 80 0.305453
-140 85 0.345795
-140 90 0.374067
-140 95 0.392493
-140 100 0.419387
-140 105 0.487410
-140 110 0.614140
-140 115 0.809150
-140 120 1.040860
-140 125 1.265415
-140 130 1.408215
-140 135 1.452195
-140 140 1.447120
-140 145 1.438757
-140 150 1.443090
-140 155 1.443188
-140 160 1.374485
-140 165 1.204590
-140 170 0.938937
-140 175 0.659025
-135 -180 0.547463
-135 -175 0.310735
-135 -170 0.158326
-135 -165 0.074197
-135 -160 0.027756
-135 -155 0.006283
-135 -150 0.000000
-135 -145 0.000000
-135 -140 0.000000
-135 -135 0.000000
-135 -130 0.000000
-135 -125 0.000000
-135 -120 0.000000
-135 -115 0.000000
-135 -110 0.000000
-135 -105 0.000000
-135 -100 0.000000
-135 -95 0.000063
-135 -90 0.004171
-135 -85 0.010681
-135 -80 0.024192
-135 -75 0.048317
-135 -70 0.083569
-135 -65 0.122572
-135 -60 0.160121
-135 -55 0.184785
-135 -50 0.183643
-135 -45 0.157275
-135 -40 0.120634
-135 -35 0.086427
-135 -30 0.065664
-135 -25 0.076787
-135 -20 0.121414
-135 -15 0.187189
-135 -10 0.269175
-135 -5 0.341870
-135 0 0.392440
-135 5 0.418275
-135 10 0.416217
-135 15 0.386153
-135 20 0.323780
-135 25 0.244211
-135 30 0.161366
-135 35 0.086257
-135 40 0.043278
-135 45 0.028923
-135 50 0.041847
-135 55 0.082595
-135 60 0.139876
-135 65 0.208788
-135 70 0.288593
-135 75 0.364205
-135 80 0.429610
-135 85 0.481068
-135 90 0.517097
-135 95 0.542752
-135 100 0.581952
-135 105 0.674860
-135 110 0.844017
-135 115 1.095978
-135 120 1.386643
-135 125 1.648278
-135 130 1.786375
-135 135 1.774987
-135 140 1.693473
-135 145 1.626728
-135 150 1.617950
-135 155 1.644538
-135 160 1.614995
-135 165 1.463372
-135 170 1.177045
-135 175 0.846467
-130 -180 0.629848
-130 -175 0.359637
-130 -170 0.183007
-130 -165 0.085366
-130 -160 0.033926
-130 -155 0.010269
-130 -150 0.002588
-130 -145 0.001300
-130 -140 0.000416
-130 -135 0.000000
-130 -130 0.000000
-130 -125 0.000000
-130 -120 0.000000
-130 -115 0.000000
-130 -110 0.000000
-130 -105 0.000000
-130 -100 0.000667
-130 -95 0.002337
-130 -90 0.011434
-130 -85 0.025246
-130 -80 0.049622
-130 -75 0.086550
-130 -70 0.136848
-130 -65 0.190800
-130 -60 0.243242
-130 -55 0.279550
-130 -50 0.282172
-130 -45 0.248051
-130 -40 0.195093
-130 -35 0.141237
-130 -30 0.104885
-130 -25 0.114775
-130 -20 0.179532
-130 -15 0.281203
-130 -10 0.413455
-130 -5 0.537988
-130 0 0.629042
-130 5 0.676945
-130 10 0.674360
-130 15 0.623872
-130 20 0.521103
-130 25 0.389682
-130 30 0.256043
-130 35 0.136854
-130 40 0.065376
-130 45 0.037650
-130 50 0.048141
-130 55 0.095314
-130 60 0.163075
-130 65 0.245289
-130 70 0.339498
-130 75 0.426492
-130 80 0.502185
-130 85 0.563295
-130 90 0.613920
-130 95 0.664033
-130 100 0.740430
-130 105 0.883050
-130 110 1.113882
-130 115 1.427890
-130 120 1.771138
-130 125 2.056070
-130 130 2.174217
-130 135 2.094620
-130 140 1.919360
-130 145 1.769048
-130 150 1.714567
-130 155 1.734172
-130 160 1.726215
-130 165 1.596780
-130 170 1.313848
-130 175 0.962607
-125 -180 0.636830
-125 -175 0.364787
-125 -170 0.186161
-125 -165 0.087576
-125 -160 0.037849
-125 -155 0.015139
-125 -150 0.006375
-125 -145 0.003201
-125 -140 0.001025
-125 -135 0.000000
-125 -130 0.000000
-125 -125 0.000000
-125 -120 0.000000
-125 -115 0.000000
-125 -110 0.000022
-125 -105 0.000153
-125 -100 0.001944
-125 -95 0.006342
-125 -90 0.021405
-125 -85 0.044314
-125 -80 0.081689
-125 -75 0.132205
-125 -70 0.197370
-125 -65 0.265505
-125 -60 0.332178
-125 -55 0.379637
-125 -50 0.387990
-125 -45 0.349365
-125 -40 0.280737
-125 -35 0.204501
-125 -30 0.148207
-125 -25 0.149991
-125 -20 0.229103
-125 -15 0.364380
-125 -10 0.550055
-125 -5 0.735695
-125 0 0.879955
-125 5 0.960792
-125 10 0.961780
-125 15 0.888820
-125 20 0.741165
-125 25 0.551763
-125 30 0.362410
-125 35 0.196282
-125 40 0.092524
-125 45 0.046394
-125 50 0.046735
-125 55 0.090085
-125 60 0.155849
-125 65 0.238549
-125 70 0.334448
-125 75 0.423043
-125 80 0.502630
-125 85 0.574385
-125 90 0.651180
-125 95 0.748642
-125 100 0.893282
-125 105 1.117385
-125 110 1.433968
-125 115 1.814412
-125 120 2.198552
-125 125 2.482275
-125 130 2.552350
-125 135 2.383602
-125 140 2.098623
-125 145 1.846112
-125 150 1.718355
-125 155 1.696550
-125 160 1.684123
-125 165 1.568088
-125 170 1.306495
-125 175 0.967938
-120 -180 0.576067
-120 -175 0.334435
-120 -170 0.175912
-120 -165 0.087144
-120 -160 0.043587
-120 -155 0.022636
-120 -150 0.011997
-120 -145 0.006025
-120 -140 0.001929
-120 -135 0.000000
-120 -130 0.000000
-120 -125 0.000000
-120 -120 0.000000
-120 -115 0.000000
-120 -110 0.000168
-120 -105 0.001170
-120 -100 0.005592
-120 -95 0.015307
-120 -90 0.037632
-120 -85 0.070693
-120 -80 0.120214
-120 -75 0.181645
-120 -70 0.258682
-120 -65 0.339985
-120 -60 0.420295
-120 -55 0.478357
-120 -50 0.492755
-120 -45 0.450655
-120 -40 0.365275
-120 -35 0.264797
-120 -30 0.186729
-120 -25 0.175510
-120 -20 0.259775
-120 -15 0.419027
-120 -10 0.648362
-120 -5 0.888885
-120 0 1.086372
-120 5 1.203900
-120 10 1.212670
-120 15 1.121005
-120 20 0.935035
-120 25 0.695950
-120 30 0.458803
-120 35 0.253145
-120 40 0.120582
-120 45 0.054811
-120 50 0.040200
-120 55 0.071609
-120 60 0.125364
-120 65 0.198344
-120 70 0.286270
-120 75 0.371318
-120 80 0.453512
-120 85 0.544127
-120 90 0.663585
-120 95 0.832412
-120 100 1.074423
-120 105 1.403608
-120 110 1.816295
-120 115 2.255505
-120 120 2.656875
-120 125 2.908850
-120 130 2.901625
-120 135 2.627950
-120 140 2.225353
-120 145 1.858757
-120 150 1.637225
-120 155 1.544027
-120 160 1.500310
-120 165 1.387545
-120 170 1.161875
-120 175 0.868475
-115 -180 0.474450
-115 -175 0.283807
-115 -170 0.158877
-115 -165 0.085829
-115 -160 0.049752
-115 -155 0.030368
-115 -150 0.017619
-115 -145 0.008848
-115 -140 0.002833
-115 -135 0.000000
-115 -130 0.000000
-115 -125 0.000000
-115 -120 0.000000
-115 -115 0.000000
-115 -110 0.000375
-115 -105 0.002611
-115 -100 0.010157
-115 -95 0.026356
-115 -90 0.055583
-115 -85 0.098169
-115 -80 0.156934
-115 -75 0.226033
-115 -70 0.310223
-115 -65 0.401315
-115 -60 0.491707
-115 -55 0.557482
-115 -50 0.576812
-115 -45 0.533975
-115 -40 0.436888
-115 -35 0.319167
-115 -30 0.225232
-115 -25 0.204051
-115 -20 0.288587
-115 -15 0.463415
-115 -10 0.722515
-115 -5 1.000465
-115 0 1.234217
-115 5 1.373543
-115 10 1.379612
-115 15 1.264795
-115 20 1.047145
-115 25 0.776018
-115 30 0.512605
-115 35 0.288305
-115 40 0.141629
-115 45 0.062769
-115 50 0.034408
-115 55 0.051054
-115 60 0.089018
-115 65 0.148139
-115 70 0.225019
-115 75 0.307377
-115 80 0.396568
-115 85 0.515795
-115 90 0.688275
-115 95 0.935398
-115 100 1.281927
-115 105 1.718550
-115 110 2.226093
-115 115 2.721250
-115 120 3.132875
-115 125 3.341575
-115 130 3.243475
-115 135 2.857600
-115 140 2.334100
-115 145 1.845052
-115 150 1.517170
-115 155 1.334155
-115 160 1.239293
-115 165 1.119017
-115 170 0.934383
-115 175 0.704553
-110 -180 0.357347
-110 -175 0.220657
-110 -170 0.132445
-110 -165 0.078238
-110 -160 0.050538
-110 -155 0.033488
-110 -150 0.020204
-110 -145 0.010146
-110 -140 0.003249
-110 -135 0.000000
-110 -130 0.000000
-110 -125 0.000000
-110 -120 0.000000
-110 -115 0.000000
-110 -110 0.000661
-110 -105 0.004595
-110 -100 0.015141
-110 -95 0.037037
-110 -90 0.070534
-110 -85 0.118504
-110 -80 0.180016
-110 -75 0.252267
-110 -70 0.339602
-110 -65 0.438953
-110 -60 0.537702
-110 -55 0.610210
-110 -50 0.633225
-110 -45 0.590313
-110 -40 0.485907
-110 -35 0.360198
-110 -30 0.260463
-110 -25 0.239882
-110 -20 0.326845
-110 -15 0.513695
-110 -10 0.787220
-110 -5 1.078433
-110 0 1.320815
-110 5 1.456185
-110 10 1.441555
-110 15 1.295330
-110 20 1.050663
-110 25 0.766818
-110 30 0.502430
-110 35 0.286268
-110 40 0.146078
-110 45 0.066703
-110 50 0.031589
-110 55 0.036045
-110 60 0.061697
-110 65 0.111207
-110 70 0.182068
-110 75 0.269905
-110 80 0.374865
-110 85 0.531608
-110 90 0.758733
-110 95 1.072758
-110 100 1.500010
-110 105 2.008205
-110 110 2.573450
-110 115 3.102900
-110 120 3.520975
-110 125 3.700400
-110 130 3.533425
-110 135 3.059450
-110 140 2.435812
-110 145 1.838083
-110 150 1.411585
-110 155 1.142023
-110 160 0.990980
-110 165 0.853630
-110 170 0.698410
-110 175 0.525125
-105 -180 0.249811
-105 -175 0.158946
-105 -170 0.101469
-105 -165 0.064469
-105 -160 0.044055
-105 -155 0.029812
-105 -150 0.018100
-105 -145 0.009089
-105 -140 0.002910
-105 -135 0.000000
-105 -130 0.000000
-105 -125 0.000000
-105 -120 0.000000
-105 -115 0.000000
-105 -110 0.000915
-105 -105 0.006365
-105 -100 0.018488
-105 -95 0.043013
-105 -90 0.076845
-105 -85 0.124329
-105 -80 0.181745
-105 -75 0.252323
-105 -70 0.339567
-105 -65 0.446065
-105 -60 0.553957
-105 -55 0.637448
-105 -50 0.668625
-105 -45 0.629957
-105 -40 0.524930
-105 -35 0.400713
-105 -30 0.306422
-105 -25 0.299733
-105 -20 0.399770
-105 -15 0.603590
-105 -10 0.880868
-105 -5 1.158470
-105 0 1.371618
-105 5 1.464945
-105 10 1.403647
-105 15 1.216395
-105 20 0.951120
-105 25 0.673550
-105 30 0.431245
-105 35 0.246031
-105 40 0.130001
-105 45 0.062231
-105 50 0.029112
-105 55 0.027363
-105 60 0.047572
-105 65 0.096503
-105 70 0.172382
-105 75 0.278172
-105 80 0.410205
-105 85 0.609258
-105 90 0.882077
-105 95 1.237265
-105 100 1.705807
-105 105 2.240725
-105 110 2.823250
-105 115 3.368500
-105 120 3.795050
-105 125 3.965300
-105 130 3.761025
-105 135 3.233225
-105 140 2.539350
-105 145 1.857043
-105 150 1.348327
-105 155 1.005105
-105 160 0.800588
-105 165 0.641030
-105 170 0.500675
-105 175 0.367393
-100 -180 0.174570
-100 -175 0.113236
-100 -170 0.074022
-100 -165 0.048085
-100 -160 0.032564
-100 -155 0.021176
-100 -150 0.012678
-100 -145 0.006367
-100 -140 0.002039
-100 -135 0.000000
-100 -130 0.000000
-100 -125 0.000000
-100 -120 0.000000
-100 -115 0.000000
-100 -110 0.000996
-100 -105 0.006929
-100 -100 0.018374
-100 -95 0.041256
-100 -90 0.070997
-100 -85 0.111765
-100 -80 0.159023
-100 -75 0.221996
-100 -70 0.304867
-100 -65 0.416385
-100 -60 0.536763
-100 -55 0.641065
-100 -50 0.693935
-100 -45 0.672645
-100 -40 0.579230
-100 -35 0.465262
-100 -30 0.384068
-100 -25 0.396502
-100 -20 0.513962
-100 -15 0.733873
-100 -10 1.002272
-100 -5 1.241398
-100 0 1.392068
-100 5 1.412203
-100 10 1.286607
-100 15 1.057050
-100 20 0.783205
-100 25 0.528725
-100 30 0.324053
-100 35 0.182157
-100 40 0.098785
-100 45 0.049983
-100 50 0.026036
-100 55 0.024913
-100 60 0.047437
-100 65 0.104263
-100 70 0.195381
-100 75 0.328120
-100 80 0.492100
-100 85 0.725328
-100 90 1.019425
-100 95 1.376265
-100 100 1.837675
-100 105 2.356455
-100 110 2.929150
-100 115 3.484800
-100 120 3.934575
-100 125 4.123900
-100 130 3.920350
-100 135 3.376150
-100 140 2.644950
-100 145 1.905955
-100 150 1.334805
-100 155 0.933465
-100 160 0.684900
-100 165 0.504590
-100 170 0.370038
-100 175 0.259955
-95 -180 0.136797
-95 -175 0.087591
-95 -170 0.054601
-95 -165 0.034241
-95 -160 0.021328
-95 -155 0.012221
-95 -150 0.006950
-95 -145 0.003490
-95 -140 0.001118
-95 -135 0.000000
-95 -130 0.000000
-95 -125 0.000000
-95 -120 0.000000
-95 -115 0.000000
-95 -110 0.000851
-95 -105 0.005920
-95 -100 0.014740
-95 -95 0.032515
-95 -90 0.055145
-95 -85 0.085511
-95 -80 0.119711
-95 -75 0.171201
-95 -70 0.247314
-95 -65 0.363102
-95 -60 0.500745
-95 -55 0.636402
-95 -50 0.725148
-95 -45 0.734047
-95 -40 0.662818
-95 -35 0.565705
-95 -30 0.503300
-95 -25 0.537350
-95 -20 0.673647
-95 -15 0.902550
-95 -10 1.143537
-95 -5 1.316328
-95 0 1.373983
-95 5 1.298877
-95 10 1.104205
-95 15 0.844083
-95 20 0.581562
-95 25 0.366682
-95 30 0.209266
-95 35 0.113370
-95 40 0.062126
-95 45 0.032898
-95 50 0.019721
-95 55 0.021554
-95 60 0.048242
-95 65 0.112849
-95 70 0.218072
-95 75 0.371977
-95 80 0.556743
-95 85 0.801713
-95 90 1.086165
-95 95 1.413282
-95 100 1.837825
-95 105 2.325160
-95 110 2.887225
-95 115 3.462750
-95 120 3.948925
-95 125 4.174225
-95 130 3.996025
-95 135 3.463900
-95 140 2.725800
-95 145 1.965240
-95 150 1.361785
-95 155 0.928148
-95 160 0.651363
-95 165 0.455085
-95 170 0.316340
-95 175 0.210774
-90 -180 0.130491
-90 -175 0.079330
-90 -170 0.044256
-90 -165 0.025304
-90 -160 0.013524
-90 -155 0.006021
-90 -150 0.002985
-90 -145 0.001499
-90 -140 0.000480
-90 -135 0.000000
-90 -130 0.000000
-90 -125 0.000000
-90 -120 0.000000
-90 -115 0.000000
-90 -110 0.000570
-90 -105 0.003965
-90 -100 0.009464
-90 -95 0.020910
-90 -90 0.035755
-90 -85 0.055350
-90 -80 0.076846
-90 -75 0.115425
-90 -70 0.184306
-90 -65 0.305440
-90 -60 0.466755
-90 -55 0.644780
-90 -50 0.784747
-90 -45 0.838228
-90 -40 0.799945
-90 -35 0.725805
-90 -30 0.688260
-90 -25 0.743645
-90 -20 0.892620
-90 -15 1.110942
-90 -10 1.295508
-90 -5 1.371612
-90 0 1.316050
-90 5 1.143760
-90 10 0.895698
-90 15 0.628348
-90 20 0.398230
-90 25 0.230882
-90 30 0.118526
-90 35 0.060032
-90 40 0.032118
-90 45 0.017293
-90 50 0.012153
-90 55 0.016403
-90 60 0.045616
-90 65 0.113125
-90 70 0.224166
-90 75 0.383425
-90 80 0.566698
-90 85 0.793145
-90 90 1.038937
-90 95 1.319035
-90 100 1.698462
-90 105 2.164942
-90 110 2.739650
-90 115 3.359400
-90 120 3.903875
-90 125 4.185725
-90 130 4.055375
-90 135 3.552500
-90 140 2.822400
-90 145 2.059535
-90 150 1.439467
-90 155 0.986580
-90 160 0.689805
-90 165 0.478350
-90 170 0.326172
-90 175 0.209420
-85 -180 0.134309
-85 -175 0.075169
-85 -170 0.036786
-85 -165 0.018241
-85 -160 0.007465
-85 -155 0.001531
-85 -150 0.000165
-85 -145 0.000083
-85 -140 0.000027
-85 -135 0.000000
-85 -130 0.000000
-85 -125 0.000000
-85 -120 0.000000
-85 -115 0.000000
-85 -110 0.000299
-85 -105 0.002079
-85 -100 0.004611
-85 -95 0.010165
-85 -90 0.017616
-85 -85 0.027380
-85 -80 0.038366
-85 -75 0.065504
-85 -70 0.129487
-85 -65 0.259335
-85 -60 0.450172
-85 -55 0.679773
-85 -50 0.886690
-85 -45 1.006822
-85 -40 1.025625
-85 -35 0.994452
-85 -30 0.993173
-85 -25 1.063320
-85 -20 1.198495
-85 -15 1.362545
-85 -10 1.448228
-85 -5 1.400250
-85 0 1.226582
-85 5 0.972268
-85 10 0.694185
-85 15 0.439715
-85 20 0.252377
-85 25 0.131528
-85 30 0.057356
-85 35 0.025850
-85 40 0.012918
-85 45 0.006917
-85 50 0.005947
-85 55 0.010852
-85 60 0.038418
-85 65 0.099879
-85 70 0.201824
-85 75 0.344260
-85 80 0.501067
-85 85 0.683235
-85 90 0.873500
-85 95 1.102113
-85 100 1.437612
-85 105 1.895188
-85 110 2.500325
-85 115 3.183625
-85 120 3.809250
-85 125 4.176125
-85 130 4.124775
-85 135 3.672600
-85 140 2.964650
-85 145 2.209818
-85 150 1.577167
-85 155 1.105023
-85 160 0.783105
-85 165 0.546437
-85 170 0.367400
-85 175 0.227204
-80 -180 0.138967
-80 -175 0.071170
-80 -170 0.031566
-80 -165 0.014661
-80 -160 0.005568
-80 -155 0.001001
-80 -150 0.000000
-80 -145 0.000000
-80 -140 0.000000
-80 -135 0.000000
-80 -130 0.000000
-80 -125 0.000000
-80 -120 0.000000
-80 -115 0.000000
-80 -110 0.000115
-80 -105 0.000803
-80 -100 0.001779
-80 -95 0.004099
-80 -90 0.007434
-80 -85 0.011610
-80 -80 0.016137
-80 -75 0.034050
-80 -70 0.092971
-80 -65 0.229819
-80 -60 0.449130
-80 -55 0.733433
-80 -50 1.021373
-80 -45 1.235963
-80 -40 1.347778
-80 -35 1.391500
-80 -30 1.438658
-80 -25 1.507718
-80 -20 1.584167
-80 -15 1.634455
-80 -10 1.574523
-80 -5 1.381915
-80 0 1.097550
-80 5 0.786325
-80 10 0.506713
-80 15 0.285610
-80 20 0.146949
-80 25 0.068779
-80 30 0.024439
-80 35 0.009144
-80 40 0.003498
-80 45 0.001290
-80 50 0.001770
-80 55 0.005909
-80 60 0.028111
-80 65 0.075950
-80 70 0.155439
-80 75 0.263675
-80 80 0.377607
-80 85 0.504267
-80 90 0.638338
-80 95 0.821013
-80 100 1.118495
-80 105 1.567365
-80 110 2.195293
-80 115 2.932750
-80 120 3.635850
-80 125 4.100875
-80 130 4.157400
-80 135 3.787225
-80 140 3.126675
-80 145 2.389803
-80 150 1.743540
-80 155 1.244800
-80 160 0.889250
-80 165 0.622225
-80 170 0.412483
-80 175 0.246835
-75 -180 0.130379
-75 -175 0.058889
-75 -170 0.022746
-75 -165 0.009830
-75 -160 0.003466
-75 -155 0.000623
-75 -150 0.000000
-75 -145 0.000000
-75 -140 0.000000
-75 -135 0.000000
-75 -130 0.000000
-75 -125 0.000000
-75 -120 0.000000
-75 -115 0.000000
-75 -110 0.000000
-75 -105 0.000000
-75 -100 0.000000
-75 -95 0.000402
-75 -90 0.001280
-75 -85 0.002559
-75 -80 0.004069
-75 -75 0.016194
-75 -70 0.069931
-75 -65 0.208236
-75 -60 0.449263
-75 -55 0.785220
-75 -50 1.162392
-75 -45 1.497783
-75 -40 1.736500
-75 -35 1.879503
-75 -30 1.971990
-75 -25 2.010848
-75 -20 1.980550
-75 -15 1.868960
-75 -10 1.640525
-75 -5 1.311473
-75 0 0.944688
-75 5 0.610560
-75 10 0.353245
-75 15 0.174518
-75 20 0.078342
-75 25 0.032519
-75 30 0.008814
-75 35 0.002659
-75 40 0.000670
-75 45 0.000000
-75 50 0.000295
-75 55 0.002661
-75 60 0.017399
-75 65 0.048423
-75 70 0.100189
-75 75 0.168862
-75 80 0.237723
-75 85 0.311700
-75 90 0.397590
-75 95 0.538148
-75 100 0.793615
-75 105 1.216242
-75 110 1.837867
-75 115 2.601625
-75 120 3.367375
-75 125 3.936325
-75 130 4.124925
-75 135 3.869275
-75 140 3.285700
-75 145 2.578575
-75 150 1.917072
-75 155 1.382460
-75 160 0.982122
-75 165 0.677285
-75 170 0.435390
-75 175 0.248039
-70 -180 0.111099
-70 -175 0.042846
-70 -170 0.013542
-70 -165 0.005316
-70 -160 0.001704
-70 -155 0.000306
-70 -150 0.000000
-70 -145 0.000000
-70 -140 0.000000
-70 -135 0.000000
-70 -130 0.000000
-70 -125 0.000000
-70 -120 0.000000
-70 -115 0.000000
-70 -110 0.000000
-70 -105 0.000000
-70 -100 0.000000
-70 -95 0.000000
-70 -90 0.000000
-70 -85 0.000000
-70 -80 0.000000
-70 -75 0.008973
-70 -70 0.058953
-70 -65 0.195218
-70 -60 0.449980
-70 -55 0.828002
-70 -50 1.286585
-70 -45 1.745032
-70 -40 2.118572
-70 -35 2.363895
-70 -30 2.484707
-70 -25 2.460042
-70 -20 2.285652
-70 -15 1.988470
-70 -10 1.596305
-70 -5 1.163977
-70 0 0.759435
-70 5 0.442522
-70 10 0.230142
-70 15 0.099711
-70 20 0.038835
-70 25 0.015057
-70 30 0.003370
-70 35 0.001000
-70 40 0.000257
-70 45 0.000000
-70 50 0.000000
-70 55 0.001033
-70 60 0.009337
-70 65 0.026315
-70 70 0.054203
-70 75 0.090054
-70 80 0.123680
-70 85 0.159888
-70 90 0.211913
-70 95 0.316053
-70 100 0.522317
-70 105 0.888652
-70 110 1.452802
-70 115 2.183903
-70 120 2.961775
-70 125 3.604775
-70 130 3.921175
-70 135 3.802250
-70 140 3.329225
-70 145 2.679100
-70 150 2.020955
-70 155 1.459945
-70 160 1.020985
-70 165 0.685770
-70 170 0.423723
-70 175 0.228103
-65 -180 0.085064
-65 -175 0.027155
-65 -170 0.006119
-65 -165 0.001949
-65 -160 0.000489
-65 -155 0.000088
-65 -150 0.000000
-65 -145 0.000000
-65 -140 0.000000
-65 -135 0.000000
-65 -130 0.000000
-65 -125 0.000000
-65 -120 0.000000
-65 -115 0.000000
-65 -110 0.000000
-65 -105 0.000000
-65 -100 0.000000
-65 -95 0.000000
-65 -90 0.000000
-65 -85 0.000000
-65 -80 0.000000
-65 -75 0.008063
-65 -70 0.053936
-65 -65 0.180042
-65 -60 0.432792
-65 -55 0.829815
-65 -50 1.340352
-65 -45 1.892755
-65 -40 2.373110
-65 -35 2.692200
-65 -30 2.809525
-65 -25 2.698250
-65 -20 2.381363
-65 -15 1.928797
-65 -10 1.426983
-65 -5 0.954613
-65 0 0.564843
-65 5 0.296395
-65 10 0.137259
-65 15 0.050453
-65 20 0.015359
-65 25 0.005007
-65 30 0.000541
-65 35 0.000000
-65 40 0.000000
-65 45 0.000000
-65 50 0.000000
-65 55 0.000418
-65 60 0.004068
-65 65 0.011252
-65 70 0.022814
-65 75 0.037075
-65 80 0.049577
-65 85 0.064294
-65 90 0.094418
-65 95 0.165203
-65 100 0.318477
-65 105 0.610150
-65 110 1.085085
-65 115 1.738480
-65 120 2.477455
-65 125 3.140950
-65 130 3.540975
-65 135 3.539575
-65 140 3.179525
-65 145 2.600425
-65 150 1.969053
-65 155 1.407053
-65 160 0.958385
-65 165 0.621265
-65 170 0.368258
-65 175 0.187696
-60 -180 0.057801
-60 -175 0.015346
-60 -170 0.002086
-60 -165 0.000381
-60 -160 0.000000
-60 -155 0.000000
-60 -150 0.000000
-60 -145 0.000000
-60 -140 0.000000
-60 -135 0.000000
-60 -130 0.000000
-60 -125 0.000000
-60 -120 0.000000
-60 -115 0.000000
-60 -110 0.000000
-60 -105 0.000000
-60 -100 0.000000
-60 -95 0.000000
-60 -90 0.000000
-60 -85 0.000000
-60 -80 0.000000
-60 -75 0.008426
-60 -70 0.050902
-60 -65 0.161887
-60 -60 0.396263
-60 -55 0.778688
-60 -50 1.286227
-60 -45 1.859025
-60 -40 2.367913
-60 -35 2.694725
-60 -30 2.769975
-60 -25 2.576675
-60 -20 2.170148
-60 -15 1.648778
-60 -10 1.130788
-60 -5 0.697437
-60 0 0.374880
-60 5 0.177798
-60 10 0.073726
-60 15 0.023451
-60 20 0.005609
-60 25 0.001766
-60 30 0.000191
-60 35 0.000000
-60 40 0.000000
-60 45 0.000000
-60 50 0.000000
-60 55 0.000040
-60 60 0.001184
-60 65 0.003334
-60 70 0.006616
-60 75 0.010714
-60 80 0.013970
-60 85 0.018690
-60 90 0.034296
-60 95 0.074995
-60 100 0.174868
-60 105 0.381555
-60 110 0.745600
-60 115 1.281218
-60 120 1.924558
-60 125 2.541250
-60 130 2.959775
-60 135 3.034800
-60 140 2.776275
-60 145 2.286265
-60 150 1.720557
-60 155 1.202680
-60 160 0.790253
-60 165 0.490395
-60 170 0.278137
-60 175 0.134867
-55 -180 0.033581
-55 -175 0.007596
-55 -170 0.000497
-55 -165 0.000021
-55 -160 0.000000
-55 -155 0.000000
-55 -150 0.000000
-55 -145 0.000000
-55 -140 0.000000
-55 -135 0.000000
-55 -130 0.000000
-55 -125 0.000000
-55 -120 0.000000
-55 -115 0.000000
-55 -110 0.000000
-55 -105 0.000000
-55 -100 0.000000
-55 -95 0.000000
-55 -90 0.000000
-55 -85 0.000000
-55 -80 0.000000
-55 -75 0.009653
-55 -70 0.049832
-55 -65 0.143862
-55 -60 0.344660
-55 -55 0.674770
-55 -50 1.112745
-55 -45 1.611382
-55 -40 2.050490
-55 -35 2.313560
-55 -30 2.328213
-55 -25 2.096048
-55 -20 1.692527
-55 -15 1.215720
-55 -10 0.778377
-55 -5 0.444808
-55 0 0.216052
-55 5 0.090653
-55 10 0.031570
-55 15 0.007307
-55 20 0.000504
-55 25 0.000125
-55 30 0.000017
-55 35 0.000000
-55 40 0.000000
-55 45 0.000000
-55 50 0.000000
-55 55 0.000000
-55 60 0.000226
-55 65 0.000607
-55 70 0.001167
-55 75 0.001762
-55 80 0.002088
-55 85 0.003466
-55 90 0.010725
-55 95 0.030820
-55 100 0.089603
-55 105 0.221849
-55 110 0.474465
-55 115 0.870642
-55 120 1.370113
-55 125 1.872010
-55 130 2.236235
-55 135 2.334765
-55 140 2.156893
-55 145 1.773175
-55 150 1.315410
-55 155 0.891728
-55 160 0.559723
-55 165 0.329805
-55 170 0.177713
-55 175 0.081843
-50 -180 0.017104
-50 -175 0.003609
-50 -170 0.000199
-50 -165 0.000000
-50 -160 0.000000
-50 -155 0.000000
-50 -150 0.000000
-50 -145 0.000000
-50 -140 0.000000
-50 -135 0.000000
-50 -130 0.000000
-50 -125 0.000000
-50 -120 0.000000
-50 -115 0.000000
-50 -110 0.000000
-50 -105 0.000000
-50 -100 0.000000
-50 -95 0.000000
-50 -90 0.000000
-50 -85 0.000000
-50 -80 0.000000
-50 -75 0.010266
-50 -70 0.046222
-50 -65 0.120918
-50 -60 0.275873
-50 -55 0.525245
-50 -50 0.847465
-50 -45 1.208215
-50 -40 1.516177
-50 -35 1.681477
-50 -30 1.648963
-50 -25 1.434783
-50 -20 1.113328
-50 -15 0.759850
-50 -10 0.457018
-50 -5 0.244546
-50 0 0.108893
-50 5 0.041486
-50 10 0.012477
-50 15 0.002173
-50 20 0.000004
-50 25 0.000000
-50 30 0.000000
-50 35 0.000000
-50 40 0.000000
-50 45 0.000000
-50 50 0.000000
-50 55 0.000000
-50 60 0.000000
-50 65 0.000000
-50 70 0.000000
-50 75 0.000000
-50 80 0.000000
-50 85 0.000488
-50 90 0.003229
-50 95 0.010934
-50 100 0.041048
-50 105 0.116362
-50 110 0.274800
-50 115 0.537855
-50 120 0.881930
-50 125 1.238375
-50 130 1.504868
-50 135 1.585320
-50 140 1.464843
-50 145 1.191582
-50 150 0.864358
-50 155 0.563518
-50 160 0.335233
-50 165 0.186439
-50 170 0.095225
-50 175 0.041995
-45 -180 0.006247
-45 -175 0.001143
-45 -170 0.000044
-45 -165 0.000000
-45 -160 0.000000
-45 -155 0.000000
-45 -150 0.000000
-45 -145 0.000000
-45 -140 0.000000
-45 -135 0.000000
-45 -130 0.000000
-45 -125 0.000000
-45 -120 0.000000
-45 -115 0.000000
-45 -110 0.000000
-45 -105 0.000000
-45 -100 0.000000
-45 -95 0.000000
-45 -90 0.000000
-45 -85 0.000000
-45 -80 0.000000
-45 -75 0.009186
-45 -70 0.037676
-45 -65 0.091066
-45 -60 0.195005
-45 -55 0.355077
-45 -50 0.551897
-45 -45 0.763815
-45 -40 0.936002
-45 -35 1.014088
-45 -30 0.965032
-45 -25 0.808743
-45 -20 0.600920
-45 -15 0.387433
-45 -10 0.216135
-45 -5 0.106546
-45 0 0.042241
-45 5 0.013914
-45 10 0.003104
-45 15 0.000230
-45 20 0.000000
-45 25 0.000000
-45 30 0.000000
-45 35 0.000000
-45 40 0.000000
-45 45 0.000000
-45 50 0.000000
-45 55 0.000000
-45 60 0.000000
-45 65 0.000000
-45 70 0.000000
-45 75 0.000000
-45 80 0.000000
-45 85 0.000061
-45 90 0.000416
-45 95 0.001930
-45 100 0.014952
-45 105 0.052293
-45 110 0.139365
-45 115 0.291195
-45 120 0.494300
-45 125 0.708240
-45 130 0.869038
-45 135 0.917293
-45 140 0.841877
-45 145 0.673397
-45 150 0.474835
-45 155 0.295247
-45 160 0.163826
-45 165 0.084031
-45 170 0.039229
-45 175 0.015889
-40 -180 0.001226
-40 -175 0.000222
-40 -170 0.000000
-40 -165 0.000000
-40 -160 0.000000
-40 -155 0.000000
-40 -150 0.000000
-40 -145 0.000000
-40 -140 0.000000
-40 -135 0.000000
-40 -130 0.000000
-40 -125 0.000000
-40 -120 0.000000
-40 -115 0.000000
-40 -110 0.000000
-40 -105 0.000000
-40 -100 0.000000
-40 -95 0.000000
-40 -90 0.000000
-40 -85 0.000000
-40 -80 0.000000
-40 -75 0.006768
-40 -70 0.026102
-40 -65 0.059323
-40 -60 0.118849
-40 -55 0.203993
-40 -50 0.300438
-40 -45 0.396143
-40 -40 0.466385
-40 -35 0.486992
-40 -30 0.444153
-40 -25 0.354357
-40 -20 0.249985
-40 -15 0.151343
-40 -10 0.078332
-40 -5 0.036369
-40 0 0.013685
-40 5 0.004376
-40 10 0.000802
-40 15 0.000000
-40 20 0.000000
-40 25 0.000000
-40 30 0.000000
-40 35 0.000000
-40 40 0.000000
-40 45 0.000000
-40 50 0.000000
-40 55 0.000000
-40 60 0.000000
-40 65 0.000000
-40 70 0.000000
-40 75 0.000000
-40 80 0.000000
-40 85 0.000000
-40 90 0.000000
-40 95 0.000052
-40 100 0.005156
-40 105 0.020708
-40 110 0.060461
-40 115 0.133241
-40 120 0.231684
-40 125 0.337323
-40 130 0.416405
-40 135 0.437740
-40 140 0.395275
-40 145 0.306513
-40 150 0.205630
-40 155 0.117457
-40 160 0.056734
-40 165 0.024716
-40 170 0.009199
-40 175 0.002927
-35 -180 0.000000
-35 -175 0.000000
-35 -170 0.000000
-35 -165 0.000000
-35 -160 0.000000
-35 -155 0.000000
-35 -150 0.000000
-35 -145 0.000000
-35 -140 0.000000
-35 -135 0.000000
-35 -130 0.000000
-35 -125 0.000000
-35 -120 0.000000
-35 -115 0.000000
-35 -110 0.000000
-35 -105 0.000000
-35 -100 0.000000
-35 -95 0.000000
-35 -90 0.000000
-35 -85 0.000000
-35 -80 0.000000
-35 -75 0.003923
-35 -70 0.014358
-35 -65 0.031289
-35 -60 0.058757
-35 -55 0.094188
-35 -50 0.128735
-35 -45 0.157121
-35 -40 0.172131
-35 -35 0.167664
-35 -30 0.141337
-35 -25 0.103291
-35 -20 0.066829
-35 -15 0.036716
-35 -10 0.017073
-35 -5 0.007866
-35 0 0.003260
-35 5 0.001241
-35 10 0.000224
-35 15 0.000000
-35 20 0.000000
-35 25 0.000000
-35 30 0.000000
-35 35 0.000000
-35 40 0.000000
-35 45 0.000000
-35 50 0.000000
-35 55 0.000000
-35 60 0.000000
-35 65 0.000000
-35 70 0.000000
-35 75 0.000000
-35 80 0.000000
-35 85 0.000000
-35 90 0.000000
-35 95 0.000000
-35 100 0.001731
-35 105 0.007331
-35 110 0.022546
-35 115 0.051570
-35 120 0.090481
-35 125 0.132391
-35 130 0.162495
-35 135 0.168014
-35 140 0.147175
-35 145 0.109232
-35 150 0.068951
-35 155 0.035817
-35 160 0.014495
-35 165 0.005128
-35 170 0.001095
-35 175 0.000030
-30 -180 0.000000
-30 -175 0.000000
-30 -170 0.000000
-30 -165 0.000000
-30 -160 0.000000
-30 -155 0.000000
-30 -150 0.000000
-30 -145 0.000000
-30 -140 0.000000
-30 -135 0.000000
-30 -130 0.000000
-30 -125 0.000000
-30 -120 0.000000
-30 -115 0.000000
-30 -110 0.000000
-30 -105 0.000000
-30 -100 0.000000
-30 -95 0.000000
-30 -90 0.000000
-30 -85 0.000000
-30 -80 0.000000
-30 -75 0.001839
-30 -70 0.006439
-30 -65 0.013587
-30 -60 0.023192
-30 -55 0.033147
-30 -50 0.039731
-30 -45 0.041675
-30 -40 0.039692
-30 -35 0.034432
-30 -30 0.025930
-30 -25 0.016715
-30 -20 0.009294
-30 -15 0.003954
-30 -10 0.000879
-30 -5 0.000027
-30 0 0.000000
-30 5 0.000000
-30 10 0.000000
-30 15 0.000000
-30 20 0.000000
-30 25 0.000000
-30 30 0.000000
-30 35 0.000000
-30 40 0.000000
-30 45 0.000000
-30 50 0.000000
-30 55 0.000000
-30 60 0.000000
-30 65 0.000000
-30 70 0.000000
-30 75 0.000000
-30 80 0.000000
-30 85 0.000000
-30 90 0.000000
-30 95 0.000000
-30 100 0.000307
-30 105 0.001497
-30 110 0.005086
-30 115 0.012407
-30 120 0.021824
-30 125 0.031984
-30 130 0.038750
-30 135 0.038864
-30 140 0.032569
-30 145 0.023005
-30 150 0.013846
-30 155 0.006860
-30 160 0.002555
-30 165 0.001120
-30 170 0.000269
-30 175 0.000000
-25 -180 0.000000
-25 -175 0.000000
-25 -170 0.000000
-25 -165 0.000000
-25 -160 0.000000
-25 -155 0.000000
-25 -150 0.000000
-25 -145 0.000000
-25 -140 0.000000
-25 -135 0.000000
-25 -130 0.000000
-25 -125 0.000000
-25 -120 0.000000
-25 -115 0.000000
-25 -110 0.000000
-25 -105 0.000000
-25 -100 0.000000
-25 -95 0.000000
-25 -90 0.000000
-25 -85 0.000000
-25 -80 0.000000
-25 -75 0.000398
-25 -70 0.001274
-25 -65 0.002550
-25 -60 0.004027
-25 -55 0.005025
-25 -50 0.004957
-25 -45 0.003869
-25 -40 0.002388
-25 -35 0.001165
-25 -30 0.000320
-25 -25 0.000000
-25 -20 0.000000
-25 -15 0.000000
-25 -10 0.000000
-25 -5 0.000000
-25 0 0.000000
-25 5 0.000000
-25 10 0.000000
-25 15 0.000000
-25 20 0.000000
-25 25 0.000000
-25 30 0.000000
-25 35 0.000000
-25 40 0.000000
-25 45 0.000000
-25 50 0.000000
-25 55 0.000000
-25 60 0.000000
-25 65 0.000000
-25 70 0.000000
-25 75 0.000000
-25 80 0.000000
-25 85 0.000000
-25 90 0.000000
-25 95 0.000000
-25 100 0.000022
-25 105 0.000122
-25 110 0.000710
-25 115 0.002246
-25 120 0.004347
-25 125 0.006804
-25 130 0.008563
-25 135 0.008619
-25 140 0.006908
-25 145 0.004384
-25 150 0.002183
-25 155 0.000725
-25 160 0.000000
-25 165 0.000000
-25 170 0.000000
-25 175 0.000000
-20 -180 0.000000
-20 -175 0.000000
-20 -170 0.000000
-20 -165 0.000000
-20 -160 0.000000
-20 -155 0.000000
-20 -150 0.000000
-20 -145 0.000000
-20 -140 0.000000
-20 -135 0.000000
-20 -130 0.000000
-20 -125 0.000000
-20 -120 0.000000
-20 -115 0.000000
-20 -110 0.000000
-20 -105 0.000000
-20 -100 0.000000
-20 -95 0.000000
-20 -90 0.000000
-20 -85 0.000000
-20 -80 0.000000
-20 -75 0.000000
-20 -70 0.000000
-20 -65 0.000000
-20 -60 0.000000
-20 -55 0.000000
-20 -50 0.000000
-20 -45 0.000000
-20 -40 0.000000
-20 -35 0.000000
-20 -30 0.000000
-20 -25 0.000000
-20 -20 0.000000
-20 -15 0.000000
-20 -10 0.000000
-20 -5 0.000000
-20 0 0.000000
-20 5 0.000000
-20 10 0.000000
-20 15 0.000000
-20 20 0.000000
-20 25 0.000000
-20 30 0.000000
-20 35 0.000000
-20 40 0.000000
-20 45 0.000000
-20 50 0.000000
-20 55 0.000000
-20 60 0.000000
-20 65 0.000000
-20 70 0.000000
-20 75 0.000000
-20 80 0.000000
-20 85 0.000000
-20 90 0.000000
-20 95 0.000000
-20 100 0.000000
-20 105 0.000000
-20 110 0.000110
-20 115 0.000444
-20 120 0.000926
-20 125 0.001525
-20 130 0.001987
-20 135 0.002048
-20 140 0.001667
-20 145 0.001071
-20 150 0.000542
-20 155 0.000180
-20 160 0.000000
-20 165 0.000000
-20 170 0.000000
-20 175 0.000000
-15 -180 0.000000
-15 -175 0.000000
-15 -170 0.000000
-15 -165 0.000000
-15 -160 0.000000
-15 -155 0.000000
-15 -150 0.000000
-15 -145 0.000000
-15 -140 0.000000
-15 -135 0.000000
-15 -130 0.000000
-15 -125 0.000000
-15 -120 0.000000
-15 -115 0.000000
-15 -110 0.000000
-15 -105 0.000000
-15 -100 0.000000
-15 -95 0.000000
-15 -90 0.000000
-15 -85 0.000000
-15 -80 0.000000
-15 -75 0.000000
-15 -70 0.000000
-15 -65 0.000000
-15 -60 0.000000
-15 -55 0.000000
-15 -50 0.000000
-15 -45 0.000000
-15 -40 0.000000
-15 -35 0.000000
-15 -30 0.000000
-15 -25 0.000000
-15 -20 0.000000
-15 -15 0.000000
-15 -10 0.000000
-15 -5 0.000000
-15 0 0.000000
-15 5 0.000000
-15 10 0.000000
-15 15 0.000000
-15 20 0.000000
-15 25 0.000000
-15 30 0.000000
-15 35 0.000000
-15 40 0.000000
-15 45 0.000000
-15 50 0.000000
-15 55 0.000000
-15 60 0.000000
-15 65 0.000000
-15 70 0.000000
-15 75 0.000000
-15 80 0.000000
-15 85 0.000000
-15 90 0.000000
-15 95 0.000000
-15 100 0.000000
-15 105 0.000000
-15 110 0.000000
-15 115 0.000000
-15 120 0.000000
-15 125 0.000000
-15 130 0.000000
-15 135 0.000000
-15 140 0.000000
-15 145 0.000000
-15 150 0.000000
-15 155 0.000000
-15 160 0.000000
-15 165 0.000000
-15 170 0.000000
-15 175 0.000000
-10 -180 0.000000
-10 -175 0.000000
-10 -170 0.000000
-10 -165 0.000000
-10 -160 0.000000
-10 -155 0.000000
-10 -150 0.000000
-10 -145 0.000000
-10 -140 0.000000
-10 -135 0.000000
-10 -130 0.000000
-10 -125 0.000000
-10 -120 0.000000
-10 -115 0.000000
-10 -110 0.000000
-10 -105 0.000000
-10 -100 0.000000
-10 -95 0.000000
-10 -90 0.000000
-10 -85 0.000000
-10 -80 0.000000
-10 -75 0.000000
-10 -70 0.000000
-10 -65 0.000000
-10 -60 0.000000
-10 -55 0.000000
-10 -50 0.000000
-10 -45 0.000000
-10 -40 0.000000
-10 -35 0.000000
-10 -30 0.000000
-10 -25 0.000000
-10 -20 0.000000
-10 -15 0.000000
-10 -10 0.000000
-10 -5 0.000000
-10 0 0.000000
-10 5 0.000000
-10 10 0.000000
-10 15 0.000000
-10 20 0.000000
-10 25 0.000000
-10 30 0.000000
-10 35 0.000000
-10 40 0.000000
-10 45 0.000000
-10 50 0.000000
-10 55 0.000000
-10 60 0.000000
-10 65 0.000000
-10 70 0.000000
-10 75 0.000000
-10 80 0.000000
-10 85 0.000000
-10 90 0.000000
-10 95 0.000000
-10 100 0.000000
-10 105 0.000000
-10 110 0.000000
-10 115 0.000000
-10 120 0.000000
-10 125 0.000000
-10 130 0.000000
-10 135 0.000000
-10 140 0.000000
-10 145 0.000000
-10 150 0.000000
-10 155 0.000000
-10 160 0.000000
-10 165 0.000000
-10 170 0.000000
-10 175 0.000000
-5 -180 0.000000
-5 -175 0.000000
-5 -170 0.000000
-5 -165 0.000000
-5 -160 0.000000
-5 -155 0.000000
-5 -150 0.000000
-5 -145 0.000000
-5 -140 0.000000
-5 -135 0.000000
-5 -130 0.000000
-5 -125 0.000000
-5 -120 0.000000
-5 -115 0.000000
-5 -110 0.000000
-5 -105 0.000000
-5 -100 0.000000
-5 -95 0.000000
-5 -90 0.000000
-5 -85 0.000000
-5 -80 0.000000
-5 -75 0.000000
-5 -70 0.000000
-5 -65 0.000000
-5 -60 0.000000
-5 -55 0.000000
-5 -50 0.000000
-5 -45 0.000000
-5 -40 0.000000
-5 -35 0.000000
-5 -30 0.000000
-5 -25 0.000000
-5 -20 0.000000
-5 -15 0.000000
-5 -10 0.000000
-5 -5 0.000000
-5 0 0.000000
-5 5 0.000000
-5 10 0.000000
-5 15 0.000000
-5 20 0.000000
-5 25 0.000000
-5 30 0.000000
-5 35 0.000000
-5 40 0.000000
-5 45 0.000000
-5 50 0.000000
-5 55 0.000000
-5 60 0.000000
-5 65 0.000000
-5 70 0.000000
-5 75 0.000000
-5 80 0.000000
-5 85 0.000000
-5 90 0.000000
-5 95 0.000000
-5 100 0.000000
-5 105 0.000000
-5 110 0.000000
-5 115 0.000000
-5 120 0.000000
-5 125 0.000000
-5 130 0.000000
-5 135 0.000000
-5 140 0.000000
-5 145 0.000000
-5 150 0.000000
-5 155 0.000000
-5 160 0.000000
-5 165 0.000000
-5 170 0.000000
-5 175 0.000000
0 -180 0.000000
0 -175 0.000000
0 -170 0.000000
0 -165 0.000000
0 -160 0.000000
0 -155 0.000000
0 -150 0.000000
0 -145 0.000000
0 -140 0.000000
0 -135 0.000000
0 -130 0.000000
0 -125 0.000000
0 -120 0.000000
0 -115 0.000000
0 -110 0.000000
0 -105 0.000000
0 -100 0.000000
0 -95 0.000000
0 -90 0.000000
0 -85 0.000000
0 -80 0.000000
0 -75 0.000000
0 -70 0.000000
0 -65 0.000000
0 -60 0.000000
0 -55 0.000000
0 -50 0.000000
0 -45 0.000000
0 -40 0.000000
0 -35 0.000000
0 -30 0.000000
0 -25 0.000000
0 -20 0.000000
0 -15 0.000000
0 -10 0.000000
0 -5 0.000000
0 0 0.000000
0 5 0.000000
0 10 0.000000
0 15 0.000000
0 20 0.000000
0 25 0.000000
0 30 0.000000
0 35 0.000000
0 40 0.000000
0 45 0.000000
0 50 0.000000
0 55 0.000000
0 60 0.000000
0 65 0.000000
0 70 0.000000
0 75 0.000000
0 80 0.000000
0 85 0.000000
0 90 0.000000
0 95 0.000000
0 100 0.000000
0 105 0.000000
0 110 0.000000
0 115 0.000000
0 120 0.000000
0 125 0.000000
0 130 0.000000
0 135 0.000000
0 140 0.000000
0 145 0.000000
0 150 0.000000
0 155 0.000000
0 160 0.000000
0 165 0.000000
0 170 0.000000
0 175 0.000000
5 -180 0.000000
5 -175 0.000000
5 -170 0.000000
5 -165 0.000000
5 -160 0.000000
5 -155 0.000000
5 -150 0.000000
5 -145 0.000000
5 -140 0.000000
5 -135 0.000000
5 -130 0.000000
5 -125 0.000000
5 -120 0.000000
5 -115 0.000000
5 -110 0.000000
5 -105 0.000000
5 -100 0.000000
5 -95 0.000000
5 -90 0.000000
5 -85 0.000000
5 -80 0.000000
5 -75 0.000000
5 -70 0.000000
5 -65 0.000000
5 -60 0.000000
5 -55 0.000000
5 -50 0.000000
5 -45 0.000000
5 -40 0.000000
5 -35 0.000000
5 -30 0.000000
5 -25 0.000000
5 -20 0.000000
5 -15 0.000000
5 -10 0.000000
5 -5 0.000000
5 0 0.000000
5 5 0.000000
5 10 0.000000
5 15 0.000000
5 20 0.000000
5 25 0.000000
5 30 0.000000
5 35 0.000000
5 40 0.000000
5 45 0.000000
5 50 0.000000
5 55 0.000000
5 60 0.000000
5 65 0.000000
5 70 0.000000
5 75 0.000000
5 80 0.000000
5 85 0.000000
5 90 0.000000
5 95 0.000000
5 100 0.000000
5 105 0.000000
5 110 0.000000
5 115 0.000000
5 120 0.000000
5 125 0.000000
5 130 0.000000
5 135 0.000000
5 140 0.000000
5 145 0.000000
5 150 0.000000
5 155 0.000000
5 160 0.000000
5 165 0.000000
5 170 0.000000
5 175 0.000000
10 -180 0.000000
10 -175 0.000000
10 -170 0.000000
10 -165 0.000000
10 -160 0.000000
10 -155 0.000000
10 -150 0.000000
10 -145 0.000000
10 -140 0.000000
10 -135 0.000000
10 -130 0.000000
10 -125 0.000000
10 -120 0.000000
10 -115 0.000000
10 -110 0.000000
10 -105 0.000000
10 -100 0.000000
10 -95 0.000000
10 -90 0.000000
10 -85 0.000000
10 -80 0.000000
10 -75 0.000000
10 -70 0.000000
10 -65 0.000000
10 -60 0.000000
10 -55 0.000000
10 -50 0.000000
10 -45 0.000000
10 -40 0.000000
10 -35 0.000000
10 -30 0.000000
10 -25 0.000000
10 -20 0.000000
10 -15 0.000000
10 -10 0.000000
10 -5 0.000000
10 0 0.000000
10 5 0.000000
10 10 0.000000
10 15 0.000000
10 20 0.000000
10 25 0.000000
10 30 0.000000
10 35 0.000000
10 40 0.000000
10 45 0.000000
10 50 0.000000
10 55 0.000000
10 60 0.000000
10 65 0.000000
10 70 0.000000
10 75 0.000000
10 80 0.000000
10 85 0.000000
10 90 0.000000
10 95 0.000000
10 100 0.000000
10 105 0.000000
10 110 0.000000
10 115 0.000000
10 120 0.000000
10 125 0.000000
10 130 0.000000
10 135 0.000000
10 140 0.000000
10 145 0.000000
10 150 0.000000
10 155 0.000000
10 160 0.000000
10 165 0.000000
10 170 0.000000
10 175 0.000000
15 -180 0.000000
15 -175 0.000000
15 -170 0.000000
15 -165 0.000000
15 -160 0.000000
15 -155 0.000000
15 -150 0.000000
15 -145 0.000000
15 -140 0.000000
15 -135 0.000000
15 -130 0.000000
15 -125 0.000000
15 -120 0.000000
15 -115 0.000000
15 -110 0.000000
15 -105 0.000000
15 -100 0.000000
15 -95 0.000000
15 -90 0.000000
15 -85 0.000000
15 -80 0.000000
15 -75 0.000000
15 -70 0.000000
15 -65 0.000000
15 -60 0.000000
15 -55 0.000000
15 -50 0.000000
15 -45 0.000000
15 -40 0.000000
15 -35 0.000000
15 -30 0.000000
15 -25 0.000000
15 -20 0.000000
15 -15 0.000000
15 -10 0.000000
15 -5 0.000000
15 0 0.000000
15 5 0.000000
15 10 0.000000
15 15 0.000000
15 20 0.000000
15 25 0.000011
15 30 0.000549
15 35 0.001304
15 40 0.002417
15 45 0.003494
15 50 0.003940
15 55 0.003463
15 60 0.002373
15 65 0.001267
15 70 0.000524
15 75 0.000000
15 80 0.000000
15 85 0.000000
15 90 0.000000
15 95 0.000000
15 100 0.000000
15 105 0.000000
15 110 0.000000
15 115 0.000000
15 120 0.000000
15 125 0.000000
15 130 0.000000
15 135 0.000000
15 140 0.000000
15 145 0.000000
15 150 0.000000
15 155 0.000000
15 160 0.000000
15 165 0.000000
15 170 0.000000
15 175 0.000000
20 -180 0.000000
20 -175 0.000000
20 -170 0.000000
20 -165 0.000000
20 -160 0.000000
20 -155 0.000000
20 -150 0.000000
20 -145 0.000000
20 -140 0.000000
20 -135 0.000000
20 -130 0.000000
20 -125 0.000000
20 -120 0.000000
20 -115 0.000000
20 -110 0.000000
20 -105 0.000000
20 -100 0.000000
20 -95 0.000000
20 -90 0.000000
20 -85 0.000000
20 -80 0.000000
20 -75 0.000000
20 -70 0.000000
20 -65 0.000000
20 -60 0.000000
20 -55 0.000000
20 -50 0.000000
20 -45 0.000000
20 -40 0.000000
20 -35 0.000000
20 -30 0.000000
20 -25 0.000000
20 -20 0.000000
20 -15 0.000000
20 -10 0.000000
20 -5 0.000000
20 0 0.000000
20 5 0.000000
20 10 0.000000
20 15 0.000000
20 20 0.000000
20 25 0.000030
20 30 0.001553
20 35 0.003688
20 40 0.006834
20 45 0.009879
20 50 0.011139
20 55 0.009791
20 60 0.006709
20 65 0.003582
20 70 0.001481
20 75 0.000000
20 80 0.000000
20 85 0.000000
20 90 0.000000
20 95 0.000000
20 100 0.000000
20 105 0.000000
20 110 0.000000
20 115 0.000000
20 120 0.000000
20 125 0.000000
20 130 0.000000
20 135 0.000000
20 140 0.000000
20 145 0.000000
20 150 0.000000
20 155 0.000000
20 160 0.000000
20 165 0.000000
20 170 0.000000
20 175 0.000000
25 -180 0.000000
25 -175 0.000000
25 -170 0.000000
25 -165 0.000000
25 -160 0.000000
25 -155 0.000000
25 -150 0.000000
25 -145 0.000000
25 -140 0.000000
25 -135 0.000000
25 -130 0.000000
25 -125 0.000000
25 -120 0.000000
25 -115 0.000000
25 -110 0.000000
25 -105 0.000000
25 -100 0.000000
25 -95 0.000000
25 -90 0.000000
25 -85 0.000000
25 -80 0.000000
25 -75 0.000000
25 -70 0.000000
25 -65 0.000000
25 -60 0.000000
25 -55 0.000000
25 -50 0.000000
25 -45 0.000000
25 -40 0.000000
25 -35 0.000000
25 -30 0.000000
25 -25 0.000000
25 -20 0.000000
25 -15 0.000000
25 -10 0.000000
25 -5 0.000000
25 0 0.000000
25 5 0.000000
25 10 0.000000
25 15 0.000000
25 20 0.000000
25 25 0.000059
25 30 0.003027
25 35 0.007186
25 40 0.013316
25 45 0.019252
25 50 0.021706
25 55 0.019080
25 60 0.013074
25 65 0.006981
25 70 0.002886
25 75 0.000000
25 80 0.000000
25 85 0.000000
25 90 0.000000
25 95 0.000000
25 100 0.000000
25 105 0.000000
25 110 0.000000
25 115 0.000000
25 120 0.000000
25 125 0.000000
25 130 0.000000
25 135 0.000000
25 140 0.000000
25 145 0.000000
25 150 0.000000
25 155 0.000000
25 160 0.000000
25 165 0.000000
25 170 0.000000
25 175 0.000000
30 -180 0.000000
30 -175 0.000000
30 -170 0.000000
30 -165 0.000000
30 -160 0.000000
30 -155 0.000000
30 -150 0.000000
30 -145 0.000000
30 -140 0.000000
30 -135 0.000000
30 -130 0.000000
30 -125 0.000000
30 -120 0.000000
30 -115 0.000000
30 -110 0.000000
30 -105 0.000000
30 -100 0.000000
30 -95 0.000000
30 -90 0.000000
30 -85 0.000000
30 -80 0.000000
30 -75 0.000000
30 -70 0.000000
30 -65 0.000000
30 -60 0.000000
30 -55 0.000000
30 -50 0.000000
30 -45 0.000000
30 -40 0.000000
30 -35 0.000000
30 -30 0.000000
30 -25 0.000000
30 -20 0.000000
30 -15 0.000000
30 -10 0.000000
30 -5 0.000000
30 0 0.000381
30 5 0.000975
30 10 0.001855
30 15 0.002761
30 20 0.003218
30 25 0.003031
30 30 0.006748
30 35 0.012201
30 40 0.020932
30 45 0.029708
30 50 0.034047
30 55 0.030939
30 60 0.022938
30 65 0.014610
30 70 0.008577
30 75 0.003476
30 80 0.002286
30 85 0.001181
30 90 0.000429
30 95 0.000000
30 100 0.000000
30 105 0.000000
30 110 0.000000
30 115 0.000000
30 120 0.000000
30 125 0.000000
30 130 0.000000
30 135 0.000000
30 140 0.000000
30 145 0.000000
30 150 0.000000
30 155 0.000000
30 160 0.000000
30 165 0.000000
30 170 0.000000
30 175 0.000000
35 -180 0.000000
35 -175 0.000000
35 -170 0.000000
35 -165 0.000000
35 -160 0.000000
35 -155 0.000000
35 -150 0.000000
35 -145 0.000000
35 -140 0.000000
35 -135 0.000000
35 -130 0.000000
35 -125 0.000000
35 -120 0.000000
35 -115 0.000000
35 -110 0.000000
35 -105 0.000000
35 -100 0.000000
35 -95 0.000000
35 -90 0.000000
35 -85 0.000000
35 -80 0.000000
35 -75 0.000000
35 -70 0.000000
35 -65 0.000000
35 -60 0.000000
35 -55 0.000000
35 -50 0.000000
35 -45 0.000000
35 -40 0.000000
35 -35 0.000000
35 -30 0.000000
35 -25 0.000000
35 -20 0.000000
35 -15 0.000000
35 -10 0.000000
35 -5 0.000000
35 0 0.001189
35 5 0.003047
35 10 0.005794
35 15 0.008623
35 20 0.010050
35 25 0.009294
35 30 0.012187
35 35 0.017003
35 40 0.026266
35 45 0.036186
35 50 0.042267
35 55 0.039898
35 60 0.032058
35 65 0.023530
35 70 0.016616
35 75 0.009436
35 80 0.006206
35 85 0.003206
35 90 0.001166
35 95 0.000000
35 100 0.000000
35 105 0.000000
35 110 0.000000
35 115 0.000000
35 120 0.000000
35 125 0.000000
35 130 0.000000
35 135 0.000000
35 140 0.000000
35 145 0.000000
35 150 0.000000
35 155 0.000000
35 160 0.000000
35 165 0.000000
35 170 0.000000
35 175 0.000000
40 -180 0.000000
40 -175 0.000000
40 -170 0.000000
40 -165 0.000000
40 -160 0.000000
40 -155 0.000000
40 -150 0.000000
40 -145 0.000000
40 -140 0.000000
40 -135 0.000000
40 -130 0.000000
40 -125 0.000000
40 -120 0.000309
40 -115 0.000783
40 -110 0.001486
40 -105 0.002204
40 -100 0.002558
40 -95 0.002327
40 -90 0.001660
40 -85 0.000930
40 -80 0.000410
40 -75 0.000042
40 -70 0.000000
40 -65 0.000000
40 -60 0.000000
40 -55 0.000000
40 -50 0.000000
40 -45 0.000000
40 -40 0.000000
40 -35 0.000000
40 -30 0.000000
40 -25 0.000000
40 -20 0.000000
40 -15 0.000000
40 -10 0.000000
40 -5 0.000000
40 0 0.002368
40 5 0.006066
40 10 0.011538
40 15 0.017170
40 20 0.020012
40 25 0.018395
40 30 0.018449
40 35 0.020044
40 40 0.026706
40 45 0.035025
40 50 0.042364
40 55 0.042730
40 60 0.038737
40 65 0.033646
40 70 0.027991
40 75 0.019405
40 80 0.012963
40 85 0.006828
40 90 0.002577
40 95 0.000114
40 100 0.000000
40 105 0.000000
40 110 0.000000
40 115 0.000000
40 120 0.000000
40 125 0.000000
40 130 0.000000
40 135 0.000000
40 140 0.000000
40 145 0.000000
40 150 0.000000
40 155 0.000000
40 160 0.000000
40 165 0.000000
40 170 0.000000
40 175 0.000000
45 -180 0.000000
45 -175 0.000000
45 -170 0.000000
45 -165 0.000000
45 -160 0.000000
45 -155 0.000000
45 -150 0.000000
45 -145 0.000000
45 -140 0.000000
45 -135 0.000000
45 -130 0.000000
45 -125 0.000000
45 -120 0.001104
45 -115 0.002799
45 -110 0.005310
45 -105 0.007875
45 -100 0.009140
45 -95 0.008312
45 -90 0.005930
45 -85 0.003324
45 -80 0.001901
45 -75 0.001462
45 -70 0.002592
45 -65 0.004036
45 -60 0.004958
45 -55 0.004812
45 -50 0.003692
45 -45 0.002241
45 -40 0.001076
45 -35 0.000267
45 -30 0.000000
45 -25 0.000000
45 -20 0.000000
45 -15 0.000000
45 -10 0.000000
45 -5 0.000000
45 0 0.003719
45 5 0.009527
45 10 0.018120
45 15 0.026964
45 20 0.031428
45 25 0.028803
45 30 0.024613
45 35 0.021125
45 40 0.022757
45 45 0.027227
45 50 0.035264
45 55 0.040183
45 60 0.043404
45 65 0.045411
45 70 0.043583
45 75 0.034685
45 80 0.024002
45 85 0.013180
45 90 0.005356
45 95 0.000679
45 100 0.000000
45 105 0.000000
45 110 0.000000
45 115 0.000000
45 120 0.000000
45 125 0.000000
45 130 0.000000
45 135 0.000000
45 140 0.000000
45 145 0.000000
45 150 0.000000
45 155 0.000000
45 160 0.000000
45 165 0.000000
45 170 0.000000
45 175 0.000000
50 -180 0.000000
50 -175 0.000000
50 -170 0.000000
50 -165 0.000000
50 -160 0.000000
50 -155 0.000000
50 -150 0.000000
50 -145 0.000000
50 -140 0.000000
50 -135 0.000000
50 -130 0.000000
50 -125 0.000000
50 -120 0.002255
50 -115 0.005718
50 -110 0.010845
50 -105 0.016085
50 -100 0.018670
50 -95 0.016979
50 -90 0.012113
50 -85 0.006789
50 -80 0.004076
50 -75 0.003568
50 -70 0.006443
50 -65 0.010032
50 -60 0.012325
50 -55 0.011961
50 -50 0.009178
50 -45 0.005570
50 -40 0.002674
50 -35 0.000663
50 -30 0.000000
50 -25 0.000000
50 -20 0.000000
50 -15 0.000000
50 -10 0.000000
50 -5 0.000000
50 0 0.004612
50 5 0.011814
50 10 0.022470
50 15 0.033438
50 20 0.038974
50 25 0.035667
50 30 0.027938
50 35 0.020062
50 40 0.016853
50 45 0.017269
50 50 0.025191
50 55 0.034236
50 60 0.044411
50 65 0.053657
50 70 0.056361
50 75 0.048352
50 80 0.034401
50 85 0.019479
50 90 0.008313
50 95 0.001483
50 100 0.000000
50 105 0.000000
50 110 0.000000
50 115 0.000000
50 120 0.000000
50 125 0.000000
50 130 0.000000
50 135 0.000000
50 140 0.000000
50 145 0.000000
50 150 0.000000
50 155 0.000000
50 160 0.000000
50 165 0.000000
50 170 0.000000
50 175 0.000000
55 -180 0.000000
55 -175 0.000000
55 -170 0.000000
55 -165 0.000000
55 -160 0.000000
55 -155 0.000000
55 -150 0.000000
55 -145 0.000000
55 -140 0.000000
55 -135 0.000000
55 -130 0.000000
55 -125 0.000000
55 -120 0.003641
55 -115 0.009231
55 -110 0.017510
55 -105 0.025969
55 -100 0.030142
55 -95 0.027412
55 -90 0.019662
55 -85 0.011551
55 -80 0.008158
55 -75 0.008849
55 -70 0.015696
55 -65 0.023487
55 -60 0.028520
55 -55 0.028142
55 -50 0.022599
55 -45 0.014761
55 -40 0.007787
55 -35 0.002755
55 -30 0.000645
55 -25 0.000036
55 -20 0.000000
55 -15 0.000000
55 -10 0.000000
55 -5 0.000000
55 0 0.004521
55 5 0.011581
55 10 0.022026
55 15 0.032777
55 20 0.038203
55 25 0.034939
55 30 0.026174
55 35 0.016788
55 40 0.011188
55 45 0.009158
55 50 0.016200
55 55 0.027578
55 60 0.042098
55 65 0.056555
55 70 0.063453
55 75 0.057543
55 80 0.042331
55 85 0.024816
55 90 0.011146
55 95 0.002560
55 100 0.000000
55 105 0.000429
55 110 0.001195
55 115 0.002322
55 120 0.003543
55 125 0.004255
55 130 0.004028
55 135 0.003009
55 140 0.001776
55 145 0.000829
55 150 0.000167
55 155 0.000000
55 160 0.000000
55 165 0.000000
55 170 0.000000
55 175 0.000000
60 -180 0.000000
60 -175 0.000000
60 -170 0.000000
60 -165 0.000000
60 -160 0.000000
60 -155 0.000000
60 -150 0.000000
60 -145 0.000000
60 -140 0.000000
60 -135 0.000000
60 -130 0.000000
60 -125 0.000000
60 -120 0.004649
60 -115 0.011787
60 -110 0.022357
60 -105 0.033158
60 -100 0.038488
60 -95 0.035001
60 -90 0.025302
60 -85 0.015841
60 -80 0.013188
60 -75 0.016787
60 -70 0.029690
60 -65 0.043575
60 -60 0.053009
60 -55 0.053541
60 -50 0.044858
60 -45 0.030972
60 -40 0.017347
60 -35 0.007185
60 -30 0.002187
60 -25 0.000096
60 -20 0.000000
60 -15 0.000000
60 -10 0.000000
60 -5 0.000000
60 0 0.003505
60 5 0.008978
60 10 0.017076
60 15 0.025412
60 20 0.029618
60 25 0.027075
60 30 0.019663
60 35 0.011524
60 40 0.005909
60 45 0.003055
60 50 0.008504
60 55 0.020061
60 60 0.035745
60 65 0.052456
60 70 0.062248
60 75 0.059174
60 80 0.045024
60 85 0.027273
60 90 0.012807
60 95 0.003484
60 100 0.000000
60 105 0.001149
60 110 0.003204
60 115 0.006224
60 120 0.009499
60 125 0.011408
60 130 0.010798
60 135 0.008066
60 140 0.004761
60 145 0.002222
60 150 0.000447
60 155 0.000000
60 160 0.000000
60 165 0.000000
60 170 0.000000
60 175 0.000000
65 -180 0.000000
65 -175 0.000000
65 -170 0.000000
65 -165 0.000000
65 -160 0.000000
65 -155 0.000000
65 -150 0.000000
65 -145 0.000000
65 -140 0.000000
65 -135 0.000000
65 -130 0.000000
65 -125 0.000000
65 -120 0.004696
65 -115 0.011905
65 -110 0.022582
65 -105 0.033491
65 -100 0.038874
65 -95 0.035353
65 -90 0.025882
65 -85 0.017813
65 -80 0.017679
65 -75 0.025309
65 -70 0.044504
65 -65 0.064214
65 -60 0.078183
65 -55 0.080481
65 -50 0.069705
65 -45 0.050106
65 -40 0.029199
65 -35 0.013199
65 -30 0.004488
65 -25 0.000184
65 -20 0.000000
65 -15 0.000000
65 -10 0.000000
65 -5 0.000000
65 0 0.002149
65 5 0.005506
65 10 0.010472
65 15 0.015584
65 20 0.018163
65 25 0.016601
65 30 0.011914
65 35 0.006724
65 40 0.002989
65 45 0.000925
65 50 0.004776
65 55 0.014462
65 60 0.027937
65 65 0.043144
65 70 0.053213
65 75 0.052336
65 80 0.040968
65 85 0.025469
65 90 0.012360
65 95 0.003737
65 100 0.000000
65 105 0.002212
65 110 0.006166
65 115 0.011975
65 120 0.018276
65 125 0.021950
65 130 0.020777
65 135 0.015520
65 140 0.009160
65 145 0.004275
65 150 0.000860
65 155 0.000000
65 160 0.000000
65 165 0.000000
65 170 0.000000
65 175 0.000000
70 -180 0.000000
70 -175 0.000000
70 -170 0.000000
70 -165 0.000000
70 -160 0.000000
70 -155 0.000000
70 -150 0.000000
70 -145 0.000000
70 -140 0.000000
70 -135 0.000000
70 -130 0.000000
70 -125 0.000000
70 -120 0.003751
70 -115 0.009509
70 -110 0.018037
70 -105 0.026750
70 -100 0.031049
70 -95 0.028237
70 -90 0.021183
70 -85 0.017066
70 -80 0.020633
70 -75 0.032438
70 -70 0.056702
70 -65 0.080597
70 -60 0.098383
70 -55 0.103314
70 -50 0.092356
70 -45 0.068768
70 -40 0.041375
70 -35 0.019916
70 -30 0.007222
70 -25 0.000278
70 -20 0.000000
70 -15 0.000000
70 -10 0.000000
70 -5 0.000000
70 0 0.001042
70 5 0.002670
70 10 0.005078
70 15 0.007557
70 20 0.008808
70 25 0.008051
70 30 0.005778
70 35 0.003261
70 40 0.001449
70 45 0.000435
70 50 0.002874
70 55 0.009710
70 60 0.019321
70 65 0.030681
70 70 0.038822
70 75 0.039075
70 80 0.031222
70 85 0.019762
70 90 0.009800
70 95 0.003152
70 100 0.000000
70 105 0.003338
70 110 0.009305
70 115 0.018073
70 120 0.027582
70 125 0.033127
70 130 0.031356
70 135 0.023423
70 140 0.013824
70 145 0.006452
70 150 0.001298
70 155 0.000000
70 160 0.000000
70 165 0.000000
70 170 0.000000
70 175 0.000000
75 -180 0.000000
75 -175 0.000000
75 -170 0.000000
75 -165 0.000000
75 -160 0.000000
75 -155 0.000000
75 -150 0.000000
75 -145 0.000000
75 -140 0.000000
75 -135 0.000000
75 -130 0.000000
75 -125 0.000000
75 -120 0.002367
75 -115 0.006002
75 -110 0.011384
75 -105 0.016883
75 -100 0.019597
75 -95 0.017822
75 -90 0.014001
75 -85 0.014289
75 -80 0.020886
75 -75 0.035136
75 -70 0.061275
75 -65 0.086293
75 -60 0.105919
75 -55 0.113384
75 -50 0.104097
75 -45 0.079627
75 -40 0.049012
75 -35 0.024566
75 -30 0.009215
75 -25 0.000330
75 -20 0.000000
75 -15 0.000000
75 -10 0.000000
75 -5 0.000000
75 0 0.000276
75 5 0.000706
75 10 0.001344
75 15 0.001999
75 20 0.002330
75 25 0.002130
75 30 0.001529
75 35 0.000863
75 40 0.000383
75 45 0.000093
75 50 0.001233
75 55 0.004985
75 60 0.010334
75 65 0.017007
75 70 0.022196
75 75 0.022941
75 80 0.018748
75 85 0.012092
75 90 0.006129
75 95 0.002089
75 100 0.000000
75 105 0.003957
75 110 0.011030
75 115 0.021424
75 120 0.032697
75 125 0.039269
75 130 0.037170
75 135 0.027766
75 140 0.016387
75 145 0.007648
75 150 0.001539
75 155 0.000000
75 160 0.000000
75 165 0.000000
75 170 0.000000
75 175 0.000000
80 -180 0.000000
80 -175 0.000000
80 -170 0.000000
80 -165 0.000000
80 -160 0.000000
80 -155 0.000000
80 -150 0.000000
80 -145 0.000000
80 -140 0.000000
80 -135 0.000000
80 -130 0.000000
80 -125 0.000000
80 -120 0.001179
80 -115 0.002990
80 -110 0.005671
80 -105 0.008411
80 -100 0.009763
80 -95 0.008878
80 -90 0.007596
80 -85 0.010571
80 -80 0.018017
80 -75 0.031729
80 -70 0.055469
80 -65 0.077911
80 -60 0.096411
80 -55 0.104947
80 -50 0.098286
80 -45 0.076562
80 -40 0.047810
80 -35 0.024529
80 -30 0.009336
80 -25 0.000307
80 -20 0.000000
80 -15 0.000000
80 -10 0.000000
80 -5 0.000000
80 0 0.000000
80 5 0.000000
80 10 0.000000
80 15 0.000000
80 20 0.000000
80 25 0.000000
80 30 0.000000
80 35 0.000000
80 40 0.000000
80 45 0.000000
80 50 0.000511
80 55 0.002311
80 60 0.004894
80 65 0.008197
80 70 0.010854
80 75 0.011353
80 80 0.009369
80 85 0.006091
80 90 0.003115
80 95 0.001086
80 100 0.000000
80 105 0.003689
80 110 0.010285
80 115 0.019976
80 120 0.030488
80 125 0.036617
80 130 0.034659
80 135 0.025890
80 140 0.015280
80 145 0.007131
80 150 0.001435
80 155 0.000000
80 160 0.000000
80 165 0.000000
80 170 0.000000
80 175 0.000000
85 -180 0.000000
85 -175 0.000000
85 -170 0.000000
85 -165 0.000000
85 -160 0.000000
85 -155 0.000000
85 -150 0.000000
85 -145 0.000000
85 -140 0.000000
85 -135 0.000000
85 -130 0.000000
85 -125 0.000000
85 -120 0.000363
85 -115 0.000920
85 -110 0.001745
85 -105 0.002587
85 -100 0.003003
85 -95 0.002731
85 -90 0.002927
85 -85 0.006536
85 -80 0.012821
85 -75 0.023512
85 -70 0.041417
85 -65 0.058359
85 -60 0.072940
85 -55 0.080514
85 -50 0.076454
85 -45 0.060227
85 -40 0.037927
85 -35 0.019691
85 -30 0.007519
85 -25 0.000226
85 -20 0.000000
85 -15 0.000000
85 -10 0.000000
85 -5 0.000000
85 0 0.000000
85 5 0.000000
85 10 0.000000
85 15 0.000000
85 20 0.000000
85 25 0.000000
85 30 0.000000
85 35 0.000000
85 40 0.000000
85 45 0.000000
85 50 0.000191
85 55 0.000862
85 60 0.001825
85 65 0.003057
85 70 0.004049
85 75 0.004235
85 80 0.003494
85 85 0.002272
85 90 0.001162
85 95 0.000405
85 100 0.000000
85 105 0.002710
85 110 0.007555
85 115 0.014674
85 120 0.022395
85 125 0.026898
85 130 0.025459
85 135 0.019018
85 140 0.011225
85 145 0.005238
85 150 0.001054
85 155 0.000000
85 160 0.000000
85 165 0.000000
85 170 0.000000
85 175 0.000000
90 -180 0.000000
90 -175 0.000000
90 -170 0.000000
90 -165 0.000000
90 -160 0.000000
90 -155 0.000000
90 -150 0.000000
90 -145 0.000000
90 -140 0.000000
90 -135 0.000000
90 -130 0.000000
90 -125 0.000000
90 -120 0.000000
90 -115 0.000000
90 -110 0.000000
90 -105 0.000000
90 -100 0.000000
90 -95 0.000000
90 -90 0.000600
90 -85 0.003338
90 -80 0.007283
90 -75 0.013693
90 -70 0.024317
90 -65 0.034408
90 -60 0.043535
90 -55 0.048859
90 -50 0.047141
90 -45 0.037606
90 -40 0.023903
90 -35 0.012569
90 -30 0.004818
90 -25 0.000131
90 -20 0.000000
90 -15 0.000000
90 -10 0.000000
90 -5 0.000000
90 0 0.000000
90 5 0.000000
90 10 0.000000
90 15 0.000000
90 20 0.000000
90 25 0.000000
90 30 0.000000
90 35 0.000000
90 40 0.000000
90 45 0.000000
90 50 0.000000
90 55 0.000000
90 60 0.000000
90 65 0.000000
90 70 0.000000
90 75 0.000000
90 80 0.000000
90 85 0.000000
90 90 0.000000
90 95 0.000000
90 100 0.000000
90 105 0.001570
90 110 0.004378
90 115 0.008504
90 120 0.012978
90 125 0.015587
90 130 0.014754
90 135 0.011021
90 140 0.006505
90 145 0.003036
90 150 0.000611
90 155 0.000000
90 160 0.000000
90 165 0.000000
90 170 0.000000
90 175 0.000000
95 -180 0.000000
95 -175 0.000000
95 -170 0.000000
95 -165 0.000000
95 -160 0.000000
95 -155 0.000000
95 -150 0.000000
95 -145 0.000000
95 -140 0.000000
95 -135 0.000000
95 -130 0.000000
95 -125 0.000000
95 -120 0.000000
95 -115 0.000000
95 -110 0.000000
95 -105 0.000000
95 -100 0.000000
95 -95 0.000000
95 -90 0.000291
95 -85 0.001619
95 -80 0.003513
95 -75 0.006672
95 -70 0.012022
95 -65 0.017213
95 -60 0.022042
95 -55 0.024963
95 -50 0.024206
95 -45 0.019351
95 -40 0.012312
95 -35 0.006466
95 -30 0.002457
95 -25 0.000060
95 -20 0.000000
95 -15 0.000000
95 -10 0.000000
95 -5 0.000000
95 0 0.000000
95 5 0.000000
95 10 0.000000
95 15 0.000000
95 20 0.000000
95 25 0.000000
95 30 0.000000
95 35 0.000000
95 40 0.000000
95 45 0.000000
95 50 0.000000
95 55 0.000000
95 60 0.000000
95 65 0.000000
95 70 0.000000
95 75 0.000000
95 80 0.000000
95 85 0.000000
95 90 0.000000
95 95 0.000000
95 100 0.000000
95 105 0.000719
95 110 0.002004
95 115 0.003892
95 120 0.005940
95 125 0.007135
95 130 0.006753
95 135 0.005045
95 140 0.002977
95 145 0.001389
95 150 0.000280
95 155 0.000000
95 160 0.000000
95 165 0.000000
95 170 0.000000
95 175 0.000000
100 -180 0.000000
100 -175 0.000000
100 -170 0.000000
100 -165 0.000000
100 -160 0.000000
100 -155 0.000000
100 -150 0.000000
100 -145 0.000000
100 -140 0.000000
100 -135 0.000000
100 -130 0.000000
100 -125 0.000000
100 -120 0.000000
100 -115 0.000000
100 -110 0.000000
100 -105 0.000000
100 -100 0.000000
100 -95 0.000000
100 -90 0.000077
100 -85 0.000428
100 -80 0.000929
100 -75 0.001879
100 -70 0.003606
100 -65 0.005424
100 -60 0.007243
100 -55 0.008413
100 -50 0.008234
100 -45 0.006580
100 -40 0.004175
100 -35 0.002164
100 -30 0.000788
100 -25 0.000010
100 -20 0.000000
100 -15 0.000000
100 -10 0.000000
100 -5 0.000000
100 0 0.000000
100 5 0.000000
100 10 0.000000
100 15 0.000000
100 20 0.000000
100 25 0.000000
100 30 0.000000
100 35 0.000000
100 40 0.000000
100 45 0.000000
100 50 0.000000
100 55 0.000000
100 60 0.000000
100 65 0.000000
100 70 0.000000
100 75 0.000000
100 80 0.000000
100 85 0.000000
100 90 0.000000
100 95 0.000000
100 100 0.000000
100 105 0.000121
100 110 0.000337
100 115 0.000655
100 120 0.000999
100 125 0.001200
100 130 0.001136
100 135 0.000849
100 140 0.000501
100 145 0.000234
100 150 0.000047
100 155 0.000000
100 160 0.000000
100 165 0.000000
100 170 0.000000
100 175 0.000000
105 -180 0.000000
105 -175 0.000000
105 -170 0.000000
105 -165 0.000000
105 -160 0.000000
105 -155 0.000000
105 -150 0.000000
105 -145 0.000000
105 -140 0.000000
105 -135 0.000000
105 -130 0.000000
105 -125 0.000000
105 -120 0.000000
105 -115 0.000000
105 -110 0.000000
105 -105 0.000000
105 -100 0.000000
105 -95 0.000000
105 -90 0.000000
105 -85 0.000000
105 -80 0.000000
105 -75 0.000029
105 -70 0.000133
105 -65 0.000281
105 -60 0.000470
105 -55 0.000623
105 -50 0.000652
105 -45 0.000538
105 -40 0.000350
105 -35 0.000179
105 -30 0.000062
105 -25 0.000000
105 -20 0.000000
105 -15 0.000000
105 -10 0.000000
105 -5 0.000000
105 0 0.000000
105 5 0.000000
105 10 0.000000
105 15 0.000000
105 20 0.000000
105 25 0.000000
105 30 0.000000
105 35 0.000000
105 40 0.000000
105 45 0.000000
105 50 0.000000
105 55 0.000000
105 60 0.000000
105 65 0.000000
105 70 0.000000
105 75 0.000000
105 80 0.000000
105 85 0.000000
105 90 0.000000
105 95 0.000000
105 100 0.000000
105 105 0.000000
105 110 0.000000
105 115 0.000000
105 120 0.000000
105 125 0.000000
105 130 0.000000
105 135 0.000000
105 140 0.000000
105 145 0.000000
105 150 0.000000
105 155 0.000000
105 160 0.000000
105 165 0.000000
105 170 0.000000
105 175 0.000000
110 -180 0.000000
110 -175 0.000000
110 -170 0.000000
110 -165 0.000000
110 -160 0.000000
110 -155 0.000000
110 -150 0.000000
110 -145 0.000000
110 -140 0.000000
110 -135 0.000000
110 -130 0.000000
110 -125 0.000000
110 -120 0.000000
110 -115 0.000000
110 -110 0.000000
110 -105 0.000000
110 -100 0.000000
110 -95 0.000000
110 -90 0.000000
110 -85 0.000000
110 -80 0.000000
110 -75 0.000000
110 -70 0.000000
110 -65 0.000000
110 -60 0.000000
110 -55 0.000000
110 -50 0.000000
110 -45 0.000000
110 -40 0.000000
110 -35 0.000000
110 -30 0.000000
110 -25 0.000000
110 -20 0.000000
110 -15 0.000000
110 -10 0.000000
110 -5 0.000000
110 0 0.000000
110 5 0.000000
110 10 0.000000
110 15 0.000000
110 20 0.000000
110 25 0.000000
110 30 0.000000
110 35 0.000000
110 40 0.000000
110 45 0.000000
110 50 0.000000
110 55 0.000000
110 60 0.000000
110 65 0.000000
110 70 0.000000
110 75 0.000000
110 80 0.000000
110 85 0.000000
110 90 0.000000
110 95 0.000000
110 100 0.000000
110 105 0.000000
110 110 0.000000
110 115 0.000000
110 120 0.000000
110 125 0.000000
110 130 0.000000
110 135 0.000000
110 140 0.000000
110 145 0.000000
110 150 0.000000
110 155 0.000000
110 160 0.000000
110 165 0.000000
110 170 0.000000
110 175 0.000000
115 -180 0.000000
115 -175 0.000000
115 -170 0.000000
115 -165 0.000000
115 -160 0.000000
115 -155 0.000000
115 -150 0.000000
115 -145 0.000000
115 -140 0.000000
115 -135 0.000000
115 -130 0.000000
115 -125 0.000000
115 -120 0.000000
115 -115 0.000000
115 -110 0.000000
115 -105 0.000000
115 -100 0.000000
115 -95 0.000000
115 -90 0.000000
115 -85 0.000000
115 -80 0.000000
115 -75 0.000000
115 -70 0.000000
115 -65 0.000000
115 -60 0.000000
115 -55 0.000000
115 -50 0.000000
115 -45 0.000000
115 -40 0.000000
115 -35 0.000000
115 -30 0.000000
115 -25 0.000000
115 -20 0.000000
115 -15 0.000000
115 -10 0.000000
115 -5 0.000000
115 0 0.000000
115 5 0.000000
115 10 0.000000
115 15 0.000000
115 20 0.000000
115 25 0.000000
115 30 0.000000
115 35 0.000000
115 40 0.000000
115 45 0.000000
115 50 0.000000
115 55 0.000000
115 60 0.000000
115 65 0.000000
115 70 0.000000
115 75 0.000000
115 80 0.000000
115 85 0.000000
115 90 0.000000
115 95 0.000000
115 100 0.000000
115 105 0.000000
115 110 0.000000
115 115 0.000000
115 120 0.000000
115 125 0.000000
115 130 0.000000
115 135 0.000000
115 140 0.000000
115 145 0.000000
115 150 0.000000
115 155 0.000000
115 160 0.000000
115 165 0.000000
115 170 0.000000
115 175 0.000000
120 -180 0.000000
120 -175 0.000000
120 -170 0.000000
120 -165 0.000000
120 -160 0.000000
120 -155 0.000000
120 -150 0.000000
120 -145 0.000000
120 -140 0.000000
120 -135 0.000000
120 -130 0.000000
120 -125 0.000000
120 -120 0.000000
120 -115 0.000000
120 -110 0.000000
120 -105 0.000000
120 -100 0.000000
120 -95 0.000000
120 -90 0.000000
120 -85 0.000000
120 -80 0.000000
120 -75 0.000000
120 -70 0.000000
120 -65 0.000000
120 -60 0.000000
120 -55 0.000000
120 -50 0.000000
120 -45 0.000000
120 -40 0.000000
120 -35 0.000000
120 -30 0.000000
120 -25 0.000000
120 -20 0.000000
120 -15 0.000000
120 -10 0.000000
120 -5 0.000000
120 0 0.000000
120 5 0.000000
120 10 0.000000
120 15 0.000000
120 20 0.000000
120 25 0.000000
120 30 0.000000
120 35 0.000000
120 40 0.000000
120 45 0.000000
120 50 0.000000
120 55 0.000000
120 60 0.000000
120 65 0.000000
120 70 0.000000
120 75 0.000000
120 80 0.000000
120 85 0.000000
120 90 0.000000
120 95 0.000000
120 100 0.000000
120 105 0.000000
120 110 0.000000
120 115 0.000000
120 120 0.000000
120 125 0.000000
120 130 0.000000
120 135 0.000000
120 140 0.000000
120 145 0.000000
120 150 0.000000
120 155 0.000000
120 160 0.000000
120 165 0.000000
120 170 0.000000
120 175 0.000000
125 -180 0.000000
125 -175 0.000000
125 -170 0.000000
125 -165 0.000000
125 -160 0.000000
125 -155 0.000000
125 -150 0.000000
125 -145 0.000000
125 -140 0.000000
125 -135 0.000000
125 -130 0.000000
125 -125 0.000000
125 -120 0.000000
125 -115 0.000000
125 -110 0.000000
125 -105 0.000000
125 -100 0.000000
125 -95 0.000000
125 -90 0.000000
125 -85 0.000000
125 -80 0.000000
125 -75 0.000000
125 -70 0.000000
125 -65 0.000000
125 -60 0.000000
125 -55 0.000000
125 -50 0.000000
125 -45 0.000000
125 -40 0.000000
125 -35 0.000000
125 -30 0.000000
125 -25 0.000000
125 -20 0.000000
125 -15 0.000000
125 -10 0.000000
125 -5 0.000000
125 0 0.000000
125 5 0.000000
125 10 0.000000
125 15 0.000000
125 20 0.000000
125 25 0.000000
125 30 0.000000
125 35 0.000000
125 40 0.000000
125 45 0.000000
125 50 0.000000
125 55 0.000000
125 60 0.000000
125 65 0.000000
125 70 0.000000
125 75 0.000000
125 80 0.000000
125 85 0.000000
125 90 0.000000
125 95 0.000000
125 100 0.000000
125 105 0.000000
125 110 0.000000
125 115 0.000000
125 120 0.000000
125 125 0.000000
125 130 0.000000
125 135 0.000000
125 140 0.000000
125 145 0.000000
125 150 0.000000
125 155 0.000000
125 160 0.000000
125 165 0.000000
125 170 0.000000
125 175 0.000000
130 -180 0.000000
130 -175 0.000000
130 -170 0.000000
130 -165 0.000000
130 -160 0.000000
130 -155 0.000000
130 -150 0.000000
130 -145 0.000000
130 -140 0.000000
130 -135 0.000000
130 -130 0.000000
130 -125 0.000000
130 -120 0.000000
130 -115 0.000000
130 -110 0.000000
130 -105 0.000000
130 -100 0.000000
130 -95 0.000000
130 -90 0.000000
130 -85 0.000000
130 -80 0.000000
130 -75 0.000000
130 -70 0.000000
130 -65 0.000000
130 -60 0.000000
130 -55 0.000000
130 -50 0.000000
130 -45 0.000000
130 -40 0.000000
130 -35 0.000000
130 -30 0.000000
130 -25 0.000000
130 -20 0.000000
130 -15 0.000000
130 -10 0.000000
130 -5 0.000000
130 0 0.000000
130 5 0.000000
130 10 0.000000
130 15 0.000000
130 20 0.000000
130 25 0.000000
130 30 0.000000
130 35 0.000000
130 40 0.000000
130 45 0.000000
130 50 0.000000
130 55 0.000000
130 60 0.000000
130 65 0.000000
130 70 0.000000
130 75 0.000000
130 80 0.000000
130 85 0.000000
130 90 0.000000
130 95 0.000000
130 100 0.000000
130 105 0.000000
130 110 0.000000
130 115 0.000000
130 120 0.000000
130 125 0.000000
130 130 0.000000
130 135 0.000000
130 140 0.000000
130 145 0.000000
130 150 0.000000
130 155 0.000000
130 160 0.000000
130 165 0.000000
130 170 0.000000
130 175 0.000000
135 -180 0.000000
135 -175 0.000000
135 -170 0.000000
135 -165 0.000000
135 -160 0.000000
135 -155 0.000000
135 -150 0.000000
135 -145 0.000000
135 -140 0.000000
135 -135 0.000000
135 -130 0.000000
135 -125 0.000000
135 -120 0.000000
135 -115 0.000000
135 -110 0.000000
135 -105 0.000000
135 -100 0.000000
135 -95 0.000000
135 -90 0.000000
135 -85 0.000000
135 -80 0.000000
135 -75 0.000000
135 -70 0.000000
135 -65 0.000000
135 -60 0.000000
135 -55 0.000000
135 -50 0.000000
135 -45 0.000000
135 -40 0.000000
135 -35 0.000000
135 -30 0.000000
135 -25 0.000000
135 -20 0.000000
135 -15 0.000000
135 -10 0.000000
135 -5 0.000000
135 0 0.000000
135 5 0.000000
135 10 0.000000
135 15 0.000000
135 20 0.000000
135 25 0.000000
135 30 0.000000
135 35 0.000000
135 40 0.000000
135 45 0.000000
135 50 0.000000
135 55 0.000000
135 60 0.000000
135 65 0.000000
135 70 0.000000
135 75 0.000000
135 80 0.000000
135 85 0.000000
135 90 0.000000
135 95 0.000000
135 100 0.000000
135 105 0.000000
135 110 0.000000
135 115 0.000000
135 120 0.000000
135 125 0.000000
135 130 0.000000
135 135 0.000000
135 140 0.000000
135 145 0.000000
135 150 0.000000
135 155 0.000000
135 160 0.000000
135 165 0.000000
135 170 0.000000
135 175 0.000000
140 -180 0.000000
140 -175 0.000000
140 -170 0.000000
140 -165 0.000000
140 -160 0.000000
140 -155 0.000000
140 -150 0.000000
140 -145 0.000000
140 -140 0.000000
140 -135 0.000000
140 -130 0.000000
140 -125 0.000000
140 -120 0.000000
140 -115 0.000000
140 -110 0.000000
140 -105 0.000000
140 -100 0.000000
140 -95 0.000000
140 -90 0.000000
140 -85 0.000000
140 -80 0.000000
140 -75 0.000000
140 -70 0.000000
140 -65 0.000000
140 -60 0.000000
140 -55 0.000000
140 -50 0.000000
140 -45 0.000000
140 -40 0.000000
140 -35 0.000000
140 -30 0.000000
140 -25 0.000000
140 -20 0.000000
140 -15 0.000000
140 -10 0.000000
140 -5 0.000000
140 0 0.000000
140 5 0.000000
140 10 0.000000
140 15 0.000000
140 20 0.000000
140 25 0.000000
140 30 0.000000
140 35 0.000000
140 40 0.000000
140 45 0.000000
140 50 0.000000
140 55 0.000000
140 60 0.000000
140 65 0.000000
140 70 0.000000
140 75 0.000000
140 80 0.000000
140 85 0.000000
140 90 0.000000
140 95 0.000000
140 100 0.000000
140 105 0.000000
140 110 0.000000
140 115 0.000000
140 120 0.000000
140 125 0.000000
140 130 0.000000
140 135 0.000000
140 140 0.000000
140 145 0.000000
140 150 0.000000
140 155 0.000000
140 160 0.000000
140 165 0.000000
140 170 0.000000
140 175 0.000000
145 -180 0.000000
145 -175 0.000000
145 -170 0.000000
145 -165 0.000000
145 -160 0.000000
145 -155 0.000000
145 -150 0.000000
145 -145 0.000000
145 -140 0.000000
145 -135 0.000000
145 -130 0.000000
145 -125 0.000000
145 -120 0.000000
145 -115 0.000000
145 -110 0.000000
145 -105 0.000000
145 -100 0.000000
145 -95 0.000000
145 -90 0.000000
145 -85 0.000000
145 -80 0.000000
145 -75 0.000000
145 -70 0.000000
145 -65 0.000000
145 -60 0.000000
145 -55 0.000000
145 -50 0.000000
145 -45 0.000000
145 -40 0.000000
145 -35 0.000000
145 -30 0.000000
145 -25 0.000000
145 -20 0.000000
145 -15 0.000000
145 -10 0.000000
145 -5 0.000000
145 0 0.000000
145 5 0.000000
145 10 0.000000
145 15 0.000000
145 20 0.000000
145 25 0.000000
145 30 0.000000
145 35 0.000000
145 40 0.000000
145 45 0.000000
145 50 0.000000
145 55 0.000000
145 60 0.000000
145 65 0.000000
145 70 0.000000
145 75 0.000000
145 80 0.000000
145 85 0.000000
145 90 0.000000
145 95 0.000000
145 100 0.000000
145 105 0.000000
145 110 0.000000
145 115 0.000000
145 120 0.000000
145 125 0.000000
145 130 0.000000
145 135 0.000000
145 140 0.000000
145 145 0.000000
145 150 0.000000
145 155 0.000000
145 160 0.000000
145 165 0.000000
145 170 0.000000
145 175 0.000000
150 -180 0.000000
150 -175 0.000000
150 -170 0.000000
150 -165 0.000000
150 -160 0.000000
150 -155 0.000000
150 -150 0.000000
150 -145 0.000000
150 -140 0.000000
150 -135 0.000000
150 -130 0.000000
150 -125 0.000000
150 -120 0.000000
150 -115 0.000000
150 -110 0.000000
150 -105 0.000000
150 -100 0.000000
150 -95 0.000000
150 -90 0.000000
150 -85 0.000000
150 -80 0.000000
150 -75 0.000000
150 -70 0.000000
150 -65 0.000000
150 -60 0.000000
150 -55 0.000000
150 -50 0.000000
150 -45 0.000000
150 -40 0.000000
150 -35 0.000000
150 -30 0.000000
150 -25 0.000000
150 -20 0.000000
150 -15 0.000000
150 -10 0.000000
150 -5 0.000000
150 0 0.000000
150 5 0.000000
150 10 0.000000
150 15 0.000000
150 20 0.000000
150 25 0.000000
150 30 0.000000
150 35 0.000000
150 40 0.000000
150 45 0.000000
150 50 0.000000
150 55 0.000000
150 60 0.000000
150 65 0.000000
150 70 0.000000
150 75 0.000000
150 80 0.000000
150 85 0.000000
150 90 0.000000
150 95 0.000000
150 100 0.000000
150 105 0.000000
150 110 0.000000
150 115 0.000000
150 120 0.000000
150 125 0.000000
150 130 0.000000
150 135 0.000000
150 140 0.000000
150 145 0.000000
150 150 0.000000
150 155 0.000000
150 160 0.000000
150 165 0.000000
150 170 0.000000
150 175 0.000000
155 -180 0.000000
155 -175 0.000000
155 -170 0.000000
155 -165 0.000000
155 -160 0.000000
155 -155 0.000000
155 -150 0.000000
155 -145 0.000000
155 -140 0.000000
155 -135 0.000000
155 -130 0.000000
155 -125 0.000000
155 -120 0.000000
155 -115 0.000000
155 -110 0.000000
155 -105 0.000000
155 -100 0.000000
155 -95 0.000000
155 -90 0.000000
155 -85 0.000000
155 -80 0.000000
155 -75 0.000000
155 -70 0.000000
155 -65 0.000000
155 -60 0.000000
155 -55 0.000000
155 -50 0.000000
155 -45 0.000000
155 -40 0.000000
155 -35 0.000000
155 -30 0.000000
155 -25 0.000000
155 -20 0.000000
155 -15 0.000000
155 -10 0.000000
155 -5 0.000000
155 0 0.000000
155 5 0.000000
155 10 0.000000
155 15 0.000000
155 20 0.000000
155 25 0.000000
155 30 0.000000
155 35 0.000000
155 40 0.000000
155 45 0.000000
155 50 0.000000
155 55 0.000000
155 60 0.000000
155 65 0.000000
155 70 0.000000
155 75 0.000000
155 80 0.000000
155 85 0.000000
155 90 0.000000
155 95 0.000000
155 100 0.000000
155 105 0.000000
155 110 0.000000
155 115 0.000000
155 120 0.000000
155 125 0.000000
155 130 0.000000
155 135 0.000000
155 140 0.000000
155 145 0.000000
155 150 0.000000
155 155 0.000000
155 160 0.000000
155 165 0.000000
155 170 0.000000
155 175 0.000000
160 -180 0.000000
160 -175 0.000000
160 -170 0.000000
160 -165 0.000000
160 -160 0.000000
160 -155 0.000000
160 -150 0.000000
160 -145 0.000000
160 -140 0.000000
160 -135 0.000000
160 -130 0.000000
160 -125 0.000000
160 -120 0.000000
160 -115 0.000000
160 -110 0.000000
160 -105 0.000000
160 -100 0.000000
160 -95 0.000000
160 -90 0.000000
160 -85 0.000000
160 -80 0.000000
160 -75 0.000000
160 -70 0.000000
160 -65 0.000000
160 -60 0.000000
160 -55 0.000000
160 -50 0.000000
160 -45 0.000000
160 -40 0.000000
160 -35 0.000000
160 -30 0.000000
160 -25 0.000000
160 -20 0.000000
160 -15 0.000000
160 -10 0.000000
160 -5 0.000000
160 0 0.000000
160 5 0.000000
160 10 0.000000
160 15 0.000000
160 20 0.000000
160 25 0.000000
160 30 0.000000
160 35 0.000000
160 40 0.000000
160 45 0.000000
160 50 0.000000
160 55 0.000000
160 60 0.000000
160 65 0.000000
160 70 0.000000
160 75 0.000000
160 80 0.000000
160 85 0.000000
160 90 0.000000
160 95 0.000000
160 100 0.000000
160 105 0.000000
160 110 0.000000
160 115 0.000000
160 120 0.000000
160 125 0.000000
160 130 0.000000
160 135 0.000000
160 140 0.000000
160 145 0.000000
160 150 0.000000
160 155 0.000000
160 160 0.000000
160 165 0.000000
160 170 0.000000
160 175 0.000000
165 -180 0.000000
165 -175 0.000000
165 -170 0.000000
165 -165 0.000000
165 -160 0.000000
165 -155 0.000000
165 -150 0.000000
165 -145 0.000000
165 -140 0.000000
165 -135 0.000000
165 -130 0.000000
165 -125 0.000000
165 -120 0.000000
165 -115 0.000000
165 -110 0.000000
165 -105 0.000000
165 -100 0.000000
165 -95 0.000000
165 -90 0.000000
165 -85 0.000000
165 -80 0.000000
165 -75 0.000000
165 -70 0.000000
165 -65 0.000000
165 -60 0.000000
165 -55 0.000000
165 -50 0.000000
165 -45 0.000000
165 -40 0.000000
165 -35 0.000000
165 -30 0.000000
165 -25 0.000000
165 -20 0.000000
165 -15 0.000000
165 -10 0.000000
165 -5 0.000000
165 0 0.000000
165 5 0.000000
165 10 0.000000
165 15 0.000000
165 20 0.000000
165 25 0.000000
165 30 0.000000
165 35 0.000000
165 40 0.000000
165 45 0.000000
165 50 0.000000
165 55 0.000000
165 60 0.000000
165 65 0.000000
165 70 0.000000
165 75 0.000000
165 80 0.000000
165 85 0.000000
165 90 0.000000
165 95 0.000000
165 100 0.000000
165 105 0.000000
165 110 0.000000
165 115 0.000000
165 120 0.000000
165 125 0.000000
165 130 0.000000
165 135 0.000000
165 140 0.000000
165 145 0.000000
165 150 0.000000
165 155 0.000000
165 160 0.000000
165 165 0.000000
165 170 0.000000
165 175 0.000000
170 -180 0.000192
170 -175 0.000000
170 -170 0.000000
170 -165 0.000000
170 -160 0.000000
170 -155 0.000000
170 -150 0.000000
170 -145 0.000000
170 -140 0.000000
170 -135 0.000000
170 -130 0.000000
170 -125 0.000000
170 -120 0.000000
170 -115 0.000000
170 -110 0.000000
170 -105 0.000000
170 -100 0.000000
170 -95 0.000000
170 -90 0.000000
170 -85 0.000000
170 -80 0.000000
170 -75 0.000000
170 -70 0.000000
170 -65 0.000000
170 -60 0.000000
170 -55 0.000000
170 -50 0.000000
170 -45 0.000000
170 -40 0.000000
170 -35 0.000000
170 -30 0.000000
170 -25 0.000000
170 -20 0.000000
170 -15 0.000000
170 -10 0.000000
170 -5 0.000000
170 0 0.000000
170 5 0.000000
170 10 0.000000
170 15 0.000000
170 20 0.000000
170 25 0.000000
170 30 0.000000
170 35 0.000000
170 40 0.000000
170 45 0.000000
170 50 0.000000
170 55 0.000000
170 60 0.000000
170 65 0.000000
170 70 0.000000
170 75 0.000000
170 80 0.000000
170 85 0.000000
170 90 0.000000
170 95 0.000000
170 100 0.000000
170 105 0.000000
170 110 0.000000
170 115 0.000000
170 120 0.000000
170 125 0.000000
170 130 0.000363
170 135 0.000972
170 140 0.002062
170 145 0.003282
170 150 0.004204
170 155 0.004369
170 160 0.003708
170 165 0.002579
170 170 0.001468
170 175 0.000563
175 -180 0.000956
175 -175 0.000000
175 -170 0.000000
175 -165 0.000000
175 -160 0.000000
175 -155 0.000000
175 -150 0.000000
175 -145 0.000000
175 -140 0.000000
175 -135 0.000000
175 -130 0.000000
175 -125 0.000000
175 -120 0.000000
175 -115 0.000000
175 -110 0.000000
175 -105 0.000000
175 -100 0.000000
175 -95 0.000000
175 -90 0.000000
175 -85 0.000000
175 -80 0.000000
175 -75 0.000000
175 -70 0.000000
175 -65 0.000000
175 -60 0.000000
175 -55 0.000000
175 -50 0.000000
175 -45 0.000000
175 -40 0.000000
175 -35 0.000000
175 -30 0.000000
175 -25 0.000000
175 -20 0.000000
175 -15 0.000000
175 -10 0.000000
175 -5 0.000000
175 0 0.000000
175 5 0.000000
175 10 0.000000
175 15 0.000000
175 20 0.000000
175 25 0.000000
175 30 0.000000
175 35 0.000000
175 40 0.000000
175 45 0.000000
175 50 0.000000
175 55 0.000000
175 60 0.000000
175 65 0.000000
175 70 0.000000
175 75 0.000000
175 80 0.000000
175 85 0.000000
175 90 0.000000
175 95 0.000000
175 100 0.000000
175 105 0.000000
175 110 0.000000
175 115 0.000000
175 120 0.000148
175 125 0.000482
175 130 0.002102
175 135 0.004610
175 140 0.008811
175 145 0.013182
175 150 0.016470
175 155 0.017177
175 160 0.014915
175 165 0.010674
175 170 0.006271
175 175 0.002649
