-180 -180 0.021884
-180 -175 0.013926
-180 -170 0.007118
-180 -165 0.003359
-180 -160 0.000774
-180 -155 0.000000
-180 -150 0.000000
-180 -145 0.000000
-180 -140 0.000000
-180 -135 0.000000
-180 -130 0.000000
-180 -125 0.000000
-180 -120 0.000000
-180 -115 0.000000
-180 -110 0.000000
-180 -105 0.000028
-180 -100 0.000742
-180 -95 0.001743
-180 -90 0.003205
-180 -85 0.004604
-180 -80 0.005165
-180 -75 0.004523
-180 -70 0.003089
-180 -65 0.001646
-180 -60 0.000674
-180 -55 0.000000
-180 -50 0.000000
-180 -45 0.000000
-180 -40 0.000000
-180 -35 0.000000
-180 -30 0.000000
-180 -25 0.000000
-180 -20 0.000000
-180 -15 0.000000
-180 -10 0.000000
-180 -5 0.000000
-180 0 0.000000
-180 5 0.000000
-180 10 0.000000
-180 15 0.000000
-180 20 0.000000
-180 25 0.000000
-180 30 0.000000
-180 35 0.000000
-180 40 0.000000
-180 45 0.000000
-180 50 0.001475
-180 55 0.003703
-180 60 0.007005
-180 65 0.010355
-180 70 0.011970
-180 75 0.010831
-180 80 0.007681
-180 85 0.004274
-180 90 0.001991
-180 95 0.001052
-180 100 0.002312
-180 105 0.005044
-180 110 0.008999
-180 115 0.013082
-180 120 0.019174
-180 125 0.024397
-180 130 0.028977
-180 135 0.031997
-180 140 0.032345
-180 145 0.031526
-180 150 0.030073
-180 155 0.031713
-180 160 0.034915
-180 165 0.035434
-180 170 0.034276
-180 175 0.029333
-175 -180 0.043230
-175 -175 0.026304
-175 -170 0.012780
-175 -165 0.005692
-175 -160 0.001312
-175 -155 0.000000
-175 -150 0.000000
-175 -145 0.000000
-175 -140 0.000000
-175 -135 0.000000
-175 -130 0.000000
-175 -125 0.000000
-175 -120 0.000000
-175 -115 0.000000
-175 -110 0.000000
-175 -105 0.000070
-175 -100 0.001844
-175 -95 0.004334
-175 -90 0.007967
-175 -85 0.011977
-175 -80 0.014301
-175 -75 0.014070
-175 -70 0.011979
-175 -65 0.009231
-175 -60 0.006518
-175 -55 0.003597
-175 -50 0.002110
-175 -45 0.000979
-175 -40 0.000187
-175 -35 0.000000
-175 -30 0.000000
-175 -25 0.000000
-175 -20 0.000000
-175 -15 0.000000
-175 -10 0.000000
-175 -5 0.000000
-175 0 0.000000
-175 5 0.000000
-175 10 0.000000
-175 15 0.000000
-175 20 0.000000
-175 25 0.000000
-175 30 0.000000
-175 35 0.000000
-175 40 0.000000
-175 45 0.000000
-175 50 0.002822
-175 55 0.007083
-175 60 0.013398
-175 65 0.019806
-175 70 0.022895
-175 75 0.020717
-175 80 0.014691
-175 85 0.008174
-175 90 0.003989
-175 95 0.003043
-175 100 0.006872
-175 105 0.014181
-175 110 0.025019
-175 115 0.035977
-175 120 0.050544
-175 125 0.062624
-175 130 0.072168
-175 135 0.077184
-175 140 0.075998
-175 145 0.073140
-175 150 0.070232
-175 155 0.073191
-175 160 0.079435
-175 165 0.079136
-175 170 0.073999
-175 175 0.060726
-170 -180 0.067939
-170 -175 0.039758
-170 -170 0.018448
-170 -165 0.007787
-170 -160 0.001756
-170 -155 0.000000
-170 -150 0.000000
-170 -145 0.000000
-170 -140 0.000000
-170 -135 0.000000
-170 -130 0.000000
-170 -125 0.000000
-170 -120 0.000000
-170 -115 0.000000
-170 -110 0.000000
-170 -105 0.000132
-170 -100 0.003479
-170 -95 0.008177
-170 -90 0.015033
-170 -85 0.022904
-170 -80 0.027824
-170 -75 0.028177
-170 -70 0.025077
-170 -65 0.020378
-170 -60 0.015086
-170 -55 0.008858
-170 -50 0.005197
-170 -45 0.002410
-170 -40 0.000460
-170 -35 0.000000
-170 -30 0.000000
-170 -25 0.000000
-170 -20 0.000000
-170 -15 0.000000
-170 -10 0.000000
-170 -5 0.000000
-170 0 0.000000
-170 5 0.000000
-170 10 0.000000
-170 15 0.000000
-170 20 0.000000
-170 25 0.000000
-170 30 0.000000
-170 35 0.000000
-170 40 0.000060
-170 45 0.000312
-170 50 0.004902
-170 55 0.011967
-170 60 0.022750
-170 65 0.033945
-170 70 0.040302
-170 75 0.038422
-170 80 0.029810
-170 85 0.019301
-170 90 0.011960
-170 95 0.010961
-170 100 0.018578
-170 105 0.032780
-170 110 0.054418
-170 115 0.077333
-170 120 0.106473
-170 125 0.132267
-170 130 0.153120
-170 135 0.163405
-170 140 0.159381
-170 145 0.150519
-170 150 0.141346
-170 155 0.140725
-170 160 0.145507
-170 165 0.139974
-170 170 0.126025
-170 175 0.099434
-165 -180 0.090698
-165 -175 0.050780
-165 -170 0.022443
-165 -165 0.008687
-165 -160 0.002078
-165 -155 0.000969
-165 -150 0.002040
-165 -145 0.003398
-165 -140 0.004475
-165 -135 0.004658
-165 -130 0.003826
-165 -125 0.002478
-165 -120 0.001263
-165 -115 0.000433
-165 -110 0.000000
-165 -105 0.000194
-165 -100 0.005125
-165 -95 0.012048
-165 -90 0.022149
-165 -85 0.034280
-165 -80 0.042510
-165 -75 0.044743
-165 -70 0.042137
-165 -65 0.036727
-165 -60 0.029229
-165 -55 0.019000
-165 -50 0.011780
-165 -45 0.005879
-165 -40 0.001571
-165 -35 0.000276
-165 -30 0.000000
-165 -25 0.000000
-165 -20 0.000120
-165 -15 0.000934
-165 -10 0.002528
-165 -5 0.004734
-165 0 0.007073
-165 5 0.008427
-165 10 0.008003
-165 15 0.006053
-165 20 0.003642
-165 25 0.001702
-165 30 0.000440
-165 35 0.000000
-165 40 0.000282
-165 45 0.001478
-165 50 0.008157
-165 55 0.018576
-165 60 0.034319
-165 65 0.050457
-165 70 0.060427
-165 75 0.059637
-165 80 0.049344
-165 85 0.035330
-165 90 0.024996
-165 95 0.026098
-165 100 0.040087
-165 105 0.064412
-165 110 0.100860
-165 115 0.139681
-165 120 0.185981
-165 125 0.229648
-165 130 0.266692
-165 135 0.285800
-165 140 0.280048
-165 145 0.263555
-165 150 0.243783
-165 155 0.231845
-165 160 0.226879
-165 165 0.209904
-165 170 0.181377
-165 175 0.137799
-160 -180 0.109111
-160 -175 0.058633
-160 -170 0.024978
-160 -165 0.008350
-160 -160 0.002116
-160 -155 0.002482
-160 -150 0.005226
-160 -145 0.008704
-160 -140 0.011464
-160 -135 0.011931
-160 -130 0.009801
-160 -125 0.006347
-160 -120 0.003235
-160 -115 0.001110
-160 -110 0.000000
-160 -105 0.000224
-160 -100 0.005901
-160 -95 0.013871
-160 -90 0.025500
-160 -85 0.040248
-160 -80 0.051208
-160 -75 0.056680
-160 -70 0.057103
-160 -65 0.053862
-160 -60 0.046371
-160 -55 0.033291
-160 -50 0.021928
-160 -45 0.012132
-160 -40 0.004872
-160 -35 0.002769
-160 -30 0.002496
-160 -25 0.002814
-160 -20 0.002763
-160 -15 0.003966
-160 -10 0.007333
-160 -5 0.012562
-160 0 0.018462
-160 5 0.022329
-160 10 0.021540
-160 15 0.016551
-160 20 0.010113
-160 25 0.004810
-160 30 0.001348
-160 35 0.000000
-160 40 0.000751
-160 45 0.004056
-160 50 0.014054
-160 55 0.029522
-160 60 0.052518
-160 65 0.075613
-160 70 0.091029
-160 75 0.093173
-160 80 0.082254
-160 85 0.063971
-160 90 0.048126
-160 95 0.049514
-160 100 0.068922
-160 105 0.103751
-160 110 0.157559
-160 115 0.217433
-160 120 0.285220
-160 125 0.352780
-160 130 0.413038
-160 135 0.447773
-160 140 0.446472
-160 145 0.425513
-160 150 0.393647
-160 155 0.360330
-160 160 0.330168
-160 165 0.289135
-160 170 0.236764
-160 175 0.172082
-155 -180 0.127233
-155 -175 0.065793
-155 -170 0.027699
-155 -165 0.008091
-155 -160 0.002346
-155 -155 0.004720
-155 -150 0.009939
-155 -145 0.016554
-155 -140 0.021804
-155 -135 0.022693
-155 -130 0.018642
-155 -125 0.012071
-155 -120 0.006152
-155 -115 0.002111
-155 -110 0.000000
-155 -105 0.000201
-155 -100 0.005313
-155 -95 0.012489
-155 -90 0.022959
-155 -85 0.037478
-155 -80 0.049807
-155 -75 0.059542
-155 -70 0.065702
-155 -65 0.067996
-155 -60 0.063472
-155 -55 0.049836
-155 -50 0.034708
-155 -45 0.021168
-155 -40 0.011051
-155 -35 0.008480
-155 -30 0.008723
-155 -25 0.009648
-155 -20 0.008955
-155 -15 0.010027
-155 -10 0.015593
-155 -5 0.025228
-155 0 0.036667
-155 5 0.044833
-155 10 0.043937
-155 15 0.034932
-155 20 0.023059
-155 25 0.013630
-155 30 0.007734
-155 35 0.005247
-155 40 0.006831
-155 45 0.013779
-155 50 0.029901
-155 55 0.055115
-155 60 0.090501
-155 65 0.124340
-155 70 0.146507
-155 75 0.150833
-155 80 0.136917
-155 85 0.110586
-155 90 0.084871
-155 95 0.083085
-155 100 0.104491
-155 105 0.147981
-155 110 0.217731
-155 115 0.300368
-155 120 0.392215
-155 125 0.489515
-155 130 0.581178
-155 135 0.641830
-155 140 0.657293
-155 145 0.640428
-155 150 0.597592
-155 155 0.535828
-155 160 0.466022
-155 165 0.386810
-155 170 0.298932
-155 175 0.207488
-150 -180 0.157438
-150 -175 0.079025
-150 -170 0.033216
-150 -165 0.009019
-150 -160 0.002957
-150 -155 0.007024
-150 -150 0.014791
-150 -145 0.024635
-150 -140 0.032447
-150 -135 0.033769
-150 -130 0.027741
-150 -125 0.017963
-150 -120 0.009155
-150 -115 0.003142
-150 -110 0.000000
-150 -105 0.000142
-150 -100 0.003744
-150 -95 0.008802
-150 -90 0.016182
-150 -85 0.028178
-150 -80 0.040868
-150 -75 0.055538
-150 -70 0.069869
-150 -65 0.081926
-150 -60 0.085079
-150 -55 0.075522
-150 -50 0.059193
-150 -45 0.042531
-150 -40 0.028157
-150 -35 0.022469
-150 -30 0.021026
-150 -25 0.020892
-150 -20 0.018001
-150 -15 0.017934
-150 -10 0.026288
-150 -5 0.042163
-150 0 0.062764
-150 5 0.079906
-150 10 0.082411
-150 15 0.070837
-150 20 0.052699
-150 25 0.037273
-150 30 0.027031
-150 35 0.021213
-150 40 0.022608
-150 45 0.033569
-150 50 0.058841
-150 55 0.099779
-150 60 0.154728
-150 65 0.205482
-150 70 0.236801
-150 75 0.241838
-150 80 0.220400
-150 85 0.180343
-150 90 0.138863
-150 95 0.127835
-150 100 0.146218
-150 105 0.196080
-150 110 0.281085
-150 115 0.389058
-150 120 0.508435
-150 125 0.638655
-150 130 0.766010
-150 135 0.863007
-150 140 0.913887
-150 145 0.921090
-150 150 0.880283
-150 155 0.792453
-150 160 0.672960
-150 165 0.538375
-150 170 0.396945
-150 175 0.264472
-145 -180 0.197060
-145 -175 0.096182
-145 -170 0.039826
-145 -165 0.010834
-145 -160 0.003721
-145 -155 0.008187
-145 -150 0.017239
-145 -145 0.028713
-145 -140 0.037818
-145 -135 0.039359
-145 -130 0.032333
-145 -125 0.020937
-145 -120 0.010671
-145 -115 0.003662
-145 -110 0.000000
-145 -105 0.000078
-145 -100 0.002068
-145 -95 0.005036
-145 -90 0.009518
-145 -85 0.019091
-145 -80 0.032444
-145 -75 0.051814
-145 -70 0.073815
-145 -65 0.095417
-145 -60 0.106923
-145 -55 0.104215
-145 -50 0.090617
-145 -45 0.075107
-145 -40 0.059364
-145 -35 0.051423
-145 -30 0.047310
-145 -25 0.044143
-145 -20 0.037353
-145 -15 0.034013
-145 -10 0.042614
-145 -5 0.062784
-145 0 0.091588
-145 5 0.119123
-145 10 0.128848
-145 15 0.120239
-145 20 0.100330
-145 25 0.081312
-145 30 0.067212
-145 35 0.056209
-145 40 0.054560
-145 45 0.067408
-145 50 0.102883
-145 55 0.163145
-145 60 0.243517
-145 65 0.317227
-145 70 0.360985
-145 75 0.366047
-145 80 0.332898
-145 85 0.273407
-145 90 0.210189
-145 95 0.182050
-145 100 0.191435
-145 105 0.244525
-145 110 0.343865
-145 115 0.479220
-145 120 0.630185
-145 125 0.794173
-145 130 0.956420
-145 135 1.092567
-145 140 1.189670
-145 145 1.237202
-145 150 1.213577
-145 155 1.110255
-145 160 0.941085
-145 165 0.739873
-145 170 0.529477
-145 175 0.341095
-140 -180 0.242696
-140 -175 0.115528
-140 -170 0.046401
-140 -165 0.013136
-140 -160 0.004377
-140 -155 0.007483
-140 -150 0.015756
-140 -145 0.026243
-140 -140 0.034565
-140 -135 0.035974
-140 -130 0.029552
-140 -125 0.019136
-140 -120 0.009753
-140 -115 0.003347
-140 -110 0.000000
-140 -105 0.000034
-140 -100 0.000896
-140 -95 0.002748
-140 -90 0.006004
-140 -85 0.015273
-140 -80 0.031475
-140 -75 0.056025
-140 -70 0.085003
-140 -65 0.115410
-140 -60 0.134913
-140 -55 0.140700
-140 -50 0.133315
-140 -45 0.122209
-140 -40 0.106164
-140 -35 0.095267
-140 -30 0.088154
-140 -25 0.083715
-140 -20 0.077033
-140 -15 0.074729
-140 -10 0.086097
-140 -5 0.111022
-140 0 0.147492
-140 5 0.186653
-140 10 0.208116
-140 15 0.208556
-140 20 0.190526
-140 25 0.168074
-140 30 0.148259
-140 35 0.128557
-140 40 0.118779
-140 45 0.127228
-140 50 0.167211
-140 55 0.242447
-140 60 0.345635
-140 65 0.441578
-140 70 0.498032
-140 75 0.502652
-140 80 0.456302
-140 85 0.377558
-140 90 0.294740
-140 95 0.249601
-140 100 0.249298
-140 105 0.303878
-140 110 0.414605
-140 115 0.573635
-140 120 0.755453
-140 125 0.951463
-140 130 1.147228
-140 135 1.325417
-140 140 1.476803
-140 145 1.577028
-140 150 1.582675
-140 155 1.473225
-140 160 1.256727
-140 165 0.980523
-140 170 0.689390
-140 175 0.432720
-135 -180 0.284925
-135 -175 0.133877
-135 -170 0.052403
-135 -165 0.016015
-135 -160 0.005035
-135 -155 0.005390
-135 -150 0.011308
-135 -145 0.018834
-135 -140 0.024807
-135 -135 0.025818
-135 -130 0.021209
-135 -125 0.013734
-135 -120 0.007000
-135 -115 0.002402
-135 -110 0.000000
-135 -105 0.000002
-135 -100 0.000064
-135 -95 0.001468
-135 -90 0.004651
-135 -85 0.014898
-135 -80 0.035602
-135 -75 0.065809
-135 -70 0.101457
-135 -65 0.140002
-135 -60 0.166855
-135 -55 0.181647
-135 -50 0.182955
-135 -45 0.179451
-135 -40 0.166578
-135 -35 0.155929
-135 -30 0.150476
-135 -25 0.152065
-135 -20 0.155139
-135 -15 0.162886
-135 -10 0.181980
-135 -5 0.212511
-135 0 0.254818
-135 5 0.304773
-135 10 0.340803
-135 15 0.354890
-135 20 0.341878
-135 25 0.316283
-135 30 0.288300
-135 35 0.253915
-135 40 0.225056
-135 45 0.214441
-135 50 0.242201
-135 55 0.315568
-135 60 0.427915
-135 65 0.538062
-135 70 0.605967
-135 75 0.613645
-135 80 0.560660
-135 85 0.471593
-135 90 0.379175
-135 95 0.323568
-135 100 0.317238
-135 105 0.371765
-135 110 0.489515
-135 115 0.666460
-135 120 0.877487
-135 125 1.109105
-135 130 1.345303
-135 135 1.571917
-135 140 1.777853
-135 145 1.926080
-135 150 1.953898
-135 155 1.832442
-135 160 1.566370
-135 165 1.214110
-135 170 0.842967
-135 175 0.519580
-130 -180 0.326170
-130 -175 0.159026
-130 -170 0.066765
-130 -165 0.025422
-130 -160 0.009043
-130 -155 0.004376
-130 -150 0.006735
-130 -145 0.010630
-130 -140 0.014000
-130 -135 0.014571
-130 -130 0.011970
-130 -125 0.007751
-130 -120 0.003950
-130 -115 0.001356
-130 -110 0.000000
-130 -105 0.000000
-130 -100 0.000000
-130 -95 0.002135
-130 -90 0.007094
-130 -85 0.019439
-130 -80 0.044103
-130 -75 0.077027
-130 -70 0.114437
-130 -65 0.156194
-130 -60 0.188658
-130 -55 0.214951
-130 -50 0.231824
-130 -45 0.244956
-130 -40 0.246345
-130 -35 0.245597
-130 -30 0.250625
-130 -25 0.268645
-130 -20 0.294828
-130 -15 0.327240
-130 -10 0.369792
-130 -5 0.423137
-130 0 0.486382
-130 5 0.557963
-130 10 0.614573
-130 15 0.638538
-130 20 0.617485
-130 25 0.568430
-130 30 0.510675
-130 35 0.442160
-130 40 0.376180
-130 45 0.329650
-130 50 0.325478
-130 55 0.373692
-130 60 0.472052
-130 65 0.577840
-130 70 0.649570
-130 75 0.663802
-130 80 0.616970
-130 85 0.536845
-130 90 0.456355
-130 95 0.408770
-130 100 0.409903
-130 105 0.468512
-130 110 0.588715
-130 115 0.771860
-130 120 0.997875
-130 125 1.255985
-130 130 1.529993
-130 135 1.808130
-130 140 2.068113
-130 145 2.261600
-130 150 2.308995
-130 155 2.171130
-130 160 1.850870
-130 165 1.422168
-130 170 0.976740
-130 175 0.596997
-125 -180 0.378670
-125 -175 0.195975
-125 -170 0.091318
-125 -165 0.041092
-125 -160 0.016530
-125 -155 0.006311
-125 -150 0.005593
-125 -145 0.006606
-125 -140 0.007831
-125 -135 0.007553
-125 -130 0.005885
-125 -125 0.003663
-125 -120 0.001756
-125 -115 0.000603
-125 -110 0.000000
-125 -105 0.000000
-125 -100 0.000000
-125 -95 0.002740
-125 -90 0.009103
-125 -85 0.022419
-125 -80 0.049072
-125 -75 0.083077
-125 -70 0.121695
-125 -65 0.167168
-125 -60 0.208007
-125 -55 0.248384
-125 -50 0.282933
-125 -45 0.314915
-125 -40 0.335782
-125 -35 0.354498
-125 -30 0.385607
-125 -25 0.442353
-125 -20 0.520968
-125 -15 0.613075
-125 -10 0.718642
-125 -5 0.832668
-125 0 0.944205
-125 5 1.045950
-125 10 1.109387
-125 15 1.109750
-125 20 1.038315
-125 25 0.923810
-125 30 0.802597
-125 35 0.676190
-125 40 0.555280
-125 45 0.456240
-125 50 0.400590
-125 55 0.400638
-125 60 0.460100
-125 65 0.540200
-125 70 0.604208
-125 75 0.625410
-125 80 0.598485
-125 85 0.549740
-125 90 0.507262
-125 95 0.491423
-125 100 0.515498
-125 105 0.582163
-125 110 0.698398
-125 115 0.874250
-125 120 1.100675
-125 125 1.379377
-125 130 1.696885
-125 135 2.040218
-125 140 2.366388
-125 145 2.610450
-125 150 2.677525
-125 155 2.517775
-125 160 2.136935
-125 165 1.629687
-125 170 1.112775
-125 175 0.682708
-120 -180 0.479950
-120 -175 0.269875
-120 -170 0.141803
-120 -165 0.071569
-120 -160 0.032767
-120 -155 0.014289
-120 -150 0.010404
-120 -145 0.008832
-120 -140 0.007707
-120 -135 0.005432
-120 -130 0.003073
-120 -125 0.001350
-120 -120 0.000206
-120 -115 0.000071
-120 -110 0.000000
-120 -105 0.000000
-120 -100 0.000000
-120 -95 0.002782
-120 -90 0.009523
-120 -85 0.022015
-120 -80 0.047737
-120 -75 0.080975
-120 -70 0.120553
-120 -65 0.170638
-120 -60 0.222774
-120 -55 0.279575
-120 -50 0.333220
-120 -45 0.385125
-120 -40 0.432190
-120 -35 0.482558
-120 -30 0.560955
-120 -25 0.684902
-120 -20 0.850340
-120 -15 1.041710
-120 -10 1.254663
-120 -5 1.473590
-120 0 1.667605
-120 5 1.811313
-120 10 1.864220
-120 15 1.792882
-120 20 1.608220
-120 25 1.365908
-120 30 1.130807
-120 35 0.914515
-120 40 0.723857
-120 45 0.567802
-120 50 0.456412
-120 55 0.400455
-120 60 0.408020
-120 65 0.449175
-120 70 0.496820
-120 75 0.526825
-120 80 0.533098
-120 85 0.533650
-120 90 0.547508
-120 95 0.578207
-120 100 0.631923
-120 105 0.707233
-120 110 0.815002
-120 115 0.980867
-120 120 1.207793
-120 125 1.513553
-120 130 1.884292
-120 135 2.301855
-120 140 2.698150
-120 145 2.990450
-120 150 3.076850
-120 155 2.899050
-120 160 2.464850
-120 165 1.887622
-120 170 1.304632
-120 175 0.825018
-115 -180 0.636568
-115 -175 0.380848
-115 -170 0.216176
-115 -165 0.115729
-115 -160 0.057203
-115 -155 0.027649
-115 -150 0.020747
-115 -145 0.017567
-115 -140 0.014694
-115 -135 0.009840
-115 -130 0.005159
-115 -125 0.001993
-115 -120 0.000000
-115 -115 0.000000
-115 -110 0.000000
-115 -105 0.000000
-115 -100 0.000000
-115 -95 0.002233
-115 -90 0.008315
-115 -85 0.018847
-115 -80 0.041364
-115 -75 0.072501
-115 -70 0.113968
-115 -65 0.170759
-115 -60 0.239212
-115 -55 0.318172
-115 -50 0.396650
-115 -45 0.472838
-115 -40 0.552123
-115 -35 0.643825
-115 -30 0.785463
-115 -25 1.001832
-115 -20 1.292523
-115 -15 1.635628
-115 -10 2.018263
-115 -5 2.400148
-115 0 2.711500
-115 5 2.890475
-115 10 2.881900
-115 15 2.657425
-115 20 2.270802
-115 25 1.824820
-115 30 1.423580
-115 35 1.092435
-115 40 0.830457
-115 45 0.629435
-115 50 0.477523
-115 55 0.378573
-115 60 0.339725
-115 65 0.342502
-115 70 0.371762
-115 75 0.410543
-115 80 0.454585
-115 85 0.510217
-115 90 0.587067
-115 95 0.672623
-115 100 0.761885
-115 105 0.852173
-115 110 0.955288
-115 115 1.113822
-115 120 1.343533
-115 125 1.674888
-115 130 2.096542
-115 135 2.581650
-115 140 3.042250
-115 145 3.376250
-115 150 3.482725
-115 155 3.301350
-115 160 2.837650
-115 165 2.209677
-115 170 1.569157
-115 175 1.034957
-110 -180 0.822597
-110 -175 0.506733
-110 -170 0.296992
-110 -165 0.163192
-110 -160 0.085285
-110 -155 0.044452
-110 -150 0.034695
-110 -145 0.029830
-110 -140 0.024603
-110 -135 0.016390
-110 -130 0.008593
-110 -125 0.003319
-110 -120 0.000000
-110 -115 0.000000
-110 -110 0.000000
-110 -105 0.000000
-110 -100 0.000000
-110 -95 0.001415
-110 -90 0.006498
-110 -85 0.015102
-110 -80 0.033483
-110 -75 0.062005
-110 -70 0.106447
-110 -65 0.171539
-110 -60 0.260707
-110 -55 0.367890
-110 -50 0.478245
-110 -45 0.584800
-110 -40 0.704490
-110 -35 0.849255
-110 -30 1.071725
-110 -25 1.409615
-110 -20 1.863473
-110 -15 2.402050
-110 -10 2.995075
-110 -5 3.560125
-110 0 3.976150
-110 5 4.140450
-110 10 3.994775
-110 15 3.534175
-110 20 2.872325
-110 25 2.176305
-110 30 1.587855
-110 35 1.144492
-110 40 0.833373
-110 45 0.618510
-110 50 0.460213
-110 55 0.352703
-110 60 0.298088
-110 65 0.289162
-110 70 0.317605
-110 75 0.372117
-110 80 0.448875
-110 85 0.542425
-110 90 0.659340
-110 95 0.778235
-110 100 0.888603
-110 105 0.991313
-110 110 1.096580
-110 115 1.263485
-110 120 1.515842
-110 125 1.887620
-110 130 2.368533
-110 135 2.914275
-110 140 3.425025
-110 145 3.782950
-110 150 3.897025
-110 155 3.713325
-110 160 3.235250
-110 165 2.572925
-110 170 1.881628
-110 175 1.285315
-105 -180 0.989720
-105 -175 0.615625
-105 -170 0.365250
-105 -165 0.205244
-105 -160 0.112319
-105 -155 0.061374
-105 -150 0.048062
-105 -145 0.040827
-105 -140 0.032798
-105 -135 0.021587
-105 -130 0.011318
-105 -125 0.004371
-105 -120 0.000000
-105 -115 0.000000
-105 -110 0.000000
-105 -105 0.000000
-105 -100 0.000000
-105 -95 0.000708
-105 -90 0.005185
-105 -85 0.013003
-105 -80 0.028179
-105 -75 0.054486
-105 -70 0.100981
-105 -65 0.172320
-105 -60 0.279927
-105 -55 0.414488
-105 -50 0.559922
-105 -45 0.705085
-105 -40 0.879583
-105 -35 1.099480
-105 -30 1.431777
-105 -25 1.929920
-105 -20 2.583975
-105 -15 3.344950
-105 -10 4.148825
-105 -5 4.856500
-105 0 5.295275
-105 5 5.339800
-105 10 4.960600
-105 15 4.202050
-105 20 3.242375
-105 25 2.311942
-105 30 1.569818
-105 35 1.054715
-105 40 0.735980
-105 45 0.546772
-105 50 0.422095
-105 55 0.345925
-105 60 0.313572
-105 65 0.325605
-105 70 0.372902
-105 75 0.445738
-105 80 0.538975
-105 85 0.640217
-105 90 0.762035
-105 95 0.886805
-105 100 1.005375
-105 105 1.123855
-105 110 1.246270
-105 115 1.442362
-105 120 1.736765
-105 125 2.162017
-105 130 2.705850
-105 135 3.298400
-105 140 3.833425
-105 145 4.186750
-105 150 4.281975
-105 155 4.082725
-105 160 3.592300
-105 165 2.905775
-105 170 2.170210
-105 175 1.513097
-100 -180 1.086263
-100 -175 0.673905
-100 -170 0.399968
-100 -165 0.229125
-100 -160 0.129574
-100 -155 0.071741
-100 -150 0.054501
-100 -145 0.044787
-100 -140 0.034735
-100 -135 0.022467
-100 -130 0.011780
-100 -125 0.004549
-100 -120 0.000000
-100 -115 0.000000
-100 -110 0.000000
-100 -105 0.000000
-100 -100 0.000000
-100 -95 0.000222
-100 -90 0.004269
-100 -85 0.011777
-100 -80 0.025441
-100 -75 0.051543
-100 -70 0.103525
-100 -65 0.185208
-100 -60 0.314933
-100 -55 0.480245
-100 -50 0.669950
-100 -45 0.870768
-100 -40 1.127012
-100 -35 1.461400
-100 -30 1.943985
-100 -25 2.635650
-100 -20 3.498300
-100 -15 4.451475
-100 -10 5.386925
-100 -5 6.108800
-100 0 6.420525
-100 5 6.213325
-100 10 5.523875
-100 15 4.465825
-100 20 3.263775
-100 25 2.186853
-100 30 1.377417
-100 35 0.857370
-100 40 0.576187
-100 45 0.443318
-100 50 0.379283
-100 55 0.364978
-100 60 0.388297
-100 65 0.452868
-100 70 0.539575
-100 75 0.631992
-100 80 0.719523
-100 85 0.791602
-100 90 0.876738
-100 95 0.975320
-100 100 1.086965
-100 105 1.224335
-100 110 1.379005
-100 115 1.623945
-100 120 1.977895
-100 125 2.473160
-100 130 3.091875
-100 135 3.735200
-100 140 4.287300
-100 145 4.621500
-100 150 4.670050
-100 155 4.420300
-100 160 3.885725
-100 165 3.156225
-100 170 2.368162
-100 175 1.654467
-95 -180 1.103795
-95 -175 0.677150
-95 -170 0.400250
-95 -165 0.234170
-95 -160 0.135395
-95 -155 0.074310
-95 -150 0.052590
-95 -145 0.040453
-95 -140 0.029535
-95 -135 0.018456
-95 -130 0.009677
-95 -125 0.003737
-95 -120 0.000000
-95 -115 0.000000
-95 -110 0.000000
-95 -105 0.000000
-95 -100 0.000000
-95 -95 0.000000
-95 -90 0.003478
-95 -85 0.010135
-95 -80 0.022348
-95 -75 0.048498
-95 -70 0.107141
-95 -65 0.201283
-95 -60 0.356525
-95 -55 0.558557
-95 -50 0.808470
-95 -45 1.095747
-95 -40 1.477115
-95 -35 1.977532
-95 -30 2.651625
-95 -25 3.545250
-95 -20 4.576750
-95 -15 5.622300
-95 -10 6.535500
-95 -5 7.085625
-95 0 7.099600
-95 5 6.534250
-95 10 5.519400
-95 15 4.236900
-95 20 2.923625
-95 25 1.839762
-95 30 1.075620
-95 35 0.619305
-95 40 0.406810
-95 45 0.340200
-95 50 0.343523
-95 55 0.401540
-95 60 0.496918
-95 65 0.630238
-95 70 0.766493
-95 75 0.875440
-95 80 0.938003
-95 85 0.953678
-95 90 0.972010
-95 95 1.019988
-95 100 1.113738
-95 105 1.272538
-95 110 1.475305
-95 115 1.794512
-95 120 2.231982
-95 125 2.825125
-95 130 3.539450
-95 135 4.251975
-95 140 4.833350
-95 145 5.157250
-95 150 5.149800
-95 155 4.814425
-95 160 4.179925
-95 165 3.358125
-95 170 2.481980
-95 175 1.704552
-90 -180 1.053512
-90 -175 0.627768
-90 -170 0.366242
-90 -165 0.217834
-90 -160 0.127623
-90 -155 0.069089
-90 -150 0.044361
-90 -145 0.030898
-90 -140 0.020448
-90 -135 0.011951
-90 -130 0.006266
-90 -125 0.002420
-90 -120 0.000000
-90 -115 0.000000
-90 -110 0.000000
-90 -105 0.000000
-90 -100 0.000000
-90 -95 0.000000
-90 -90 0.002710
-90 -85 0.007898
-90 -80 0.018765
-90 -75 0.045447
-90 -70 0.112282
-90 -65 0.222854
-90 -60 0.408250
-90 -55 0.654593
-90 -50 0.981035
-90 -45 1.386297
-90 -40 1.934650
-90 -35 2.649450
-90 -30 3.549250
-90 -25 4.629225
-90 -20 5.751625
-90 -15 6.746275
-90 -10 7.448225
-90 -5 7.637000
-90 0 7.220375
-90 5 6.259800
-90 10 4.976925
-90 15 3.597400
-90 20 2.330195
-90 25 1.373605
-90 30 0.746847
-90 35 0.400935
-90 40 0.267437
-90 45 0.258785
-90 50 0.316450
-90 55 0.433620
-90 60 0.589750
-90 65 0.778757
-90 70 0.951555
-90 75 1.064575
-90 80 1.091490
-90 85 1.047657
-90 90 0.998553
-90 95 0.997210
-90 100 1.073398
-90 105 1.254710
-90 110 1.514852
-90 115 1.925923
-90 120 2.471522
-90 125 3.193825
-90 130 4.029550
-90 135 4.840400
-90 140 5.482075
-90 145 5.826000
-90 150 5.776700
-90 155 5.336200
-90 160 4.548150
-90 165 3.570425
-90 170 2.553825
-90 175 1.688863
-85 -180 0.964247
-85 -175 0.548035
-85 -170 0.312025
-85 -165 0.186455
-85 -160 0.109290
-85 -155 0.058123
-85 -150 0.033295
-85 -145 0.020576
-85 -140 0.011803
-85 -135 0.006091
-85 -130 0.003194
-85 -125 0.001233
-85 -120 0.000000
-85 -115 0.000000
-85 -110 0.000000
-85 -105 0.000000
-85 -100 0.000000
-85 -95 0.000000
-85 -90 0.001671
-85 -85 0.004868
-85 -80 0.015171
-85 -75 0.045107
-85 -70 0.125516
-85 -65 0.261300
-85 -60 0.486072
-85 -55 0.786428
-85 -50 1.202070
-85 -45 1.747390
-85 -40 2.492490
-85 -35 3.455800
-85 -30 4.599975
-85 -25 5.826700
-85 -20 6.931875
-85 -15 7.703750
-85 -10 7.995250
-85 -5 7.663950
-85 0 6.756250
-85 5 5.452250
-85 10 4.028800
-85 15 2.708025
-85 20 1.632562
-85 25 0.899025
-85 30 0.459202
-85 35 0.237362
-85 40 0.169955
-85 45 0.194110
-85 50 0.275665
-85 55 0.418763
-85 60 0.602965
-85 65 0.815268
-85 70 0.999043
-85 75 1.103603
-85 80 1.098640
-85 85 1.014037
-85 90 0.920445
-85 95 0.888780
-85 100 0.955383
-85 105 1.159250
-85 110 1.483840
-85 115 2.002520
-85 120 2.688025
-85 125 3.580275
-85 130 4.572400
-85 135 5.513175
-85 140 6.237925
-85 145 6.607000
-85 150 6.503075
-85 155 5.926075
-85 160 4.944300
-85 165 3.771200
-85 170 2.589850
-85 175 1.631985
-80 -180 0.863260
-80 -175 0.465450
-80 -170 0.258250
-80 -165 0.152274
-80 -160 0.087265
-80 -155 0.044361
-80 -150 0.021818
-80 -145 0.011571
-80 -140 0.005346
-80 -135 0.002090
-80 -130 0.001096
-80 -125 0.000423
-80 -120 0.000000
-80 -115 0.000000
-80 -110 0.000000
-80 -105 0.000000
-80 -100 0.000000
-80 -95 0.000000
-80 -90 0.000814
-80 -85 0.002372
-80 -80 0.012581
-80 -75 0.047760
-80 -70 0.144772
-80 -65 0.313590
-80 -60 0.593027
-80 -55 0.972753
-80 -50 1.510685
-80 -45 2.234002
-80 -40 3.201400
-80 -35 4.406450
-80 -30 5.739625
-80 -25 6.990450
-80 -20 7.906600
-80 -15 8.274225
-80 -10 8.019200
-80 -5 7.131200
-80 0 5.807425
-80 5 4.317425
-80 10 2.930075
-80 15 1.808118
-80 20 1.009427
-80 25 0.522590
-80 30 0.258308
-80 35 0.136465
-80 40 0.108205
-80 45 0.140153
-80 50 0.217478
-80 55 0.351507
-80 60 0.524933
-80 65 0.720762
-80 70 0.885823
-80 75 0.972050
-80 80 0.949063
-80 85 0.854863
-80 90 0.752710
-80 95 0.717197
-80 100 0.785693
-80 105 1.009625
-80 110 1.399665
-80 115 2.030838
-80 120 2.871225
-80 125 3.944900
-80 130 5.087500
-80 135 6.137225
-80 140 6.914200
-80 145 7.273375
-80 150 7.096250
-80 155 6.380875
-80 160 5.223725
-80 165 3.880525
-80 170 2.566700
-80 175 1.546072
-75 -180 0.735278
-75 -175 0.372713
-75 -170 0.199732
-75 -165 0.113999
-75 -160 0.062505
-75 -155 0.029546
-75 -150 0.011802
-75 -145 0.004999
-75 -140 0.001440
-75 -135 0.000000
-75 -130 0.000000
-75 -125 0.000000
-75 -120 0.000000
-75 -115 0.000000
-75 -110 0.000000
-75 -105 0.000000
-75 -100 0.000000
-75 -95 0.000000
-75 -90 0.000222
-75 -85 0.000646
-75 -80 0.011284
-75 -75 0.051229
-75 -70 0.163241
-75 -65 0.370798
-75 -60 0.721655
-75 -55 1.210115
-75 -50 1.900667
-75 -45 2.813550
-75 -40 3.970800
-75 -35 5.325025
-75 -30 6.706550
-75 -25 7.821900
-75 -20 8.405025
-75 -15 8.286200
-75 -10 7.498350
-75 -5 6.170175
-75 0 4.613125
-75 5 3.127325
-75 10 1.919805
-75 15 1.065233
-75 20 0.543982
-75 25 0.266805
-75 30 0.134626
-75 35 0.079078
-75 40 0.068285
-75 45 0.091171
-75 50 0.145984
-75 55 0.246774
-75 60 0.381015
-75 65 0.532042
-75 70 0.658112
-75 75 0.720363
-75 80 0.693453
-75 85 0.615400
-75 90 0.534015
-75 95 0.513663
-75 100 0.590010
-75 105 0.823422
-75 110 1.264167
-75 115 1.988550
-75 120 2.969875
-75 125 4.205650
-75 130 5.470250
-75 135 6.584600
-75 140 7.354750
-75 145 7.639275
-75 150 7.348550
-75 155 6.495425
-75 160 5.213600
-75 165 3.775900
-75 170 2.413245
-75 175 1.395107
-70 -180 0.579370
-70 -175 0.275328
-70 -170 0.141075
-70 -165 0.076762
-70 -160 0.040146
-70 -155 0.017858
-70 -150 0.006143
-70 -145 0.002495
-70 -140 0.000734
-70 -135 0.000000
-70 -130 0.000000
-70 -125 0.000000
-70 -120 0.000000
-70 -115 0.000000
-70 -110 0.000000
-70 -105 0.000000
-70 -100 0.000000
-70 -95 0.000000
-70 -90 0.000000
-70 -85 0.000000
-70 -80 0.011298
-70 -75 0.055651
-70 -70 0.181229
-70 -65 0.432862
-70 -60 0.869648
-70 -55 1.488643
-70 -50 2.342940
-70 -45 3.420050
-70 -40 4.684375
-70 -35 6.040700
-70 -30 7.288925
-70 -25 8.113375
-70 -20 8.275200
-70 -15 7.687275
-70 -10 6.495700
-70 -5 4.935700
-70 0 3.366725
-70 5 2.057313
-70 10 1.122148
-70 15 0.544360
-70 20 0.249730
-70 25 0.118459
-70 30 0.065863
-70 35 0.045159
-70 40 0.040077
-70 45 0.051109
-70 50 0.081501
-70 55 0.143382
-70 60 0.229468
-70 65 0.327078
-70 70 0.408620
-70 75 0.448375
-70 80 0.428120
-70 85 0.377905
-70 90 0.327452
-70 95 0.323737
-70 100 0.402683
-70 105 0.627325
-70 110 1.089502
-70 115 1.864950
-70 120 2.933625
-70 125 4.263925
-70 130 5.576400
-70 135 6.671325
-70 140 7.344125
-70 145 7.477200
-70 150 7.039650
-70 155 6.077475
-70 160 4.765750
-70 165 3.363900
-70 170 2.082570
-70 175 1.162245
-65 -180 0.404795
-65 -175 0.180752
-65 -170 0.088104
-65 -165 0.045604
-65 -160 0.022527
-65 -155 0.009090
-65 -150 0.002416
-65 -145 0.000856
-65 -140 0.000252
-65 -135 0.000000
-65 -130 0.000000
-65 -125 0.000000
-65 -120 0.000000
-65 -115 0.000000
-65 -110 0.000000
-65 -105 0.000000
-65 -100 0.000000
-65 -95 0.000000
-65 -90 0.000000
-65 -85 0.000000
-65 -80 0.011817
-65 -75 0.058668
-65 -70 0.193462
-65 -65 0.485762
-65 -60 1.005313
-65 -55 1.747995
-65 -50 2.740875
-65 -45 3.913750
-65 -40 5.160750
-65 -35 6.347025
-65 -30 7.281850
-65 -25 7.701550
-65 -20 7.442200
-65 -15 6.518250
-65 -10 5.155800
-65 -5 3.625350
-65 0 2.256495
-65 5 1.236757
-65 10 0.590883
-65 15 0.243339
-65 20 0.098733
-65 25 0.047470
-65 30 0.031519
-65 35 0.024797
-65 40 0.020541
-65 45 0.023007
-65 50 0.035237
-65 55 0.064445
-65 60 0.107454
-65 65 0.156605
-65 70 0.197865
-65 75 0.218144
-65 80 0.207154
-65 85 0.184289
-65 90 0.163705
-65 95 0.175394
-65 100 0.254600
-65 105 0.458530
-65 110 0.907913
-65 115 1.672105
-65 120 2.734925
-65 125 4.041325
-65 130 5.285150
-65 135 6.251125
-65 140 6.738750
-65 145 6.674750
-65 150 6.099125
-65 155 5.099525
-65 160 3.879875
-65 165 2.658150
-65 170 1.590342
-65 175 0.857728
-60 -180 0.240041
-60 -175 0.099875
-60 -170 0.045074
-60 -165 0.021747
-60 -160 0.009901
-60 -155 0.003248
-60 -150 0.000337
-60 -145 0.000000
-60 -140 0.000000
-60 -135 0.000000
-60 -130 0.000000
-60 -125 0.000000
-60 -120 0.000000
-60 -115 0.000000
-60 -110 0.000000
-60 -105 0.000000
-60 -100 0.000000
-60 -95 0.000000
-60 -90 0.000000
-60 -85 0.000000
-60 -80 0.011316
-60 -75 0.056811
-60 -70 0.192705
-60 -65 0.508650
-60 -60 1.081627
-60 -55 1.901927
-60 -50 2.961400
-60 -45 4.121025
-60 -40 5.210375
-60 -35 6.076425
-60 -30 6.580525
-60 -25 6.571350
-60 -20 5.990525
-60 -15 4.938575
-60 -10 3.661200
-60 -5 2.385465
-60 0 1.355298
-60 5 0.663133
-60 10 0.273175
-60 15 0.091844
-60 20 0.031831
-60 25 0.016624
-60 30 0.013828
-60 35 0.011541
-60 40 0.008174
-60 45 0.006921
-60 50 0.009328
-60 55 0.019507
-60 60 0.036372
-60 65 0.056512
-60 70 0.074083
-60 75 0.083308
-60 80 0.079103
-60 85 0.071528
-60 90 0.066089
-60 95 0.079832
-60 100 0.146396
-60 105 0.313422
-60 110 0.709085
-60 115 1.393358
-60 120 2.348462
-60 125 3.507550
-60 130 4.571775
-60 135 5.326675
-60 140 5.598075
-60 145 5.364500
-60 150 4.722750
-60 155 3.789200
-60 160 2.770075
-60 165 1.827787
-60 170 1.047667
-60 175 0.542458
-55 -180 0.120276
-55 -175 0.046753
-55 -170 0.019193
-55 -165 0.008799
-55 -160 0.003844
-55 -155 0.001178
-55 -150 0.000099
-55 -145 0.000000
-55 -140 0.000000
-55 -135 0.000000
-55 -130 0.000000
-55 -125 0.000000
-55 -120 0.000000
-55 -115 0.000000
-55 -110 0.000000
-55 -105 0.000000
-55 -100 0.000000
-55 -95 0.000000
-55 -90 0.000107
-55 -85 0.000395
-55 -80 0.010237
-55 -75 0.049807
-55 -70 0.173576
-55 -65 0.477563
-55 -60 1.038000
-55 -55 1.839148
-55 -50 2.839300
-55 -45 3.851625
-55 -40 4.671875
-55 -35 5.157625
-55 -30 5.248425
-55 -25 4.918650
-55 -20 4.206800
-55 -15 3.253425
-55 -10 2.262040
-55 -5 1.369375
-55 0 0.713682
-55 5 0.313010
-55 10 0.111712
-55 15 0.030688
-55 20 0.009389
-55 25 0.005992
-55 30 0.005963
-55 35 0.004808
-55 40 0.003062
-55 45 0.001627
-55 50 0.001431
-55 55 0.003576
-55 60 0.008003
-55 65 0.013568
-55 70 0.018622
-55 75 0.021540
-55 80 0.020722
-55 85 0.020102
-55 90 0.020882
-55 95 0.031514
-55 100 0.081364
-55 105 0.206406
-55 110 0.520533
-55 115 1.070615
-55 120 1.832855
-55 125 2.741900
-55 130 3.542075
-55 135 4.048525
-55 140 4.135200
-55 145 3.823550
-55 150 3.231650
-55 155 2.474435
-55 160 1.724830
-55 165 1.089172
-55 170 0.592275
-55 175 0.292392
-50 -180 0.042692
-50 -175 0.013230
-50 -170 0.003298
-50 -165 0.001001
-50 -160 0.000348
-50 -155 0.000077
-50 -150 0.000000
-50 -145 0.000000
-50 -140 0.000000
-50 -135 0.000000
-50 -130 0.000000
-50 -125 0.000000
-50 -120 0.000000
-50 -115 0.000000
-50 -110 0.000000
-50 -105 0.000000
-50 -100 0.000000
-50 -95 0.000000
-50 -90 0.000486
-50 -85 0.001785
-50 -80 0.010568
-50 -75 0.042549
-50 -70 0.144645
-50 -65 0.399880
-50 -60 0.873535
-50 -55 1.546230
-50 -50 2.358050
-50 -45 3.118750
-50 -40 3.637100
-50 -35 3.807275
-50 -30 3.634675
-50 -25 3.180575
-50 -20 2.536550
-50 -15 1.830293
-50 -10 1.191545
-50 -5 0.671142
-50 0 0.323400
-50 5 0.128747
-50 10 0.040373
-50 15 0.009169
-50 20 0.001639
-50 25 0.000421
-50 30 0.000429
-50 35 0.000346
-50 40 0.000220
-50 45 0.000111
-50 50 0.000035
-50 55 0.000000
-50 60 0.000000
-50 65 0.000000
-50 70 0.000009
-50 75 0.000166
-50 80 0.000385
-50 85 0.001506
-50 90 0.003082
-50 95 0.009386
-50 100 0.042301
-50 105 0.126991
-50 110 0.346952
-50 115 0.733518
-50 120 1.261685
-50 125 1.876745
-50 130 2.393022
-50 135 2.676250
-50 140 2.652750
-50 145 2.362650
-50 150 1.910153
-50 155 1.385742
-50 160 0.909753
-50 165 0.541112
-50 170 0.271255
-50 175 0.122317
-45 -180 0.010329
-45 -175 0.002824
-45 -170 0.000176
-45 -165 0.000000
-45 -160 0.000000
-45 -155 0.000000
-45 -150 0.000000
-45 -145 0.000000
-45 -140 0.000000
-45 -135 0.000000
-45 -130 0.000000
-45 -125 0.000000
-45 -120 0.000000
-45 -115 0.000000
-45 -110 0.000000
-45 -105 0.000000
-45 -100 0.000000
-45 -95 0.000000
-45 -90 0.001030
-45 -85 0.003781
-45 -80 0.011947
-45 -75 0.036547
-45 -70 0.111907
-45 -65 0.294983
-45 -60 0.633953
-45 -55 1.110007
-45 -50 1.665483
-45 -45 2.148163
-45 -40 2.415167
-45 -35 2.403250
-45 -30 2.149973
-45 -25 1.744197
-45 -20 1.281955
-45 -15 0.848768
-45 -10 0.508537
-45 -5 0.260522
-45 0 0.112685
-45 5 0.038473
-45 10 0.009439
-45 15 0.001563
-45 20 0.000252
-45 25 0.000000
-45 30 0.000000
-45 35 0.000000
-45 40 0.000000
-45 45 0.000000
-45 50 0.000000
-45 55 0.000000
-45 60 0.000000
-45 65 0.000000
-45 70 0.000000
-45 75 0.000000
-45 80 0.000000
-45 85 0.000115
-45 90 0.000299
-45 95 0.002693
-45 100 0.022092
-45 105 0.074389
-45 110 0.209397
-45 115 0.444325
-45 120 0.756855
-45 125 1.108472
-45 130 1.386270
-45 135 1.511232
-45 140 1.450967
-45 145 1.242415
-45 150 0.956700
-45 155 0.651425
-45 160 0.395325
-45 165 0.216182
-45 170 0.095434
-45 175 0.037417
-40 -180 0.001675
-40 -175 0.000518
-40 -170 0.000000
-40 -165 0.000000
-40 -160 0.000000
-40 -155 0.000000
-40 -150 0.000000
-40 -145 0.000000
-40 -140 0.000000
-40 -135 0.000000
-40 -130 0.000000
-40 -125 0.000000
-40 -120 0.000000
-40 -115 0.000000
-40 -110 0.000000
-40 -105 0.000000
-40 -100 0.000000
-40 -95 0.000000
-40 -90 0.001725
-40 -85 0.006332
-40 -80 0.014982
-40 -75 0.034023
-40 -70 0.083058
-40 -65 0.191950
-40 -60 0.390883
-40 -55 0.667110
-40 -50 0.980137
-40 -45 1.233227
-40 -40 1.338583
-40 -35 1.264873
-40 -30 1.051192
-40 -25 0.772637
-40 -20 0.502620
-40 -15 0.287090
-40 -10 0.147858
-40 -5 0.063541
-40 0 0.022574
-40 5 0.005811
-40 10 0.000932
-40 15 0.000000
-40 20 0.000000
-40 25 0.000000
-40 30 0.000000
-40 35 0.000000
-40 40 0.000000
-40 45 0.000000
-40 50 0.000000
-40 55 0.000000
-40 60 0.000000
-40 65 0.000000
-40 70 0.000000
-40 75 0.000000
-40 80 0.000000
-40 85 0.000000
-40 90 0.000000
-40 95 0.000770
-40 100 0.010692
-40 105 0.038770
-40 110 0.108888
-40 115 0.228482
-40 120 0.380557
-40 125 0.542050
-40 130 0.656890
-40 135 0.689915
-40 140 0.636178
-40 145 0.521572
-40 150 0.383488
-40 155 0.247187
-40 160 0.139965
-40 165 0.071426
-40 170 0.027379
-40 175 0.008758
-35 -180 0.000000
-35 -175 0.000000
-35 -170 0.000000
-35 -165 0.000000
-35 -160 0.000000
-35 -155 0.000000
-35 -150 0.000000
-35 -145 0.000000
-35 -140 0.000000
-35 -135 0.000000
-35 -130 0.000000
-35 -125 0.000000
-35 -120 0.000000
-35 -115 0.000000
-35 -110 0.000000
-35 -105 0.000000
-35 -100 0.000000
-35 -95 0.000000
-35 -90 0.002284
-35 -85 0.008385
-35 -80 0.017957
-35 -75 0.033314
-35 -70 0.061709
-35 -65 0.112848
-35 -60 0.201761
-35 -55 0.322995
-35 -50 0.455735
-35 -45 0.552652
-35 -40 0.573460
-35 -35 0.508200
-35 -30 0.384005
-35 -25 0.246058
-35 -20 0.132879
-35 -15 0.057888
-35 -10 0.021623
-35 -5 0.006123
-35 0 0.001512
-35 5 0.000072
-35 10 0.000010
-35 15 0.000000
-35 20 0.000000
-35 25 0.000000
-35 30 0.000000
-35 35 0.000000
-35 40 0.000000
-35 45 0.000000
-35 50 0.000000
-35 55 0.000000
-35 60 0.000000
-35 65 0.000000
-35 70 0.000000
-35 75 0.000000
-35 80 0.000000
-35 85 0.000000
-35 90 0.000000
-35 95 0.000099
-35 100 0.004317
-35 105 0.017090
-35 110 0.046419
-35 115 0.094483
-35 120 0.152464
-35 125 0.209118
-35 130 0.243771
-35 135 0.246249
-35 140 0.219249
-35 145 0.173904
-35 150 0.123862
-35 155 0.077409
-35 160 0.041971
-35 165 0.020243
-35 170 0.006672
-35 175 0.001489
-30 -180 0.000000
-30 -175 0.000000
-30 -170 0.000000
-30 -165 0.000000
-30 -160 0.000000
-30 -155 0.000000
-30 -150 0.000000
-30 -145 0.000000
-30 -140 0.000000
-30 -135 0.000000
-30 -130 0.000000
-30 -125 0.000000
-30 -120 0.000000
-30 -115 0.000000
-30 -110 0.000000
-30 -105 0.000000
-30 -100 0.000000
-30 -95 0.000000
-30 -90 0.002389
-30 -85 0.008771
-30 -80 0.018075
-30 -75 0.031017
-30 -70 0.047473
-30 -65 0.065874
-30 -60 0.091911
-30 -55 0.125059
-30 -50 0.159579
-30 -45 0.181488
-30 -40 0.179031
-30 -35 0.150845
-30 -30 0.105706
-30 -25 0.060164
-30 -20 0.027532
-30 -15 0.008277
-30 -10 0.001374
-30 -5 0.000026
-30 0 0.000008
-30 5 0.000000
-30 10 0.000000
-30 15 0.000000
-30 20 0.000000
-30 25 0.000000
-30 30 0.000000
-30 35 0.000000
-30 40 0.000000
-30 45 0.000000
-30 50 0.000000
-30 55 0.000000
-30 60 0.000000
-30 65 0.000000
-30 70 0.000000
-30 75 0.000000
-30 80 0.000000
-30 85 0.000000
-30 90 0.000000
-30 95 0.000000
-30 100 0.001862
-30 105 0.006958
-30 110 0.016380
-30 115 0.029783
-30 120 0.043339
-30 125 0.053006
-30 130 0.054995
-30 135 0.049996
-30 140 0.041089
-30 145 0.030935
-30 150 0.021839
-30 155 0.014304
-30 160 0.008313
-30 165 0.004304
-30 170 0.001537
-30 175 0.000404
-25 -180 0.000000
-25 -175 0.000000
-25 -170 0.000000
-25 -165 0.000000
-25 -160 0.000000
-25 -155 0.000000
-25 -150 0.000000
-25 -145 0.000000
-25 -140 0.000000
-25 -135 0.000000
-25 -130 0.000000
-25 -125 0.000000
-25 -120 0.000000
-25 -115 0.000000
-25 -110 0.000000
-25 -105 0.000000
-25 -100 0.000000
-25 -95 0.000000
-25 -90 0.001971
-25 -85 0.007238
-25 -80 0.014866
-25 -75 0.024508
-25 -70 0.033215
-25 -65 0.036895
-25 -60 0.036725
-25 -55 0.034873
-25 -50 0.033620
-25 -45 0.032002
-25 -40 0.028868
-25 -35 0.023871
-25 -30 0.016382
-25 -25 0.008974
-25 -20 0.004126
-25 -15 0.001058
-25 -10 0.000106
-25 -5 0.000000
-25 0 0.000000
-25 5 0.000000
-25 10 0.000000
-25 15 0.000000
-25 20 0.000000
-25 25 0.000000
-25 30 0.000000
-25 35 0.000000
-25 40 0.000000
-25 45 0.000000
-25 50 0.000000
-25 55 0.000000
-25 60 0.000000
-25 65 0.000000
-25 70 0.000000
-25 75 0.000000
-25 80 0.000000
-25 85 0.000000
-25 90 0.000000
-25 95 0.000000
-25 100 0.000495
-25 105 0.001828
-25 110 0.003765
-25 115 0.006122
-25 120 0.007878
-25 125 0.008024
-25 130 0.006467
-25 135 0.004121
-25 140 0.002074
-25 145 0.000663
-25 150 0.000009
-25 155 0.000000
-25 160 0.000000
-25 165 0.000000
-25 170 0.000000
-25 175 0.000000
-20 -180 0.000000
-20 -175 0.000000
-20 -170 0.000000
-20 -165 0.000000
-20 -160 0.000000
-20 -155 0.000000
-20 -150 0.000000
-20 -145 0.000000
-20 -140 0.000000
-20 -135 0.000000
-20 -130 0.000000
-20 -125 0.000000
-20 -120 0.000000
-20 -115 0.000000
-20 -110 0.000000
-20 -105 0.000000
-20 -100 0.000000
-20 -95 0.000000
-20 -90 0.001282
-20 -85 0.004705
-20 -80 0.009656
-20 -75 0.015667
-20 -70 0.020106
-20 -65 0.020444
-20 -60 0.016719
-20 -55 0.011153
-20 -50 0.006566
-20 -45 0.003553
-20 -40 0.002113
-20 -35 0.001821
-20 -30 0.001228
-20 -25 0.000647
-20 -20 0.000255
-20 -15 0.000000
-20 -10 0.000000
-20 -5 0.000000
-20 0 0.000000
-20 5 0.000000
-20 10 0.000000
-20 15 0.000000
-20 20 0.000000
-20 25 0.000000
-20 30 0.000000
-20 35 0.000000
-20 40 0.000000
-20 45 0.000000
-20 50 0.000000
-20 55 0.000000
-20 60 0.000000
-20 65 0.000000
-20 70 0.000000
-20 75 0.000000
-20 80 0.000000
-20 85 0.000000
-20 90 0.000000
-20 95 0.000000
-20 100 0.000000
-20 105 0.000000
-20 110 0.000000
-20 115 0.000000
-20 120 0.000000
-20 125 0.000000
-20 130 0.000000
-20 135 0.000000
-20 140 0.000000
-20 145 0.000000
-20 150 0.000000
-20 155 0.000000
-20 160 0.000000
-20 165 0.000000
-20 170 0.000000
-20 175 0.000000
-15 -180 0.000000
-15 -175 0.000000
-15 -170 0.000000
-15 -165 0.000000
-15 -160 0.000000
-15 -155 0.000000
-15 -150 0.000000
-15 -145 0.000000
-15 -140 0.000000
-15 -135 0.000000
-15 -130 0.000000
-15 -125 0.000000
-15 -120 0.000000
-15 -115 0.000000
-15 -110 0.000000
-15 -105 0.000000
-15 -100 0.000000
-15 -95 0.000000
-15 -90 0.000655
-15 -85 0.002407
-15 -80 0.004939
-15 -75 0.008013
-15 -70 0.010283
-15 -65 0.010438
-15 -60 0.008377
-15 -55 0.005311
-15 -50 0.002657
-15 -45 0.000834
-15 -40 0.000000
-15 -35 0.000000
-15 -30 0.000000
-15 -25 0.000000
-15 -20 0.000000
-15 -15 0.000000
-15 -10 0.000000
-15 -5 0.000000
-15 0 0.000000
-15 5 0.000000
-15 10 0.000000
-15 15 0.000000
-15 20 0.000000
-15 25 0.000000
-15 30 0.000000
-15 35 0.000000
-15 40 0.000000
-15 45 0.000000
-15 50 0.000000
-15 55 0.000000
-15 60 0.000000
-15 65 0.000000
-15 70 0.000000
-15 75 0.000000
-15 80 0.000000
-15 85 0.000000
-15 90 0.000000
-15 95 0.000000
-15 100 0.000000
-15 105 0.000000
-15 110 0.000000
-15 115 0.000000
-15 120 0.000000
-15 125 0.000000
-15 130 0.000000
-15 135 0.000000
-15 140 0.000000
-15 145 0.000000
-15 150 0.000000
-15 155 0.000000
-15 160 0.000000
-15 165 0.000000
-15 170 0.000000
-15 175 0.000000
-10 -180 0.000000
-10 -175 0.000000
-10 -170 0.000000
-10 -165 0.000000
-10 -160 0.000000
-10 -155 0.000000
-10 -150 0.000000
-10 -145 0.000000
-10 -140 0.000000
-10 -135 0.000000
-10 -130 0.000000
-10 -125 0.000000
-10 -120 0.000000
-10 -115 0.000000
-10 -110 0.000000
-10 -105 0.000000
-10 -100 0.000000
-10 -95 0.000000
-10 -90 0.000228
-10 -85 0.000839
-10 -80 0.001721
-10 -75 0.002792
-10 -70 0.003584
-10 -65 0.003638
-10 -60 0.002919
-10 -55 0.001851
-10 -50 0.000926
-10 -45 0.000291
-10 -40 0.000000
-10 -35 0.000000
-10 -30 0.000000
-10 -25 0.000000
-10 -20 0.000000
-10 -15 0.000000
-10 -10 0.000000
-10 -5 0.000000
-10 0 0.000000
-10 5 0.000000
-10 10 0.000000
-10 15 0.000000
-10 20 0.000000
-10 25 0.000000
-10 30 0.000000
-10 35 0.000000
-10 40 0.000000
-10 45 0.000000
-10 50 0.000000
-10 55 0.000000
-10 60 0.000000
-10 65 0.000000
-10 70 0.000000
-10 75 0.000000
-10 80 0.000000
-10 85 0.000000
-10 90 0.000000
-10 95 0.000000
-10 100 0.000000
-10 105 0.000000
-10 110 0.000000
-10 115 0.000000
-10 120 0.000000
-10 125 0.000000
-10 130 0.000000
-10 135 0.000000
-10 140 0.000000
-10 145 0.000000
-10 150 0.000000
-10 155 0.000000
-10 160 0.000000
-10 165 0.000000
-10 170 0.000000
-10 175 0.000000
-5 -180 0.000000
-5 -175 0.000000
-5 -170 0.000000
-5 -165 0.000000
-5 -160 0.000000
-5 -155 0.000000
-5 -150 0.000000
-5 -145 0.000000
-5 -140 0.000000
-5 -135 0.000000
-5 -130 0.000000
-5 -125 0.000000
-5 -120 0.000000
-5 -115 0.000000
-5 -110 0.000000
-5 -105 0.000000
-5 -100 0.000000
-5 -95 0.000000
-5 -90 0.000000
-5 -85 0.000000
-5 -80 0.000000
-5 -75 0.000000
-5 -70 0.000000
-5 -65 0.000000
-5 -60 0.000000
-5 -55 0.000000
-5 -50 0.000000
-5 -45 0.000000
-5 -40 0.000000
-5 -35 0.000000
-5 -30 0.000000
-5 -25 0.000000
-5 -20 0.000000
-5 -15 0.000000
-5 -10 0.000000
-5 -5 0.000000
-5 0 0.000000
-5 5 0.000000
-5 10 0.000000
-5 15 0.000000
-5 20 0.000000
-5 25 0.000000
-5 30 0.000000
-5 35 0.000000
-5 40 0.000000
-5 45 0.000000
-5 50 0.000000
-5 55 0.000000
-5 60 0.000000
-5 65 0.000000
-5 70 0.000000
-5 75 0.000000
-5 80 0.000000
-5 85 0.000000
-5 90 0.000000
-5 95 0.000000
-5 100 0.000000
-5 105 0.000000
-5 110 0.000000
-5 115 0.000000
-5 120 0.000000
-5 125 0.000000
-5 130 0.000000
-5 135 0.000000
-5 140 0.000000
-5 145 0.000000
-5 150 0.000000
-5 155 0.000000
-5 160 0.000000
-5 165 0.000000
-5 170 0.000000
-5 175 0.000000
0 -180 0.000000
0 -175 0.000000
0 -170 0.000000
0 -165 0.000000
0 -160 0.000000
0 -155 0.000000
0 -150 0.000000
0 -145 0.000000
0 -140 0.000000
0 -135 0.000000
0 -130 0.000000
0 -125 0.000000
0 -120 0.000000
0 -115 0.000000
0 -110 0.000000
0 -105 0.000000
0 -100 0.000000
0 -95 0.000000
0 -90 0.000000
0 -85 0.000000
0 -80 0.000000
0 -75 0.000000
0 -70 0.000000
0 -65 0.000000
0 -60 0.000000
0 -55 0.000000
0 -50 0.000000
0 -45 0.000000
0 -40 0.000000
0 -35 0.000000
0 -30 0.000000
0 -25 0.000000
0 -20 0.000000
0 -15 0.000000
0 -10 0.000000
0 -5 0.000000
0 0 0.000000
0 5 0.000000
0 10 0.000000
0 15 0.000000
0 20 0.000000
0 25 0.000000
0 30 0.000000
0 35 0.000000
0 40 0.000000
0 45 0.000000
0 50 0.000000
0 55 0.000000
0 60 0.000000
0 65 0.000000
0 70 0.000000
0 75 0.000000
0 80 0.000000
0 85 0.000000
0 90 0.000000
0 95 0.000000
0 100 0.000000
0 105 0.000000
0 110 0.000000
0 115 0.000000
0 120 0.000000
0 125 0.000000
0 130 0.000000
0 135 0.000000
0 140 0.000000
0 145 0.000000
0 150 0.000000
0 155 0.000000
0 160 0.000000
0 165 0.000000
0 170 0.000000
0 175 0.000000
5 -180 0.000000
5 -175 0.000000
5 -170 0.000000
5 -165 0.000000
5 -160 0.000000
5 -155 0.000000
5 -150 0.000000
5 -145 0.000000
5 -140 0.000000
5 -135 0.000000
5 -130 0.000000
5 -125 0.000000
5 -120 0.000000
5 -115 0.000000
5 -110 0.000000
5 -105 0.000000
5 -100 0.000000
5 -95 0.000000
5 -90 0.000000
5 -85 0.000000
5 -80 0.000000
5 -75 0.000000
5 -70 0.000000
5 -65 0.000000
5 -60 0.000000
5 -55 0.000000
5 -50 0.000000
5 -45 0.000000
5 -40 0.000000
5 -35 0.000000
5 -30 0.000000
5 -25 0.000000
5 -20 0.000000
5 -15 0.000000
5 -10 0.000000
5 -5 0.000000
5 0 0.000000
5 5 0.000000
5 10 0.000000
5 15 0.000000
5 20 0.000000
5 25 0.000000
5 30 0.000000
5 35 0.000000
5 40 0.000000
5 45 0.000000
5 50 0.000000
5 55 0.000000
5 60 0.000000
5 65 0.000000
5 70 0.000000
5 75 0.000000
5 80 0.000000
5 85 0.000000
5 90 0.000000
5 95 0.000000
5 100 0.000000
5 105 0.000000
5 110 0.000000
5 115 0.000000
5 120 0.000000
5 125 0.000000
5 130 0.000000
5 135 0.000000
5 140 0.000000
5 145 0.000000
5 150 0.000000
5 155 0.000000
5 160 0.000000
5 165 0.000000
5 170 0.000000
5 175 0.000000
10 -180 0.000000
10 -175 0.000000
10 -170 0.000000
10 -165 0.000000
10 -160 0.000000
10 -155 0.000000
10 -150 0.000000
10 -145 0.000000
10 -140 0.000000
10 -135 0.000000
10 -130 0.000000
10 -125 0.000000
10 -120 0.000000
10 -115 0.000000
10 -110 0.000000
10 -105 0.000000
10 -100 0.000000
10 -95 0.000000
10 -90 0.000000
10 -85 0.000000
10 -80 0.000000
10 -75 0.000000
10 -70 0.000000
10 -65 0.000000
10 -60 0.000000
10 -55 0.000000
10 -50 0.000000
10 -45 0.000000
10 -40 0.000000
10 -35 0.000000
10 -30 0.000000
10 -25 0.000000
10 -20 0.000000
10 -15 0.000000
10 -10 0.000000
10 -5 0.000000
10 0 0.000000
10 5 0.000000
10 10 0.000000
10 15 0.000000
10 20 0.000000
10 25 0.000000
10 30 0.000000
10 35 0.000000
10 40 0.000000
10 45 0.000000
10 50 0.000000
10 55 0.000000
10 60 0.000000
10 65 0.000000
10 70 0.000000
10 75 0.000000
10 80 0.000000
10 85 0.000000
10 90 0.000000
10 95 0.000000
10 100 0.000000
10 105 0.000000
10 110 0.000000
10 115 0.000000
10 120 0.000000
10 125 0.000000
10 130 0.000000
10 135 0.000000
10 140 0.000000
10 145 0.000000
10 150 0.000000
10 155 0.000000
10 160 0.000000
10 165 0.000000
10 170 0.000000
10 175 0.000000
15 -180 0.000000
15 -175 0.000000
15 -170 0.000000
15 -165 0.000000
15 -160 0.000000
15 -155 0.000000
15 -150 0.000000
15 -145 0.000000
15 -140 0.000000
15 -135 0.000000
15 -130 0.000000
15 -125 0.000000
15 -120 0.000000
15 -115 0.000000
15 -110 0.000000
15 -105 0.000000
15 -100 0.000000
15 -95 0.000000
15 -90 0.000000
15 -85 0.000000
15 -80 0.000000
15 -75 0.000000
15 -70 0.000000
15 -65 0.000000
15 -60 0.000000
15 -55 0.000000
15 -50 0.000000
15 -45 0.000000
15 -40 0.000000
15 -35 0.000000
15 -30 0.000000
15 -25 0.000000
15 -20 0.000000
15 -15 0.000000
15 -10 0.000000
15 -5 0.000000
15 0 0.000000
15 5 0.000000
15 10 0.000000
15 15 0.000000
15 20 0.000000
15 25 0.000000
15 30 0.000000
15 35 0.000000
15 40 0.000000
15 45 0.000000
15 50 0.000000
15 55 0.000000
15 60 0.000000
15 65 0.000000
15 70 0.000000
15 75 0.000000
15 80 0.000000
15 85 0.000000
15 90 0.000000
15 95 0.000000
15 100 0.000000
15 105 0.000000
15 110 0.000000
15 115 0.000000
15 120 0.000000
15 125 0.000000
15 130 0.000000
15 135 0.000000
15 140 0.000000
15 145 0.000000
15 150 0.000000
15 155 0.000000
15 160 0.000000
15 165 0.000000
15 170 0.000000
15 175 0.000000
20 -180 0.000000
20 -175 0.000000
20 -170 0.000000
20 -165 0.000000
20 -160 0.000000
20 -155 0.000000
20 -150 0.000000
20 -145 0.000000
20 -140 0.000000
20 -135 0.000000
20 -130 0.000000
20 -125 0.000000
20 -120 0.000000
20 -115 0.000000
20 -110 0.000000
20 -105 0.000000
20 -100 0.000000
20 -95 0.000000
20 -90 0.000000
20 -85 0.000000
20 -80 0.000000
20 -75 0.000000
20 -70 0.000000
20 -65 0.000000
20 -60 0.000000
20 -55 0.000000
20 -50 0.000000
20 -45 0.000000
20 -40 0.000000
20 -35 0.000000
20 -30 0.000000
20 -25 0.000000
20 -20 0.000000
20 -15 0.000000
20 -10 0.000000
20 -5 0.000000
20 0 0.000000
20 5 0.000000
20 10 0.000000
20 15 0.000000
20 20 0.000000
20 25 0.000000
20 30 0.000000
20 35 0.000464
20 40 0.001260
20 45 0.002432
20 50 0.003684
20 55 0.004386
20 60 0.004110
20 65 0.003036
20 70 0.001770
20 75 0.000816
20 80 0.000147
20 85 0.000000
20 90 0.000000
20 95 0.000000
20 100 0.000000
20 105 0.000000
20 110 0.000000
20 115 0.000000
20 120 0.000000
20 125 0.000000
20 130 0.000000
20 135 0.000000
20 140 0.000000
20 145 0.000000
20 150 0.000000
20 155 0.000000
20 160 0.000000
20 165 0.000000
20 170 0.000000
20 175 0.000000
25 -180 0.000000
25 -175 0.000000
25 -170 0.000000
25 -165 0.000000
25 -160 0.000000
25 -155 0.000000
25 -150 0.000088
25 -145 0.000245
25 -140 0.000476
25 -135 0.000727
25 -130 0.000873
25 -125 0.000826
25 -120 0.000617
25 -115 0.000364
25 -110 0.000170
25 -105 0.000034
25 -100 0.000000
25 -95 0.000000
25 -90 0.000000
25 -85 0.000000
25 -80 0.000000
25 -75 0.000000
25 -70 0.000000
25 -65 0.000000
25 -60 0.000000
25 -55 0.000000
25 -50 0.000000
25 -45 0.000000
25 -40 0.000000
25 -35 0.000000
25 -30 0.000000
25 -25 0.000000
25 -20 0.000000
25 -15 0.000000
25 -10 0.000000
25 -5 0.000000
25 0 0.000000
25 5 0.000000
25 10 0.000000
25 15 0.000198
25 20 0.000682
25 25 0.001468
25 30 0.002420
25 35 0.004418
25 40 0.006704
25 45 0.009297
25 50 0.011705
25 55 0.012685
25 60 0.011294
25 65 0.008125
25 70 0.004690
25 75 0.002161
25 80 0.000388
25 85 0.000000
25 90 0.000000
25 95 0.000000
25 100 0.000000
25 105 0.000000
25 110 0.000000
25 115 0.000000
25 120 0.000000
25 125 0.000000
25 130 0.000000
25 135 0.000000
25 140 0.000000
25 145 0.000000
25 150 0.000000
25 155 0.000000
25 160 0.000000
25 165 0.000000
25 170 0.000000
25 175 0.000000
30 -180 0.000000
30 -175 0.000000
30 -170 0.000000
30 -165 0.000000
30 -160 0.000016
30 -155 0.000221
30 -150 0.001182
30 -145 0.002993
30 -140 0.005713
30 -135 0.008591
30 -130 0.010527
30 -125 0.010532
30 -120 0.008615
30 -115 0.005756
30 -110 0.003083
30 -105 0.001160
30 -100 0.000293
30 -95 0.000000
30 -90 0.000000
30 -85 0.000000
30 -80 0.000000
30 -75 0.000000
30 -70 0.000000
30 -65 0.000000
30 -60 0.000000
30 -55 0.000000
30 -50 0.000000
30 -45 0.000000
30 -40 0.000000
30 -35 0.000000
30 -30 0.000000
30 -25 0.000000
30 -20 0.000000
30 -15 0.000000
30 -10 0.000000
30 -5 0.000000
30 0 0.000000
30 5 0.000000
30 10 0.000597
30 15 0.002172
30 20 0.005826
30 25 0.011549
30 30 0.018232
30 35 0.026156
30 40 0.032355
30 45 0.036231
30 50 0.037615
30 55 0.035447
30 60 0.029981
30 65 0.022098
30 70 0.014279
30 75 0.008153
30 80 0.003307
30 85 0.001292
30 90 0.000421
30 95 0.000000
30 100 0.000000
30 105 0.000000
30 110 0.000000
30 115 0.000000
30 120 0.000000
30 125 0.000000
30 130 0.000000
30 135 0.000000
30 140 0.000000
30 145 0.000000
30 150 0.000000
30 155 0.000000
30 160 0.000000
30 165 0.000000
30 170 0.000000
30 175 0.000000
35 -180 0.000015
35 -175 0.000037
35 -170 0.000068
35 -165 0.000100
35 -160 0.000196
35 -155 0.001257
35 -150 0.004241
35 -145 0.009638
35 -140 0.017265
35 -135 0.024708
35 -130 0.029189
35 -125 0.028539
35 -120 0.023109
35 -115 0.015433
35 -110 0.008182
35 -105 0.003245
35 -100 0.000868
35 -95 0.000000
35 -90 0.000000
35 -85 0.000000
35 -80 0.000000
35 -75 0.000000
35 -70 0.000000
35 -65 0.000000
35 -60 0.000000
35 -55 0.000000
35 -50 0.000000
35 -45 0.000000
35 -40 0.000000
35 -35 0.000000
35 -30 0.000000
35 -25 0.000000
35 -20 0.000000
35 -15 0.000000
35 -10 0.000000
35 -5 0.000000
35 0 0.000453
35 5 0.001284
35 10 0.006170
35 15 0.014554
35 20 0.030616
35 25 0.051756
35 30 0.073125
35 35 0.091355
35 40 0.099579
35 45 0.097498
35 50 0.088465
35 55 0.074025
35 60 0.059344
35 65 0.043134
35 70 0.029199
35 75 0.017982
35 80 0.008582
35 85 0.003764
35 90 0.001220
35 95 0.000088
35 100 0.000030
35 105 0.000000
35 110 0.000000
35 115 0.000000
35 120 0.000000
35 125 0.000000
35 130 0.000000
35 135 0.000000
35 140 0.000000
35 145 0.000000
35 150 0.000000
35 155 0.000000
35 160 0.000000
35 165 0.000000
35 170 0.000000
35 175 0.000000
40 -180 0.000785
40 -175 0.001883
40 -170 0.003517
40 -165 0.005118
40 -160 0.005979
40 -155 0.007614
40 -150 0.011919
40 -145 0.020817
40 -140 0.034332
40 -135 0.047479
40 -130 0.055595
40 -125 0.054082
40 -120 0.043743
40 -115 0.029266
40 -110 0.015503
40 -105 0.006268
40 -100 0.001709
40 -95 0.000000
40 -90 0.000000
40 -85 0.000000
40 -80 0.000000
40 -75 0.000000
40 -70 0.000000
40 -65 0.000000
40 -60 0.000000
40 -55 0.000000
40 -50 0.000000
40 -45 0.000000
40 -40 0.000000
40 -35 0.000000
40 -30 0.000000
40 -25 0.000000
40 -20 0.000000
40 -15 0.000000
40 -10 0.000000
40 -5 0.000000
40 0 0.001637
40 5 0.004939
40 10 0.018284
40 15 0.039579
40 20 0.077673
40 25 0.124675
40 30 0.169819
40 35 0.202864
40 40 0.211087
40 45 0.194557
40 50 0.163598
40 55 0.126736
40 60 0.098168
40 65 0.072079
40 70 0.052960
40 75 0.036927
40 80 0.021880
40 85 0.011877
40 90 0.005099
40 95 0.001592
40 100 0.000546
40 105 0.000000
40 110 0.000000
40 115 0.000000
40 120 0.000000
40 125 0.000000
40 130 0.000000
40 135 0.000000
40 140 0.000000
40 145 0.000000
40 150 0.000000
40 155 0.000000
40 160 0.000000
40 165 0.000000
40 170 0.000000
40 175 0.000000
45 -180 0.004164
45 -175 0.006235
45 -170 0.009422
45 -165 0.012664
45 -160 0.014201
45 -155 0.016404
45 -150 0.021827
45 -145 0.034215
45 -140 0.053791
45 -135 0.072537
45 -130 0.084062
45 -125 0.081243
45 -120 0.065549
45 -115 0.043887
45 -110 0.023195
45 -105 0.009550
45 -100 0.002651
45 -95 0.000000
45 -90 0.000000
45 -85 0.000000
45 -80 0.000000
45 -75 0.000000
45 -70 0.000000
45 -65 0.000000
45 -60 0.000000
45 -55 0.000000
45 -50 0.000000
45 -45 0.000000
45 -40 0.000000
45 -35 0.000000
45 -30 0.000000
45 -25 0.000000
45 -20 0.000154
45 -15 0.000931
45 -10 0.003163
45 -5 0.008258
45 0 0.018902
45 5 0.034268
45 10 0.066105
45 15 0.107099
45 20 0.170986
45 25 0.243903
45 30 0.310445
45 35 0.352958
45 40 0.352790
45 45 0.311468
45 50 0.247917
45 55 0.180537
45 60 0.135322
45 65 0.099510
45 70 0.077392
45 75 0.058091
45 80 0.038030
45 85 0.022180
45 90 0.010183
45 95 0.003706
45 100 0.001272
45 105 0.000000
45 110 0.000000
45 115 0.000000
45 120 0.000000
45 125 0.000000
45 130 0.000000
45 135 0.000000
45 140 0.000000
45 145 0.000000
45 150 0.000000
45 155 0.000208
45 160 0.000627
45 165 0.001240
45 170 0.001930
45 175 0.002371
50 -180 0.011902
50 -175 0.014766
50 -170 0.019409
50 -165 0.024403
50 -160 0.026393
50 -155 0.028241
50 -150 0.032673
50 -145 0.045477
50 -140 0.067401
50 -135 0.088095
50 -130 0.100919
50 -125 0.096769
50 -120 0.077789
50 -115 0.052067
50 -110 0.027415
50 -105 0.011487
50 -100 0.003242
50 -95 0.000000
50 -90 0.000000
50 -85 0.000105
50 -80 0.000499
50 -75 0.001062
50 -70 0.001835
50 -65 0.002827
50 -60 0.003515
50 -55 0.003879
50 -50 0.003883
50 -45 0.003476
50 -40 0.002642
50 -35 0.001615
50 -30 0.000852
50 -25 0.000336
50 -20 0.000765
50 -15 0.003370
50 -10 0.011213
50 -5 0.028428
50 0 0.057929
50 5 0.097142
50 10 0.156495
50 15 0.220083
50 20 0.304400
50 25 0.391220
50 30 0.465313
50 35 0.504092
50 40 0.485743
50 45 0.414320
50 50 0.315792
50 55 0.218996
50 60 0.159776
50 65 0.117943
50 70 0.096854
50 75 0.077598
50 80 0.054936
50 85 0.034013
50 90 0.016617
50 95 0.006760
50 100 0.002320
50 105 0.000000
50 110 0.000000
50 115 0.000000
50 120 0.000000
50 125 0.000000
50 130 0.000000
50 135 0.000000
50 140 0.000000
50 145 0.000000
50 150 0.000000
50 155 0.000765
50 160 0.002303
50 165 0.004551
50 170 0.007087
50 175 0.008706
55 -180 0.022331
55 -175 0.025279
55 -170 0.030446
55 -165 0.036425
55 -160 0.038282
55 -155 0.038630
55 -150 0.039806
55 -145 0.048955
55 -140 0.067605
55 -135 0.085029
55 -130 0.096200
55 -125 0.091417
55 -120 0.073138
55 -115 0.048897
55 -110 0.025616
55 -105 0.010920
55 -100 0.003130
55 -95 0.000000
55 -90 0.000000
55 -85 0.000376
55 -80 0.001781
55 -75 0.003794
55 -70 0.006546
55 -65 0.010024
55 -60 0.012381
55 -55 0.013546
55 -50 0.013435
55 -45 0.011935
55 -40 0.009021
55 -35 0.005490
55 -30 0.002895
55 -25 0.001142
55 -20 0.001639
55 -15 0.006986
55 -10 0.024023
55 -5 0.060356
55 0 0.117947
55 5 0.190841
55 10 0.280147
55 15 0.359588
55 20 0.444522
55 25 0.518585
55 30 0.574893
55 35 0.592645
55 40 0.551575
55 45 0.457275
55 50 0.336765
55 55 0.225058
55 60 0.160587
55 65 0.119111
55 70 0.102769
55 75 0.087089
55 80 0.065546
55 85 0.042628
55 90 0.021955
55 95 0.009651
55 100 0.003312
55 105 0.000000
55 110 0.000000
55 115 0.000000
55 120 0.000000
55 125 0.000000
55 130 0.000000
55 135 0.000000
55 140 0.000000
55 145 0.000000
55 150 0.000000
55 155 0.001569
55 160 0.004726
55 165 0.009340
55 170 0.014543
55 175 0.017867
60 -180 0.033760
60 -175 0.035087
60 -170 0.038324
60 -165 0.042988
60 -160 0.043511
60 -155 0.041784
60 -150 0.039236
60 -145 0.042694
60 -140 0.054326
60 -135 0.065190
60 -130 0.072803
60 -125 0.068506
60 -120 0.054502
60 -115 0.036370
60 -110 0.018936
60 -105 0.008211
60 -100 0.002389
60 -95 0.000000
60 -90 0.000000
60 -85 0.000769
60 -80 0.003638
60 -75 0.007749
60 -70 0.013369
60 -65 0.020447
60 -60 0.025227
60 -55 0.027558
60 -50 0.027285
60 -45 0.024206
60 -40 0.018278
60 -35 0.011115
60 -30 0.005860
60 -25 0.002311
60 -20 0.002777
60 -15 0.011652
60 -10 0.040604
60 -5 0.100855
60 0 0.191355
60 5 0.301405
60 10 0.415020
60 15 0.496243
60 20 0.555290
60 25 0.586285
60 30 0.598970
60 35 0.582000
60 40 0.521218
60 45 0.421760
60 50 0.302815
60 55 0.197874
60 60 0.138631
60 65 0.103074
60 70 0.092197
60 75 0.081425
60 80 0.064039
60 85 0.043317
60 90 0.023265
60 95 0.010773
60 100 0.003697
60 105 0.000000
60 110 0.000000
60 115 0.000000
60 120 0.000000
60 125 0.000000
60 130 0.000000
60 135 0.000000
60 140 0.000000
60 145 0.000000
60 150 0.000000
60 155 0.002546
60 160 0.007668
60 165 0.015154
60 170 0.023596
60 175 0.028988
65 -180 0.041050
65 -175 0.039570
65 -170 0.038984
65 -165 0.040331
65 -160 0.038798
65 -155 0.035604
65 -150 0.031085
65 -145 0.030134
65 -140 0.034994
65 -135 0.039667
65 -130 0.043725
65 -125 0.040722
65 -120 0.032197
65 -115 0.021434
65 -110 0.011082
65 -105 0.004886
65 -100 0.001442
65 -95 0.000000
65 -90 0.000000
65 -85 0.001241
65 -80 0.005874
65 -75 0.012511
65 -70 0.021579
65 -65 0.032963
65 -60 0.040620
65 -55 0.044300
65 -50 0.043783
65 -45 0.038785
65 -40 0.029256
65 -35 0.017773
65 -30 0.009370
65 -25 0.003696
65 -20 0.003718
65 -15 0.015348
65 -10 0.054497
65 -5 0.133923
65 0 0.248980
65 5 0.384400
65 10 0.506520
65 15 0.574143
65 20 0.591542
65 25 0.568095
65 30 0.531170
65 35 0.481110
65 40 0.412148
65 45 0.326437
65 50 0.230281
65 55 0.149143
65 60 0.102665
65 65 0.075991
65 70 0.069151
65 75 0.062581
65 80 0.050683
65 85 0.035369
65 90 0.019608
65 95 0.009395
65 100 0.003224
65 105 0.000000
65 110 0.000000
65 115 0.000000
65 120 0.000000
65 125 0.000000
65 130 0.000000
65 135 0.000000
65 140 0.000000
65 145 0.000000
65 150 0.000000
65 155 0.003267
65 160 0.009841
65 165 0.019447
65 170 0.030281
65 175 0.037201
70 -180 0.040038
70 -175 0.036251
70 -170 0.032259
70 -165 0.030297
70 -160 0.027204
70 -155 0.023831
70 -150 0.019640
70 -145 0.017095
70 -140 0.017920
70 -135 0.018898
70 -130 0.020542
70 -125 0.018926
70 -120 0.014877
70 -115 0.009891
70 -110 0.005081
70 -105 0.002291
70 -100 0.000689
70 -95 0.000000
70 -90 0.000000
70 -85 0.001585
70 -80 0.007500
70 -75 0.015975
70 -70 0.027547
70 -65 0.042028
70 -60 0.051726
70 -55 0.056315
70 -50 0.055553
70 -45 0.049137
70 -40 0.037023
70 -35 0.022469
70 -30 0.011846
70 -25 0.004673
70 -20 0.003928
70 -15 0.016285
70 -10 0.059264
70 -5 0.143793
70 0 0.263090
70 5 0.399223
70 10 0.509080
70 15 0.553355
70 20 0.533303
70 25 0.470620
70 30 0.402378
70 35 0.337105
70 40 0.275973
70 45 0.216850
70 50 0.154497
70 55 0.103230
70 60 0.071090
70 65 0.051604
70 70 0.045184
70 75 0.039956
70 80 0.032251
70 85 0.023018
70 90 0.013061
70 95 0.006397
70 100 0.002195
70 105 0.000000
70 110 0.000000
70 115 0.000000
70 120 0.000000
70 125 0.000000
70 130 0.000000
70 135 0.000000
70 140 0.000000
70 145 0.000000
70 150 0.000000
70 155 0.003317
70 160 0.009989
70 165 0.019741
70 170 0.030738
70 175 0.037763
75 -180 0.031223
75 -175 0.026910
75 -170 0.021809
75 -165 0.018379
75 -160 0.015051
75 -155 0.012431
75 -150 0.009561
75 -145 0.007076
75 -140 0.005962
75 -135 0.005024
75 -130 0.005048
75 -125 0.004325
75 -120 0.003227
75 -115 0.002088
75 -110 0.001003
75 -105 0.000506
75 -100 0.000165
75 -95 0.000000
75 -90 0.000000
75 -85 0.001601
75 -80 0.007576
75 -75 0.016135
75 -70 0.027817
75 -65 0.042388
75 -60 0.052104
75 -55 0.056628
75 -50 0.055758
75 -45 0.049242
75 -40 0.037060
75 -35 0.022469
75 -30 0.011846
75 -25 0.004673
75 -20 0.003271
75 -15 0.014044
75 -10 0.052642
75 -5 0.125813
75 0 0.227068
75 5 0.338958
75 10 0.420572
75 15 0.441178
75 20 0.402137
75 25 0.329093
75 30 0.257597
75 35 0.198511
75 40 0.156297
75 45 0.125463
75 50 0.094995
75 55 0.069332
75 60 0.048874
75 65 0.033719
75 70 0.025882
75 75 0.020421
75 80 0.015518
75 85 0.011440
75 90 0.006706
75 95 0.003399
75 100 0.001166
75 105 0.000000
75 110 0.000000
75 115 0.000000
75 120 0.000000
75 125 0.000000
75 130 0.000000
75 135 0.000000
75 140 0.000000
75 145 0.000000
75 150 0.000000
75 155 0.002662
75 160 0.008017
75 165 0.015843
75 170 0.024669
75 175 0.030307
80 -180 0.019395
80 -175 0.016102
80 -170 0.012037
80 -165 0.009047
80 -160 0.006563
80 -155 0.004879
80 -150 0.003353
80 -145 0.001795
80 -140 0.000748
80 -135 0.000000
80 -130 0.000000
80 -125 0.000000
80 -120 0.000000
80 -115 0.000000
80 -110 0.000000
80 -105 0.000000
80 -100 0.000000
80 -95 0.000000
80 -90 0.000000
80 -85 0.001279
80 -80 0.006051
80 -75 0.012888
80 -70 0.022213
80 -65 0.033808
80 -60 0.041508
80 -55 0.045036
80 -50 0.044263
80 -45 0.039032
80 -40 0.029343
80 -35 0.017773
80 -30 0.009370
80 -25 0.003696
80 -20 0.002143
80 -15 0.009954
80 -10 0.038503
80 -5 0.090432
80 0 0.160997
80 5 0.236128
80 10 0.284907
80 15 0.288075
80 20 0.248133
80 25 0.187558
80 30 0.133139
80 35 0.094133
80 40 0.074493
80 45 0.067012
80 50 0.059828
80 55 0.051140
80 60 0.038342
80 65 0.025558
80 70 0.016188
80 75 0.009830
80 80 0.005921
80 85 0.004492
80 90 0.002708
80 95 0.001380
80 100 0.000474
80 105 0.000000
80 110 0.000000
80 115 0.000000
80 120 0.000000
80 125 0.000000
80 130 0.000000
80 135 0.000000
80 140 0.000000
80 145 0.000000
80 150 0.000000
80 155 0.001688
80 160 0.005083
80 165 0.010044
80 170 0.015640
80 175 0.019214
85 -180 0.009327
85 -175 0.007157
85 -170 0.004344
85 -165 0.002085
85 -160 0.000517
85 -155 0.000000
85 -150 0.000000
85 -145 0.000000
85 -140 0.000000
85 -135 0.000000
85 -130 0.000000
85 -125 0.000000
85 -120 0.000000
85 -115 0.000000
85 -110 0.000000
85 -105 0.000000
85 -100 0.000000
85 -95 0.000000
85 -90 0.000000
85 -85 0.000807
85 -80 0.003819
85 -75 0.008134
85 -70 0.014017
85 -65 0.021310
85 -60 0.026134
85 -55 0.028310
85 -50 0.027776
85 -45 0.024458
85 -40 0.018367
85 -35 0.011115
85 -30 0.005860
85 -25 0.002311
85 -20 0.001103
85 -15 0.005865
85 -10 0.023339
85 -5 0.053768
85 0 0.094396
85 5 0.135723
85 10 0.159479
85 15 0.155576
85 20 0.127285
85 25 0.089547
85 30 0.058162
85 35 0.038956
85 40 0.034089
85 45 0.037708
85 50 0.040854
85 55 0.039228
85 60 0.030569
85 65 0.019386
85 70 0.009766
85 75 0.003243
85 80 0.000000
85 85 0.000000
85 90 0.000000
85 95 0.000000
85 100 0.000000
85 105 0.000000
85 110 0.000000
85 115 0.000000
85 120 0.000000
85 125 0.000000
85 130 0.000000
85 135 0.000000
85 140 0.000000
85 145 0.000000
85 150 0.000000
85 155 0.000844
85 160 0.002542
85 165 0.005024
85 170 0.007823
85 175 0.009611
90 -180 0.002929
90 -175 0.002247
90 -170 0.001364
90 -165 0.000655
90 -160 0.000162
90 -155 0.000000
90 -150 0.000000
90 -145 0.000000
90 -140 0.000000
90 -135 0.000000
90 -130 0.000000
90 -125 0.000000
90 -120 0.000000
90 -115 0.000000
90 -110 0.000000
90 -105 0.000000
90 -100 0.000000
90 -95 0.000000
90 -90 0.000000
90 -85 0.000402
90 -80 0.001903
90 -75 0.004052
90 -70 0.006982
90 -65 0.010603
90 -60 0.012990
90 -55 0.014051
90 -50 0.013764
90 -45 0.012104
90 -40 0.009081
90 -35 0.005490
90 -30 0.002895
90 -25 0.001142
90 -20 0.000396
90 -15 0.002595
90 -10 0.010731
90 -5 0.023867
90 0 0.041025
90 5 0.057306
90 10 0.064853
90 15 0.060254
90 20 0.046430
90 25 0.030442
90 30 0.018943
90 35 0.014321
90 40 0.017035
90 45 0.023362
90 50 0.028411
90 55 0.028680
90 60 0.023059
90 65 0.014809
90 70 0.007494
90 75 0.002488
90 80 0.000000
90 85 0.000000
90 90 0.000000
90 95 0.000000
90 100 0.000000
90 105 0.000000
90 110 0.000000
90 115 0.000000
90 120 0.000000
90 125 0.000000
90 130 0.000000
90 135 0.000000
90 140 0.000000
90 145 0.000000
90 150 0.000000
90 155 0.000265
90 160 0.000798
90 165 0.001578
90 170 0.002457
90 175 0.003018
95 -180 0.000000
95 -175 0.000000
95 -170 0.000000
95 -165 0.000000
95 -160 0.000000
95 -155 0.000000
95 -150 0.000000
95 -145 0.000000
95 -140 0.000000
95 -135 0.000000
95 -130 0.000000
95 -125 0.000000
95 -120 0.000000
95 -115 0.000000
95 -110 0.000000
95 -105 0.000000
95 -100 0.000000
95 -95 0.000000
95 -90 0.000000
95 -85 0.000124
95 -80 0.000585
95 -75 0.001247
95 -70 0.002146
95 -65 0.003241
95 -60 0.003950
95 -55 0.004240
95 -50 0.004119
95 -45 0.003597
95 -40 0.002684
95 -35 0.001615
95 -30 0.000852
95 -25 0.000336
95 -20 0.000000
95 -15 0.000756
95 -10 0.003476
95 -5 0.007403
95 0 0.012445
95 5 0.016548
95 10 0.017390
95 15 0.014428
95 20 0.009440
95 25 0.004865
95 30 0.002653
95 35 0.003757
95 40 0.007771
95 45 0.012803
95 50 0.016686
95 55 0.017194
95 60 0.013995
95 65 0.008988
95 70 0.004548
95 75 0.001510
95 80 0.000000
95 85 0.000000
95 90 0.000000
95 95 0.000000
95 100 0.000000
95 105 0.000000
95 110 0.000000
95 115 0.000000
95 120 0.000000
95 125 0.000000
95 130 0.000000
95 135 0.000000
95 140 0.000000
95 145 0.000000
95 150 0.000000
95 155 0.000000
95 160 0.000000
95 165 0.000000
95 170 0.000000
95 175 0.000000
100 -180 0.000000
100 -175 0.000000
100 -170 0.000000
100 -165 0.000000
100 -160 0.000000
100 -155 0.000000
100 -150 0.000000
100 -145 0.000000
100 -140 0.000000
100 -135 0.000000
100 -130 0.000000
100 -125 0.000000
100 -120 0.000000
100 -115 0.000000
100 -110 0.000000
100 -105 0.000000
100 -100 0.000000
100 -95 0.000000
100 -90 0.000000
100 -85 0.000000
100 -80 0.000000
100 -75 0.000000
100 -70 0.000000
100 -65 0.000000
100 -60 0.000000
100 -55 0.000000
100 -50 0.000000
100 -45 0.000000
100 -40 0.000000
100 -35 0.000000
100 -30 0.000000
100 -25 0.000000
100 -20 0.000000
100 -15 0.000279
100 -10 0.000970
100 -5 0.001972
100 0 0.003168
100 5 0.004025
100 10 0.004045
100 15 0.003216
100 20 0.002020
100 25 0.001002
100 30 0.000746
100 35 0.001791
100 40 0.003730
100 45 0.006146
100 50 0.008010
100 55 0.008254
100 60 0.006719
100 65 0.004315
100 70 0.002183
100 75 0.000725
100 80 0.000000
100 85 0.000000
100 90 0.000000
100 95 0.000000
100 100 0.000000
100 105 0.000000
100 110 0.000000
100 115 0.000000
100 120 0.000000
100 125 0.000000
100 130 0.000000
100 135 0.000000
100 140 0.000000
100 145 0.000000
100 150 0.000000
100 155 0.000000
100 160 0.000000
100 165 0.000000
100 170 0.000000
100 175 0.000000
105 -180 0.000000
105 -175 0.000000
105 -170 0.000000
105 -165 0.000000
105 -160 0.000000
105 -155 0.000000
105 -150 0.000000
105 -145 0.000000
105 -140 0.000000
105 -135 0.000000
105 -130 0.000000
105 -125 0.000000
105 -120 0.000000
105 -115 0.000000
105 -110 0.000000
105 -105 0.000000
105 -100 0.000000
105 -95 0.000000
105 -90 0.000000
105 -85 0.000000
105 -80 0.000000
105 -75 0.000000
105 -70 0.000000
105 -65 0.000000
105 -60 0.000000
105 -55 0.000000
105 -50 0.000000
105 -45 0.000000
105 -40 0.000000
105 -35 0.000000
105 -30 0.000000
105 -25 0.000000
105 -20 0.000000
105 -15 0.000000
105 -10 0.000000
105 -5 0.000000
105 0 0.000000
105 5 0.000000
105 10 0.000000
105 15 0.000000
105 20 0.000000
105 25 0.000000
105 30 0.000110
105 35 0.000444
105 40 0.000926
105 45 0.001525
105 50 0.001987
105 55 0.002048
105 60 0.001667
105 65 0.001071
105 70 0.000542
105 75 0.000180
105 80 0.000000
105 85 0.000000
105 90 0.000000
105 95 0.000000
105 100 0.000000
105 105 0.000000
105 110 0.000000
105 115 0.000000
105 120 0.000000
105 125 0.000000
105 130 0.000000
105 135 0.000000
105 140 0.000000
105 145 0.000000
105 150 0.000000
105 155 0.000000
105 160 0.000000
105 165 0.000000
105 170 0.000000
105 175 0.000000
110 -180 0.000000
110 -175 0.000000
110 -170 0.000000
110 -165 0.000000
110 -160 0.000000
110 -155 0.000000
110 -150 0.000000
110 -145 0.000000
110 -140 0.000000
110 -135 0.000000
110 -130 0.000000
110 -125 0.000000
110 -120 0.000000
110 -115 0.000000
110 -110 0.000000
110 -105 0.000000
110 -100 0.000000
110 -95 0.000000
110 -90 0.000000
110 -85 0.000000
110 -80 0.000000
110 -75 0.000000
110 -70 0.000000
110 -65 0.000000
110 -60 0.000000
110 -55 0.000000
110 -50 0.000000
110 -45 0.000000
110 -40 0.000000
110 -35 0.000000
110 -30 0.000000
110 -25 0.000000
110 -20 0.000000
110 -15 0.000000
110 -10 0.000000
110 -5 0.000000
110 0 0.000000
110 5 0.000000
110 10 0.000000
110 15 0.000000
110 20 0.000000
110 25 0.000000
110 30 0.000000
110 35 0.000000
110 40 0.000000
110 45 0.000000
110 50 0.000000
110 55 0.000000
110 60 0.000000
110 65 0.000000
110 70 0.000000
110 75 0.000000
110 80 0.000000
110 85 0.000000
110 90 0.000000
110 95 0.000000
110 100 0.000000
110 105 0.000000
110 110 0.000000
110 115 0.000000
110 120 0.000000
110 125 0.000000
110 130 0.000000
110 135 0.000000
110 140 0.000000
110 145 0.000000
110 150 0.000000
110 155 0.000000
110 160 0.000000
110 165 0.000000
110 170 0.000000
110 175 0.000000
115 -180 0.000000
115 -175 0.000000
115 -170 0.000000
115 -165 0.000000
115 -160 0.000000
115 -155 0.000000
115 -150 0.000000
115 -145 0.000000
115 -140 0.000000
115 -135 0.000000
115 -130 0.000000
115 -125 0.000000
115 -120 0.000000
115 -115 0.000000
115 -110 0.000000
115 -105 0.000000
115 -100 0.000000
115 -95 0.000000
115 -90 0.000000
115 -85 0.000000
115 -80 0.000000
115 -75 0.000000
115 -70 0.000000
115 -65 0.000000
115 -60 0.000000
115 -55 0.000000
115 -50 0.000000
115 -45 0.000000
115 -40 0.000000
115 -35 0.000000
115 -30 0.000000
115 -25 0.000000
115 -20 0.000000
115 -15 0.000000
115 -10 0.000000
115 -5 0.000000
115 0 0.000000
115 5 0.000000
115 10 0.000000
115 15 0.000000
115 20 0.000000
115 25 0.000000
115 30 0.000000
115 35 0.000000
115 40 0.000000
115 45 0.000000
115 50 0.000000
115 55 0.000000
115 60 0.000000
115 65 0.000000
115 70 0.000000
115 75 0.000000
115 80 0.000000
115 85 0.000000
115 90 0.000000
115 95 0.000000
115 100 0.000000
115 105 0.000000
115 110 0.000000
115 115 0.000000
115 120 0.000000
115 125 0.000000
115 130 0.000000
115 135 0.000000
115 140 0.000000
115 145 0.000000
115 150 0.000000
115 155 0.000000
115 160 0.000000
115 165 0.000000
115 170 0.000000
115 175 0.000000
120 -180 0.000000
120 -175 0.000000
120 -170 0.000000
120 -165 0.000000
120 -160 0.000000
120 -155 0.000000
120 -150 0.000000
120 -145 0.000000
120 -140 0.000000
120 -135 0.000000
120 -130 0.000000
120 -125 0.000000
120 -120 0.000000
120 -115 0.000000
120 -110 0.000000
120 -105 0.000000
120 -100 0.000000
120 -95 0.000000
120 -90 0.000000
120 -85 0.000000
120 -80 0.000000
120 -75 0.000000
120 -70 0.000000
120 -65 0.000000
120 -60 0.000000
120 -55 0.000000
120 -50 0.000000
120 -45 0.000000
120 -40 0.000000
120 -35 0.000000
120 -30 0.000000
120 -25 0.000000
120 -20 0.000000
120 -15 0.000000
120 -10 0.000000
120 -5 0.000000
120 0 0.000000
120 5 0.000000
120 10 0.000000
120 15 0.000000
120 20 0.000000
120 25 0.000000
120 30 0.000000
120 35 0.000000
120 40 0.000000
120 45 0.000000
120 50 0.000000
120 55 0.000000
120 60 0.000000
120 65 0.000000
120 70 0.000000
120 75 0.000000
120 80 0.000000
120 85 0.000000
120 90 0.000000
120 95 0.000000
120 100 0.000000
120 105 0.000000
120 110 0.000000
120 115 0.000000
120 120 0.000000
120 125 0.000000
120 130 0.000000
120 135 0.000000
120 140 0.000000
120 145 0.000000
120 150 0.000000
120 155 0.000000
120 160 0.000000
120 165 0.000000
120 170 0.000000
120 175 0.000000
125 -180 0.000000
125 -175 0.000000
125 -170 0.000000
125 -165 0.000000
125 -160 0.000000
125 -155 0.000000
125 -150 0.000000
125 -145 0.000000
125 -140 0.000000
125 -135 0.000000
125 -130 0.000000
125 -125 0.000000
125 -120 0.000000
125 -115 0.000000
125 -110 0.000000
125 -105 0.000000
125 -100 0.000000
125 -95 0.000000
125 -90 0.000000
125 -85 0.000000
125 -80 0.000000
125 -75 0.000000
125 -70 0.000000
125 -65 0.000000
125 -60 0.000000
125 -55 0.000000
125 -50 0.000000
125 -45 0.000000
125 -40 0.000000
125 -35 0.000000
125 -30 0.000000
125 -25 0.000000
125 -20 0.000000
125 -15 0.000000
125 -10 0.000000
125 -5 0.000000
125 0 0.000000
125 5 0.000000
125 10 0.000000
125 15 0.000000
125 20 0.000000
125 25 0.000000
125 30 0.000000
125 35 0.000000
125 40 0.000000
125 45 0.000000
125 50 0.000000
125 55 0.000000
125 60 0.000000
125 65 0.000000
125 70 0.000000
125 75 0.000000
125 80 0.000000
125 85 0.000000
125 90 0.000000
125 95 0.000000
125 100 0.000000
125 105 0.000000
125 110 0.000000
125 115 0.000000
125 120 0.000000
125 125 0.000000
125 130 0.000000
125 135 0.000000
125 140 0.000000
125 145 0.000000
125 150 0.000000
125 155 0.000000
125 160 0.000000
125 165 0.000000
125 170 0.000000
125 175 0.000000
130 -180 0.000000
130 -175 0.000000
130 -170 0.000000
130 -165 0.000000
130 -160 0.000000
130 -155 0.000000
130 -150 0.000000
130 -145 0.000000
130 -140 0.000000
130 -135 0.000000
130 -130 0.000000
130 -125 0.000000
130 -120 0.000000
130 -115 0.000000
130 -110 0.000000
130 -105 0.000000
130 -100 0.000000
130 -95 0.000000
130 -90 0.000000
130 -85 0.000000
130 -80 0.000000
130 -75 0.000000
130 -70 0.000000
130 -65 0.000000
130 -60 0.000000
130 -55 0.000000
130 -50 0.000000
130 -45 0.000000
130 -40 0.000000
130 -35 0.000000
130 -30 0.000000
130 -25 0.000000
130 -20 0.000000
130 -15 0.000000
130 -10 0.000000
130 -5 0.000000
130 0 0.000000
130 5 0.000000
130 10 0.000000
130 15 0.000000
130 20 0.000000
130 25 0.000000
130 30 0.000000
130 35 0.000000
130 40 0.000000
130 45 0.000000
130 50 0.000000
130 55 0.000000
130 60 0.000000
130 65 0.000000
130 70 0.000000
130 75 0.000000
130 80 0.000000
130 85 0.000000
130 90 0.000000
130 95 0.000000
130 100 0.000000
130 105 0.000000
130 110 0.000000
130 115 0.000000
130 120 0.000000
130 125 0.000000
130 130 0.000000
130 135 0.000000
130 140 0.000000
130 145 0.000000
130 150 0.000000
130 155 0.000000
130 160 0.000000
130 165 0.000000
130 170 0.000000
130 175 0.000000
135 -180 0.000000
135 -175 0.000000
135 -170 0.000000
135 -165 0.000000
135 -160 0.000000
135 -155 0.000000
135 -150 0.000000
135 -145 0.000000
135 -140 0.000000
135 -135 0.000000
135 -130 0.000000
135 -125 0.000000
135 -120 0.000000
135 -115 0.000000
135 -110 0.000000
135 -105 0.000000
135 -100 0.000000
135 -95 0.000000
135 -90 0.000000
135 -85 0.000000
135 -80 0.000000
135 -75 0.000000
135 -70 0.000000
135 -65 0.000000
135 -60 0.000000
135 -55 0.000000
135 -50 0.000000
135 -45 0.000000
135 -40 0.000000
135 -35 0.000000
135 -30 0.000000
135 -25 0.000000
135 -20 0.000000
135 -15 0.000000
135 -10 0.000000
135 -5 0.000000
135 0 0.000000
135 5 0.000000
135 10 0.000000
135 15 0.000000
135 20 0.000000
135 25 0.000000
135 30 0.000000
135 35 0.000000
135 40 0.000000
135 45 0.000000
135 50 0.000000
135 55 0.000000
135 60 0.000000
135 65 0.000000
135 70 0.000000
135 75 0.000000
135 80 0.000000
135 85 0.000000
135 90 0.000000
135 95 0.000000
135 100 0.000000
135 105 0.000000
135 110 0.000000
135 115 0.000000
135 120 0.000000
135 125 0.000000
135 130 0.000000
135 135 0.000000
135 140 0.000000
135 145 0.000000
135 150 0.000000
135 155 0.000000
135 160 0.000000
135 165 0.000000
135 170 0.000000
135 175 0.000000
140 -180 0.000000
140 -175 0.000000
140 -170 0.000000
140 -165 0.000000
140 -160 0.000000
140 -155 0.000000
140 -150 0.000000
140 -145 0.000000
140 -140 0.000000
140 -135 0.000000
140 -130 0.000000
140 -125 0.000000
140 -120 0.000000
140 -115 0.000000
140 -110 0.000000
140 -105 0.000000
140 -100 0.000000
140 -95 0.000000
140 -90 0.000000
140 -85 0.000000
140 -80 0.000000
140 -75 0.000000
140 -70 0.000000
140 -65 0.000000
140 -60 0.000000
140 -55 0.000000
140 -50 0.000000
140 -45 0.000000
140 -40 0.000000
140 -35 0.000000
140 -30 0.000000
140 -25 0.000000
140 -20 0.000000
140 -15 0.000000
140 -10 0.000000
140 -5 0.000000
140 0 0.000000
140 5 0.000000
140 10 0.000000
140 15 0.000000
140 20 0.000000
140 25 0.000000
140 30 0.000000
140 35 0.000000
140 40 0.000000
140 45 0.000000
140 50 0.000000
140 55 0.000000
140 60 0.000000
140 65 0.000000
140 70 0.000000
140 75 0.000000
140 80 0.000000
140 85 0.000000
140 90 0.000000
140 95 0.000000
140 100 0.000000
140 105 0.000000
140 110 0.000000
140 115 0.000000
140 120 0.000000
140 125 0.000000
140 130 0.000000
140 135 0.000000
140 140 0.000000
140 145 0.000000
140 150 0.000000
140 155 0.000000
140 160 0.000000
140 165 0.000000
140 170 0.000000
140 175 0.000000
145 -180 0.000000
145 -175 0.000000
145 -170 0.000000
145 -165 0.000000
145 -160 0.000000
145 -155 0.000000
145 -150 0.000000
145 -145 0.000000
145 -140 0.000000
145 -135 0.000000
145 -130 0.000000
145 -125 0.000000
145 -120 0.000000
145 -115 0.000000
145 -110 0.000000
145 -105 0.000000
145 -100 0.000000
145 -95 0.000000
145 -90 0.000000
145 -85 0.000000
145 -80 0.000000
145 -75 0.000000
145 -70 0.000000
145 -65 0.000000
145 -60 0.000000
145 -55 0.000000
145 -50 0.000000
145 -45 0.000000
145 -40 0.000000
145 -35 0.000000
145 -30 0.000000
145 -25 0.000000
145 -20 0.000000
145 -15 0.000000
145 -10 0.000000
145 -5 0.000000
145 0 0.000000
145 5 0.000000
145 10 0.000000
145 15 0.000000
145 20 0.000000
145 25 0.000000
145 30 0.000000
145 35 0.000000
145 40 0.000000
145 45 0.000000
145 50 0.000000
145 55 0.000000
145 60 0.000000
145 65 0.000000
145 70 0.000000
145 75 0.000000
145 80 0.000000
145 85 0.000000
145 90 0.000000
145 95 0.000000
145 100 0.000000
145 105 0.000000
145 110 0.000000
145 115 0.000000
145 120 0.000000
145 125 0.000000
145 130 0.000000
145 135 0.000000
145 140 0.000000
145 145 0.000000
145 150 0.000000
145 155 0.000000
145 160 0.000000
145 165 0.000000
145 170 0.000000
145 175 0.000000
150 -180 0.000000
150 -175 0.000000
150 -170 0.000000
150 -165 0.000000
150 -160 0.000000
150 -155 0.000000
150 -150 0.000000
150 -145 0.000000
150 -140 0.000000
150 -135 0.000000
150 -130 0.000000
150 -125 0.000000
150 -120 0.000000
150 -115 0.000000
150 -110 0.000000
150 -105 0.000000
150 -100 0.000000
150 -95 0.000000
150 -90 0.000000
150 -85 0.000000
150 -80 0.000000
150 -75 0.000000
150 -70 0.000000
150 -65 0.000000
150 -60 0.000000
150 -55 0.000000
150 -50 0.000000
150 -45 0.000000
150 -40 0.000000
150 -35 0.000000
150 -30 0.000000
150 -25 0.000000
150 -20 0.000000
150 -15 0.000000
150 -10 0.000000
150 -5 0.000000
150 0 0.000000
150 5 0.000000
150 10 0.000000
150 15 0.000000
150 20 0.000000
150 25 0.000000
150 30 0.000000
150 35 0.000000
150 40 0.000000
150 45 0.000000
150 50 0.000000
150 55 0.000000
150 60 0.000000
150 65 0.000000
150 70 0.000000
150 75 0.000000
150 80 0.000000
150 85 0.000000
150 90 0.000000
150 95 0.000000
150 100 0.000000
150 105 0.000000
150 110 0.000000
150 115 0.000000
150 120 0.000000
150 125 0.000000
150 130 0.000000
150 135 0.000000
150 140 0.000000
150 145 0.000000
150 150 0.000000
150 155 0.000000
150 160 0.000000
150 165 0.000000
150 170 0.000000
150 175 0.000000
155 -180 0.000000
155 -175 0.000000
155 -170 0.000000
155 -165 0.000000
155 -160 0.000000
155 -155 0.000000
155 -150 0.000000
155 -145 0.000000
155 -140 0.000000
155 -135 0.000000
155 -130 0.000000
155 -125 0.000000
155 -120 0.000000
155 -115 0.000000
155 -110 0.000000
155 -105 0.000000
155 -100 0.000000
155 -95 0.000000
155 -90 0.000000
155 -85 0.000000
155 -80 0.000000
155 -75 0.000000
155 -70 0.000000
155 -65 0.000000
155 -60 0.000000
155 -55 0.000000
155 -50 0.000000
155 -45 0.000000
155 -40 0.000000
155 -35 0.000000
155 -30 0.000000
155 -25 0.000000
155 -20 0.000000
155 -15 0.000000
155 -10 0.000000
155 -5 0.000000
155 0 0.000000
155 5 0.000000
155 10 0.000000
155 15 0.000000
155 20 0.000000
155 25 0.000000
155 30 0.000000
155 35 0.000000
155 40 0.000000
155 45 0.000000
155 50 0.000000
155 55 0.000000
155 60 0.000000
155 65 0.000000
155 70 0.000000
155 75 0.000000
155 80 0.000000
155 85 0.000000
155 90 0.000000
155 95 0.000000
155 100 0.000000
155 105 0.000000
155 110 0.000000
155 115 0.000000
155 120 0.000000
155 125 0.000000
155 130 0.000000
155 135 0.000000
155 140 0.000000
155 145 0.000000
155 150 0.000000
155 155 0.000000
155 160 0.000000
155 165 0.000000
155 170 0.000000
155 175 0.000000
160 -180 0.000000
160 -175 0.000000
160 -170 0.000000
160 -165 0.000000
160 -160 0.000000
160 -155 0.000000
160 -150 0.000000
160 -145 0.000000
160 -140 0.000000
160 -135 0.000000
160 -130 0.000000
160 -125 0.000000
160 -120 0.000000
160 -115 0.000000
160 -110 0.000000
160 -105 0.000000
160 -100 0.000000
160 -95 0.000000
160 -90 0.000000
160 -85 0.000000
160 -80 0.000000
160 -75 0.000000
160 -70 0.000000
160 -65 0.000000
160 -60 0.000000
160 -55 0.000000
160 -50 0.000000
160 -45 0.000000
160 -40 0.000000
160 -35 0.000000
160 -30 0.000000
160 -25 0.000000
160 -20 0.000000
160 -15 0.000000
160 -10 0.000000
160 -5 0.000000
160 0 0.000000
160 5 0.000000
160 10 0.000000
160 15 0.000000
160 20 0.000000
160 25 0.000000
160 30 0.000000
160 35 0.000000
160 40 0.000000
160 45 0.000000
160 50 0.000000
160 55 0.000000
160 60 0.000000
160 65 0.000000
160 70 0.000000
160 75 0.000000
160 80 0.000000
160 85 0.000000
160 90 0.000000
160 95 0.000000
160 100 0.000000
160 105 0.000000
160 110 0.000000
160 115 0.000000
160 120 0.000000
160 125 0.000000
160 130 0.000000
160 135 0.000000
160 140 0.000000
160 145 0.000000
160 150 0.000000
160 155 0.000000
160 160 0.000000
160 165 0.000000
160 170 0.000000
160 175 0.000000
165 -180 0.000000
165 -175 0.000000
165 -170 0.000000
165 -165 0.000000
165 -160 0.000000
165 -155 0.000000
165 -150 0.000000
165 -145 0.000000
165 -140 0.000000
165 -135 0.000000
165 -130 0.000000
165 -125 0.000000
165 -120 0.000000
165 -115 0.000000
165 -110 0.000000
165 -105 0.000000
165 -100 0.000000
165 -95 0.000000
165 -90 0.000000
165 -85 0.000000
165 -80 0.000000
165 -75 0.000000
165 -70 0.000000
165 -65 0.000000
165 -60 0.000000
165 -55 0.000000
165 -50 0.000000
165 -45 0.000000
165 -40 0.000000
165 -35 0.000000
165 -30 0.000000
165 -25 0.000000
165 -20 0.000000
165 -15 0.000000
165 -10 0.000000
165 -5 0.000000
165 0 0.000000
165 5 0.000000
165 10 0.000000
165 15 0.000000
165 20 0.000000
165 25 0.000000
165 30 0.000000
165 35 0.000000
165 40 0.000000
165 45 0.000000
165 50 0.000000
165 55 0.000000
165 60 0.000000
165 65 0.000000
165 70 0.000000
165 75 0.000000
165 80 0.000000
165 85 0.000000
165 90 0.000000
165 95 0.000000
165 100 0.000000
165 105 0.000000
165 110 0.000000
165 115 0.000000
165 120 0.000000
165 125 0.000000
165 130 0.000000
165 135 0.000000
165 140 0.000000
165 145 0.000000
165 150 0.000000
165 155 0.000000
165 160 0.000000
165 165 0.000000
165 170 0.000000
165 175 0.000000
170 -180 0.001566
170 -175 0.001140
170 -170 0.000664
170 -165 0.000315
170 -160 0.000073
170 -155 0.000000
170 -150 0.000000
170 -145 0.000000
170 -140 0.000000
170 -135 0.000000
170 -130 0.000000
170 -125 0.000000
170 -120 0.000000
170 -115 0.000000
170 -110 0.000000
170 -105 0.000000
170 -100 0.000000
170 -95 0.000000
170 -90 0.000000
170 -85 0.000000
170 -80 0.000000
170 -75 0.000000
170 -70 0.000000
170 -65 0.000000
170 -60 0.000000
170 -55 0.000000
170 -50 0.000000
170 -45 0.000000
170 -40 0.000000
170 -35 0.000000
170 -30 0.000000
170 -25 0.000000
170 -20 0.000000
170 -15 0.000000
170 -10 0.000000
170 -5 0.000000
170 0 0.000000
170 5 0.000000
170 10 0.000000
170 15 0.000000
170 20 0.000000
170 25 0.000000
170 30 0.000000
170 35 0.000000
170 40 0.000000
170 45 0.000000
170 50 0.000000
170 55 0.000000
170 60 0.000000
170 65 0.000000
170 70 0.000000
170 75 0.000000
170 80 0.000000
170 85 0.000000
170 90 0.000000
170 95 0.000000
170 100 0.000000
170 105 0.000000
170 110 0.000000
170 115 0.000000
170 120 0.000000
170 125 0.000000
170 130 0.000000
170 135 0.000000
170 140 0.000027
170 145 0.000099
170 150 0.000202
170 155 0.000470
170 160 0.000833
170 165 0.001235
170 170 0.001589
170 175 0.001734
175 -180 0.008794
175 -175 0.005987
175 -170 0.003301
175 -165 0.001568
175 -160 0.000361
175 -155 0.000000
175 -150 0.000000
175 -145 0.000000
175 -140 0.000000
175 -135 0.000000
175 -130 0.000000
175 -125 0.000000
175 -120 0.000000
175 -115 0.000000
175 -110 0.000000
175 -105 0.000000
175 -100 0.000000
175 -95 0.000000
175 -90 0.000000
175 -85 0.000000
175 -80 0.000000
175 -75 0.000000
175 -70 0.000000
175 -65 0.000000
175 -60 0.000000
175 -55 0.000000
175 -50 0.000000
175 -45 0.000000
175 -40 0.000000
175 -35 0.000000
175 -30 0.000000
175 -25 0.000000
175 -20 0.000000
175 -15 0.000000
175 -10 0.000000
175 -5 0.000000
175 0 0.000000
175 5 0.000000
175 10 0.000000
175 15 0.000000
175 20 0.000000
175 25 0.000000
175 30 0.000000
175 35 0.000000
175 40 0.000000
175 45 0.000000
175 50 0.000563
175 55 0.001414
175 60 0.002675
175 65 0.003955
175 70 0.004571
175 75 0.004137
175 80 0.002933
175 85 0.001632
175 90 0.000714
175 95 0.000063
175 100 0.000000
175 105 0.000286
175 110 0.000995
175 115 0.002100
175 120 0.004532
175 125 0.007123
175 130 0.009610
175 135 0.011124
175 140 0.011235
175 145 0.010172
175 150 0.008569
175 155 0.008348
175 160 0.009346
175 165 0.010231
175 170 0.011143
175 175 0.010664
