-180 -180 0.076399
-180 -175 0.034255
-180 -170 0.010271
-180 -165 0.000312
-180 -160 0.000000
-180 -155 0.000000
-180 -150 0.000000
-180 -145 0.000000
-180 -140 0.000000
-180 -135 0.000000
-180 -130 0.000000
-180 -125 0.000000
-180 -120 0.000000
-180 -115 0.000000
-180 -110 0.000000
-180 -105 0.000000
-180 -100 0.000000
-180 -95 0.000000
-180 -90 0.000000
-180 -85 0.000000
-180 -80 0.000000
-180 -75 0.000000
-180 -70 0.000000
-180 -65 0.000000
-180 -60 0.000000
-180 -55 0.000000
-180 -50 0.000000
-180 -45 0.000000
-180 -40 0.000000
-180 -35 0.000000
-180 -30 0.000000
-180 -25 0.000000
-180 -20 0.000000
-180 -15 0.000000
-180 -10 0.000000
-180 -5 0.000000
-180 0 0.000000
-180 5 0.000000
-180 10 0.000000
-180 15 0.000000
-180 20 0.000000
-180 25 0.000000
-180 30 0.000000
-180 35 0.000000
-180 40 0.000000
-180 45 0.000000
-180 50 0.000000
-180 55 0.000000
-180 60 0.000000
-180 65 0.000000
-180 70 0.000000
-180 75 0.000143
-180 80 0.002040
-180 85 0.004817
-180 90 0.008790
-180 95 0.013191
-180 100 0.017634
-180 105 0.022309
-180 110 0.031029
-180 115 0.043277
-180 120 0.058527
-180 125 0.070841
-180 130 0.075954
-180 135 0.077611
-180 140 0.081557
-180 145 0.098663
-180 150 0.134753
-180 155 0.177030
-180 160 0.211580
-180 165 0.216801
-180 170 0.186939
-180 175 0.133861
-175 -180 0.112629
-175 -175 0.047707
-175 -170 0.013292
-175 -165 0.000651
-175 -160 0.000000
-175 -155 0.000000
-175 -150 0.000000
-175 -145 0.000000
-175 -140 0.000000
-175 -135 0.000000
-175 -130 0.000000
-175 -125 0.000000
-175 -120 0.000000
-175 -115 0.000000
-175 -110 0.000000
-175 -105 0.000000
-175 -100 0.000000
-175 -95 0.000000
-175 -90 0.000000
-175 -85 0.000000
-175 -80 0.000000
-175 -75 0.000000
-175 -70 0.000000
-175 -65 0.000000
-175 -60 0.000000
-175 -55 0.000000
-175 -50 0.000000
-175 -45 0.000440
-175 -40 0.001104
-175 -35 0.002088
-175 -30 0.003086
-175 -25 0.003568
-175 -20 0.003229
-175 -15 0.002289
-175 -10 0.001274
-175 -5 0.000557
-175 0 0.000049
-175 5 0.000000
-175 10 0.000000
-175 15 0.000000
-175 20 0.000000
-175 25 0.000000
-175 30 0.000000
-175 35 0.000000
-175 40 0.000000
-175 45 0.000000
-175 50 0.000000
-175 55 0.000000
-175 60 0.000000
-175 65 0.000000
-175 70 0.000000
-175 75 0.000282
-175 80 0.004403
-175 85 0.010502
-175 90 0.019256
-175 95 0.029228
-175 100 0.039124
-175 105 0.048361
-175 110 0.062763
-175 115 0.082128
-175 120 0.105714
-175 125 0.123891
-175 130 0.131971
-175 135 0.138213
-175 140 0.152595
-175 145 0.189951
-175 150 0.254902
-175 155 0.325130
-175 160 0.372368
-175 165 0.364300
-175 170 0.300195
-175 175 0.206221
-170 -180 0.153489
-170 -175 0.061860
-170 -170 0.015686
-170 -165 0.001122
-170 -160 0.000000
-170 -155 0.000000
-170 -150 0.000000
-170 -145 0.000000
-170 -140 0.000000
-170 -135 0.000000
-170 -130 0.000000
-170 -125 0.000000
-170 -120 0.000000
-170 -115 0.000000
-170 -110 0.000000
-170 -105 0.000000
-170 -100 0.000000
-170 -95 0.000000
-170 -90 0.000000
-170 -85 0.000000
-170 -80 0.000000
-170 -75 0.000000
-170 -70 0.000000
-170 -65 0.000000
-170 -60 0.000000
-170 -55 0.000000
-170 -50 0.000000
-170 -45 0.001302
-170 -40 0.003269
-170 -35 0.006183
-170 -30 0.009140
-170 -25 0.010566
-170 -20 0.009561
-170 -15 0.007055
-170 -10 0.004784
-170 -5 0.003725
-170 0 0.003512
-170 5 0.004321
-170 10 0.004421
-170 15 0.003782
-170 20 0.002816
-170 25 0.002144
-170 30 0.001774
-170 35 0.001550
-170 40 0.001324
-170 45 0.000887
-170 50 0.000465
-170 55 0.000180
-170 60 0.000000
-170 65 0.000113
-170 70 0.000987
-170 75 0.003131
-170 80 0.012401
-170 85 0.025214
-170 90 0.041479
-170 95 0.058581
-170 100 0.074095
-170 105 0.087887
-170 110 0.108735
-170 115 0.137259
-170 120 0.172766
-170 125 0.200410
-170 130 0.214981
-170 135 0.229067
-170 140 0.256738
-170 145 0.318003
-170 150 0.414740
-170 155 0.515765
-170 160 0.574470
-170 165 0.545810
-170 170 0.436485
-170 175 0.290828
-165 -180 0.193142
-165 -175 0.075035
-165 -170 0.017577
-165 -165 0.001586
-165 -160 0.000000
-165 -155 0.000000
-165 -150 0.000000
-165 -145 0.000000
-165 -140 0.000000
-165 -135 0.000000
-165 -130 0.000000
-165 -125 0.000000
-165 -120 0.000000
-165 -115 0.000000
-165 -110 0.000000
-165 -105 0.000000
-165 -100 0.000000
-165 -95 0.000000
-165 -90 0.000000
-165 -85 0.000000
-165 -80 0.000000
-165 -75 0.000000
-165 -70 0.000000
-165 -65 0.000000
-165 -60 0.000000
-165 -55 0.000000
-165 -50 0.000000
-165 -45 0.002564
-165 -40 0.006436
-165 -35 0.012175
-165 -30 0.017997
-165 -25 0.020805
-165 -20 0.018826
-165 -15 0.014173
-165 -10 0.010356
-165 -5 0.009224
-165 0 0.010652
-165 5 0.014323
-165 10 0.016514
-165 15 0.017205
-165 20 0.016353
-165 25 0.015035
-165 30 0.013119
-165 35 0.010706
-165 40 0.007983
-165 45 0.004689
-165 50 0.002311
-165 55 0.001105
-165 60 0.000664
-165 65 0.001633
-165 70 0.004708
-165 75 0.010177
-165 80 0.025479
-165 85 0.045255
-165 90 0.068359
-165 95 0.091311
-165 100 0.110848
-165 105 0.129163
-165 110 0.157742
-165 115 0.197853
-165 120 0.248659
-165 125 0.289675
-165 130 0.314385
-165 135 0.338817
-165 140 0.381865
-165 145 0.468575
-165 150 0.596015
-165 155 0.724647
-165 160 0.789477
-165 165 0.734372
-165 170 0.574958
-165 175 0.374715
-160 -180 0.227687
-160 -175 0.086385
-160 -170 0.019540
-160 -165 0.002047
-160 -160 0.000000
-160 -155 0.000000
-160 -150 0.000000
-160 -145 0.000000
-160 -140 0.000000
-160 -135 0.000000
-160 -130 0.000000
-160 -125 0.000000
-160 -120 0.000000
-160 -115 0.000000
-160 -110 0.000000
-160 -105 0.000000
-160 -100 0.000000
-160 -95 0.000000
-160 -90 0.000000
-160 -85 0.000000
-160 -80 0.000000
-160 -75 0.000000
-160 -70 0.000000
-160 -65 0.000000
-160 -60 0.000000
-160 -55 0.000000
-160 -50 0.000000
-160 -45 0.003976
-160 -40 0.009980
-160 -35 0.018879
-160 -30 0.027907
-160 -25 0.032260
-160 -20 0.029192
-160 -15 0.022797
-160 -10 0.018588
-160 -5 0.019327
-160 0 0.025358
-160 5 0.034671
-160 10 0.040530
-160 15 0.042930
-160 20 0.041594
-160 25 0.038666
-160 30 0.033827
-160 35 0.028155
-160 40 0.021893
-160 45 0.014031
-160 50 0.007970
-160 55 0.004571
-160 60 0.003273
-160 65 0.006004
-160 70 0.014032
-160 75 0.026563
-160 80 0.050103
-160 85 0.077012
-160 90 0.103995
-160 95 0.127816
-160 100 0.147451
-160 105 0.170323
-160 110 0.210726
-160 115 0.267495
-160 120 0.339108
-160 125 0.398495
-160 130 0.437500
-160 135 0.475877
-160 140 0.536787
-160 145 0.647960
-160 150 0.800705
-160 155 0.945927
-160 160 1.004692
-160 165 0.914260
-160 170 0.702380
-160 175 0.449543
-155 -180 0.253092
-155 -175 0.094699
-155 -170 0.021985
-155 -165 0.002354
-155 -160 0.000000
-155 -155 0.000000
-155 -150 0.000000
-155 -145 0.000003
-155 -140 0.000141
-155 -135 0.000335
-155 -130 0.000621
-155 -125 0.000898
-155 -120 0.001013
-155 -115 0.000890
-155 -110 0.000610
-155 -105 0.000326
-155 -100 0.000135
-155 -95 0.000000
-155 -90 0.000000
-155 -85 0.000000
-155 -80 0.000000
-155 -75 0.000000
-155 -70 0.000000
-155 -65 0.000013
-155 -60 0.001018
-155 -55 0.002799
-155 -50 0.005405
-155 -45 0.013071
-155 -40 0.022023
-155 -35 0.032348
-155 -30 0.041218
-155 -25 0.044088
-155 -20 0.038722
-155 -15 0.031272
-155 -10 0.029228
-155 -5 0.034529
-155 0 0.048283
-155 5 0.065841
-155 10 0.077842
-155 15 0.083877
-155 20 0.083822
-155 25 0.080946
-155 30 0.073647
-155 35 0.064049
-155 40 0.052513
-155 45 0.036825
-155 50 0.023581
-155 55 0.015362
-155 60 0.012223
-155 65 0.017499
-155 70 0.032592
-155 75 0.054296
-155 80 0.085054
-155 85 0.115938
-155 90 0.141705
-155 95 0.161707
-155 100 0.179919
-155 105 0.210772
-155 110 0.271037
-155 115 0.351967
-155 120 0.450165
-155 125 0.532668
-155 130 0.588345
-155 135 0.642975
-155 140 0.723923
-155 145 0.858300
-155 150 1.030375
-155 155 1.176338
-155 160 1.211340
-155 165 1.073655
-155 170 0.807325
-155 175 0.507607
-150 -180 0.276517
-150 -175 0.103490
-150 -170 0.026066
-150 -165 0.003108
-150 -160 0.000010
-150 -155 0.000000
-150 -150 0.000000
-150 -145 0.000019
-150 -140 0.000982
-150 -135 0.002332
-150 -130 0.004322
-150 -125 0.006248
-150 -120 0.007045
-150 -115 0.006193
-150 -110 0.004243
-150 -105 0.002266
-150 -100 0.000937
-150 -95 0.000000
-150 -90 0.000000
-150 -85 0.000000
-150 -80 0.000000
-150 -75 0.000000
-150 -70 0.000218
-150 -65 0.000904
-150 -60 0.004553
-150 -55 0.010421
-150 -50 0.018200
-150 -45 0.030352
-150 -40 0.040824
-150 -35 0.048665
-150 -30 0.053068
-150 -25 0.051983
-150 -20 0.045092
-150 -15 0.040102
-150 -10 0.044169
-150 -5 0.056726
-150 0 0.079854
-150 5 0.106016
-150 10 0.124746
-150 15 0.135202
-150 20 0.137861
-150 25 0.136483
-150 30 0.127043
-150 35 0.113474
-150 40 0.095780
-150 45 0.071553
-150 50 0.051277
-150 55 0.039995
-150 60 0.037887
-150 65 0.048690
-150 70 0.071950
-150 75 0.100710
-150 80 0.132164
-150 85 0.158948
-150 90 0.176094
-150 95 0.188239
-150 100 0.206841
-150 105 0.252825
-150 110 0.345230
-150 115 0.463042
-150 120 0.599378
-150 125 0.713583
-150 130 0.790698
-150 135 0.864388
-150 140 0.968210
-150 145 1.126332
-150 150 1.313970
-150 155 1.446375
-150 160 1.438955
-150 165 1.237748
-150 170 0.908935
-150 175 0.561305
-145 -180 0.318038
-145 -175 0.127732
-145 -170 0.043047
-145 -165 0.014349
-145 -160 0.008103
-145 -155 0.005690
-145 -150 0.003386
-145 -145 0.001574
-145 -140 0.002590
-145 -135 0.005168
-145 -130 0.009577
-145 -125 0.013845
-145 -120 0.015611
-145 -115 0.013722
-145 -110 0.009402
-145 -105 0.005021
-145 -100 0.002075
-145 -95 0.000000
-145 -90 0.000000
-145 -85 0.000000
-145 -80 0.000000
-145 -75 0.000000
-145 -70 0.000656
-145 -65 0.002826
-145 -60 0.011396
-145 -55 0.024665
-145 -50 0.041516
-145 -45 0.060266
-145 -40 0.071444
-145 -35 0.072969
-145 -30 0.068592
-145 -25 0.061675
-145 -20 0.055577
-145 -15 0.057631
-145 -10 0.072014
-145 -5 0.093133
-145 0 0.123980
-145 5 0.155917
-145 10 0.180486
-145 15 0.196286
-145 20 0.205453
-145 25 0.209831
-145 30 0.201023
-145 35 0.183611
-145 40 0.157246
-145 45 0.121291
-145 50 0.091648
-145 55 0.077455
-145 60 0.080356
-145 65 0.101284
-145 70 0.135236
-145 75 0.168550
-145 80 0.193029
-145 85 0.206606
-145 90 0.208746
-145 95 0.213576
-145 100 0.239678
-145 105 0.310353
-145 110 0.443503
-145 115 0.602490
-145 120 0.776127
-145 125 0.916818
-145 130 1.010780
-145 135 1.103788
-145 140 1.236367
-145 145 1.427323
-145 150 1.637198
-145 155 1.756147
-145 160 1.701485
-145 165 1.430495
-145 170 1.034713
-145 175 0.635715
-140 -180 0.379742
-140 -175 0.169748
-140 -170 0.072804
-140 -165 0.034498
-140 -160 0.022228
-140 -155 0.015177
-140 -150 0.009000
-140 -145 0.004128
-140 -140 0.004887
-140 -135 0.009034
-140 -130 0.016741
-140 -125 0.024203
-140 -120 0.027288
-140 -115 0.023987
-140 -110 0.016436
-140 -105 0.008776
-140 -100 0.003628
-140 -95 0.000000
-140 -90 0.000359
-140 -85 0.001220
-140 -80 0.002542
-140 -75 0.004156
-140 -70 0.006695
-140 -65 0.011232
-140 -60 0.025053
-140 -55 0.045811
-140 -50 0.072462
-140 -45 0.098106
-140 -40 0.110547
-140 -35 0.106972
-140 -30 0.096538
-140 -25 0.088892
-140 -20 0.092845
-140 -15 0.113425
-140 -10 0.148960
-140 -5 0.186211
-140 0 0.225559
-140 5 0.256953
-140 10 0.277537
-140 15 0.288332
-140 20 0.297453
-140 25 0.303070
-140 30 0.292398
-140 35 0.268455
-140 40 0.229373
-140 45 0.179033
-140 50 0.138934
-140 55 0.122707
-140 60 0.133767
-140 65 0.166175
-140 70 0.209108
-140 75 0.241035
-140 80 0.250418
-140 85 0.244656
-140 90 0.231096
-140 95 0.234368
-140 100 0.276095
-140 105 0.376997
-140 110 0.551925
-140 115 0.750347
-140 120 0.958477
-140 125 1.124178
-140 130 1.235118
-140 135 1.342480
-140 140 1.494968
-140 145 1.708808
-140 150 1.931340
-140 155 2.033160
-140 160 1.937783
-140 165 1.612425
-140 170 1.165987
-140 175 0.725675
-135 -180 0.452290
-135 -175 0.224475
-135 -170 0.113288
-135 -165 0.063843
-135 -160 0.042995
-135 -155 0.029165
-135 -150 0.017280
-135 -145 0.007877
-135 -140 0.007310
-135 -135 0.012441
-135 -130 0.023054
-135 -125 0.033329
-135 -120 0.037578
-135 -115 0.033033
-135 -110 0.022634
-135 -105 0.012086
-135 -100 0.004996
-135 -95 0.000000
-135 -90 0.000884
-135 -85 0.003003
-135 -80 0.006701
-135 -75 0.011504
-135 -70 0.018178
-135 -65 0.027684
-135 -60 0.048129
-135 -55 0.077130
-135 -50 0.113839
-135 -45 0.146509
-135 -40 0.162169
-135 -35 0.158888
-135 -30 0.149734
-135 -25 0.149545
-135 -20 0.172414
-135 -15 0.220092
-135 -10 0.282725
-135 -5 0.341163
-135 0 0.391667
-135 5 0.420820
-135 10 0.431125
-135 15 0.427740
-135 20 0.425353
-135 25 0.419365
-135 30 0.396047
-135 35 0.356923
-135 40 0.297987
-135 45 0.229624
-135 50 0.178845
-135 55 0.161893
-135 60 0.184030
-135 65 0.229384
-135 70 0.280985
-135 75 0.309063
-135 80 0.301185
-135 85 0.275830
-135 90 0.248978
-135 95 0.254377
-135 100 0.312145
-135 105 0.438863
-135 110 0.646530
-135 115 0.877940
-135 120 1.118407
-135 125 1.311545
-135 130 1.443218
-135 135 1.560075
-135 140 1.718872
-135 145 1.936422
-135 150 2.151477
-135 155 2.230240
-135 160 2.104122
-135 165 1.748438
-135 170 1.277397
-135 175 0.814815
-130 -180 0.526555
-130 -175 0.283168
-130 -170 0.156241
-130 -165 0.095513
-130 -160 0.065315
-130 -155 0.043950
-130 -150 0.026013
-130 -145 0.011799
-130 -140 0.008777
-130 -135 0.013476
-130 -130 0.024972
-130 -125 0.036103
-130 -120 0.040705
-130 -115 0.035782
-130 -110 0.024517
-130 -105 0.013092
-130 -100 0.005411
-130 -95 0.000000
-130 -90 0.001776
-130 -85 0.006360
-130 -80 0.014393
-130 -75 0.024999
-130 -70 0.038251
-130 -65 0.053725
-130 -60 0.077935
-130 -55 0.110028
-130 -50 0.151081
-130 -45 0.187212
-130 -40 0.208707
-130 -35 0.217393
-130 -30 0.226373
-130 -25 0.252362
-130 -20 0.311167
-130 -15 0.400052
-130 -10 0.499208
-130 -5 0.585990
-130 0 0.651525
-130 5 0.677355
-130 10 0.669192
-130 15 0.638695
-130 20 0.606997
-130 25 0.569065
-130 30 0.514517
-130 35 0.444997
-130 40 0.355500
-130 45 0.263270
-130 50 0.198761
-130 55 0.178455
-130 60 0.208382
-130 65 0.262530
-130 70 0.320163
-130 75 0.345240
-130 80 0.326847
-130 85 0.292225
-130 90 0.263745
-130 95 0.278583
-130 100 0.350632
-130 105 0.491625
-130 110 0.710917
-130 115 0.956062
-130 120 1.215793
-130 125 1.433362
-130 130 1.589487
-130 135 1.715872
-130 140 1.873525
-130 145 2.080573
-130 150 2.272117
-130 155 2.327375
-130 160 2.186288
-130 165 1.828930
-130 170 1.360730
-130 175 0.895005
-125 -180 0.581847
-125 -175 0.324875
-125 -170 0.183933
-125 -165 0.114871
-125 -160 0.078036
-125 -155 0.052007
-125 -150 0.030743
-125 -145 0.013886
-125 -140 0.008474
-125 -135 0.011466
-125 -130 0.021247
-125 -125 0.030717
-125 -120 0.034633
-125 -115 0.030444
-125 -110 0.020860
-125 -105 0.011139
-125 -100 0.004604
-125 -95 0.000475
-125 -90 0.004562
-125 -85 0.014263
-125 -80 0.030325
-125 -75 0.050518
-125 -70 0.073037
-125 -65 0.094397
-125 -60 0.118295
-125 -55 0.147984
-125 -50 0.187631
-125 -45 0.224865
-125 -40 0.256667
-125 -35 0.289197
-125 -30 0.332898
-125 -25 0.401505
-125 -20 0.512280
-125 -15 0.657367
-125 -10 0.808465
-125 -5 0.940043
-125 0 1.035408
-125 5 1.063850
-125 10 1.027972
-125 15 0.946107
-125 20 0.849870
-125 25 0.741990
-125 30 0.626628
-125 35 0.508960
-125 40 0.383940
-125 45 0.268728
-125 50 0.191890
-125 55 0.165409
-125 60 0.194992
-125 65 0.248841
-125 70 0.307100
-125 75 0.332065
-125 80 0.315233
-125 85 0.286492
-125 90 0.269455
-125 95 0.297868
-125 100 0.379078
-125 105 0.520015
-125 110 0.729480
-125 115 0.968555
-125 120 1.233313
-125 125 1.473115
-125 130 1.659945
-125 135 1.806710
-125 140 1.970390
-125 145 2.164935
-125 150 2.327542
-125 155 2.361512
-125 160 2.214827
-125 165 1.869468
-125 170 1.414130
-125 175 0.953045
-120 -180 0.586495
-120 -175 0.326217
-120 -170 0.180843
-120 -165 0.110859
-120 -160 0.073434
-120 -155 0.048394
-120 -150 0.028566
-120 -145 0.012854
-120 -140 0.006587
-120 -135 0.007652
-120 -130 0.014179
-120 -125 0.020499
-120 -120 0.023113
-120 -115 0.020317
-120 -110 0.013921
-120 -105 0.007434
-120 -100 0.003073
-120 -95 0.001229
-120 -90 0.007990
-120 -85 0.023401
-120 -80 0.048123
-120 -75 0.078698
-120 -70 0.111993
-120 -65 0.141005
-120 -60 0.166286
-120 -55 0.194944
-120 -50 0.232307
-120 -45 0.269602
-120 -40 0.312345
-120 -35 0.372498
-120 -30 0.458540
-120 -25 0.578440
-120 -20 0.748845
-120 -15 0.956462
-120 -10 1.166715
-120 -5 1.352747
-120 0 1.488815
-120 5 1.528018
-120 10 1.461712
-120 15 1.311450
-120 20 1.122110
-120 25 0.914115
-120 30 0.714372
-120 35 0.536885
-120 40 0.377752
-120 45 0.247090
-120 50 0.164110
-120 55 0.132351
-120 60 0.154425
-120 65 0.199056
-120 70 0.251362
-120 75 0.278835
-120 80 0.276110
-120 85 0.268810
-120 90 0.274203
-120 95 0.317055
-120 100 0.400077
-120 105 0.527818
-120 110 0.710237
-120 115 0.926740
-120 120 1.182665
-120 125 1.437720
-120 130 1.656895
-120 135 1.836400
-120 140 2.019483
-120 145 2.206040
-120 150 2.337422
-120 155 2.344963
-120 160 2.186200
-120 165 1.847770
-120 170 1.403877
-120 175 0.952810
-115 -180 0.542395
-115 -175 0.289558
-115 -170 0.149941
-115 -165 0.086419
-115 -160 0.054507
-115 -155 0.035465
-115 -150 0.020899
-115 -145 0.009371
-115 -140 0.004128
-115 -135 0.004000
-115 -130 0.007413
-115 -125 0.010717
-115 -120 0.012084
-115 -115 0.010622
-115 -110 0.007278
-115 -105 0.003886
-115 -100 0.001606
-115 -95 0.002344
-115 -90 0.012127
-115 -85 0.033409
-115 -80 0.066151
-115 -75 0.105720
-115 -70 0.149253
-115 -65 0.187513
-115 -60 0.219320
-115 -55 0.253865
-115 -50 0.293038
-115 -45 0.331780
-115 -40 0.381987
-115 -35 0.465697
-115 -30 0.597368
-115 -25 0.778330
-115 -20 1.026940
-115 -15 1.319150
-115 -10 1.612577
-115 -5 1.869857
-115 0 2.048770
-115 5 2.087508
-115 10 1.965193
-115 15 1.711215
-115 20 1.393845
-115 25 1.059087
-115 30 0.762340
-115 35 0.524245
-115 40 0.340983
-115 45 0.208290
-115 50 0.130060
-115 55 0.099684
-115 60 0.114353
-115 65 0.147963
-115 70 0.190023
-115 75 0.218071
-115 80 0.230875
-115 85 0.248211
-115 90 0.278475
-115 95 0.337555
-115 100 0.423583
-115 105 0.539755
-115 110 0.694915
-115 115 0.885130
-115 120 1.124332
-115 125 1.385105
-115 130 1.632580
-115 135 1.852755
-115 140 2.066335
-115 145 2.252463
-115 150 2.352590
-115 155 2.323568
-115 160 2.135473
-115 165 1.785512
-115 170 1.341638
-115 175 0.899065
-110 -180 0.485252
-110 -175 0.240453
-110 -170 0.109281
-110 -165 0.055470
-110 -160 0.031951
-110 -155 0.020498
-110 -150 0.012057
-110 -145 0.005387
-110 -140 0.002041
-110 -135 0.001528
-110 -130 0.002831
-110 -125 0.004093
-110 -120 0.004615
-110 -115 0.004057
-110 -110 0.002780
-110 -105 0.001484
-110 -100 0.000614
-110 -95 0.003500
-110 -90 0.015761
-110 -85 0.041167
-110 -80 0.078644
-110 -75 0.122991
-110 -70 0.174382
-110 -65 0.223234
-110 -60 0.269282
-110 -55 0.320380
-110 -50 0.369783
-110 -45 0.414615
-110 -40 0.470230
-110 -35 0.573083
-110 -30 0.753783
-110 -25 1.008090
-110 -20 1.358802
-110 -15 1.763483
-110 -10 2.163647
-110 -5 2.498610
-110 0 2.702225
-110 5 2.704200
-110 10 2.480960
-110 15 2.081878
-110 20 1.612132
-110 25 1.144413
-110 30 0.759188
-110 35 0.476675
-110 40 0.287558
-110 45 0.170565
-110 50 0.112454
-110 55 0.097872
-110 60 0.117141
-110 65 0.148503
-110 70 0.182104
-110 75 0.206000
-110 80 0.226190
-110 85 0.259160
-110 90 0.305360
-110 95 0.376478
-110 100 0.467702
-110 105 0.582353
-110 110 0.725265
-110 115 0.902350
-110 120 1.131095
-110 125 1.393305
-110 130 1.663985
-110 135 1.926107
-110 140 2.173447
-110 145 2.366252
-110 150 2.441150
-110 155 2.372178
-110 160 2.140413
-110 165 1.756715
-110 170 1.292007
-110 175 0.841360
-105 -180 0.441345
-105 -175 0.202208
-105 -170 0.078058
-105 -165 0.032143
-105 -160 0.015493
-105 -155 0.009533
-105 -150 0.005492
-105 -145 0.002442
-105 -140 0.000631
-105 -135 0.000000
-105 -130 0.000000
-105 -125 0.000000
-105 -120 0.000000
-105 -115 0.000000
-105 -110 0.000000
-105 -105 0.000000
-105 -100 0.000000
-105 -95 0.004096
-105 -90 0.016982
-105 -85 0.042538
-105 -80 0.079056
-105 -75 0.122005
-105 -70 0.177265
-105 -65 0.237204
-105 -60 0.305275
-105 -55 0.384995
-105 -50 0.457812
-105 -45 0.521352
-105 -40 0.588960
-105 -35 0.713908
-105 -30 0.950515
-105 -25 1.294572
-105 -20 1.775913
-105 -15 2.323635
-105 -10 2.848450
-105 -5 3.250075
-105 0 3.432400
-105 5 3.332800
-105 10 2.946925
-105 15 2.363550
-105 20 1.734965
-105 25 1.153595
-105 30 0.711600
-105 35 0.415368
-105 40 0.241303
-105 45 0.151939
-105 50 0.120560
-105 55 0.127936
-105 60 0.162399
-105 65 0.202535
-105 70 0.235204
-105 75 0.255510
-105 80 0.275560
-105 85 0.313018
-105 90 0.365152
-105 95 0.445655
-105 100 0.547397
-105 105 0.673545
-105 110 0.823290
-105 115 1.003655
-105 120 1.229958
-105 125 1.489780
-105 130 1.775453
-105 135 2.070008
-105 140 2.343942
-105 145 2.545725
-105 150 2.602725
-105 155 2.494810
-105 160 2.210633
-105 165 1.777440
-105 170 1.276792
-105 175 0.804347
-100 -180 0.431718
-100 -175 0.187149
-100 -170 0.061954
-100 -165 0.017907
-100 -160 0.004960
-100 -155 0.002082
-100 -150 0.000878
-100 -145 0.000379
-100 -140 0.000091
-100 -135 0.000000
-100 -130 0.000000
-100 -125 0.000000
-100 -120 0.000000
-100 -115 0.000000
-100 -110 0.000000
-100 -105 0.000000
-100 -100 0.000000
-100 -95 0.003762
-100 -90 0.014813
-100 -85 0.035943
-100 -80 0.065782
-100 -75 0.101779
-100 -70 0.156942
-100 -65 0.227523
-100 -60 0.322937
-100 -55 0.442433
-100 -50 0.558333
-100 -45 0.668460
-100 -40 0.778285
-100 -35 0.952010
-100 -30 1.261580
-100 -25 1.705290
-100 -20 2.316280
-100 -15 2.994550
-100 -10 3.612900
-100 -5 4.028775
-100 0 4.120500
-100 5 3.850875
-100 10 3.255950
-100 15 2.478465
-100 20 1.714242
-100 25 1.064922
-100 30 0.613625
-100 35 0.342622
-100 40 0.205716
-100 45 0.154939
-100 50 0.156108
-100 55 0.191715
-100 60 0.253210
-100 65 0.314078
-100 70 0.354530
-100 75 0.371425
-100 80 0.382053
-100 85 0.409925
-100 90 0.454283
-100 95 0.536150
-100 100 0.647863
-100 105 0.793353
-100 110 0.970675
-100 115 1.181088
-100 120 1.430282
-100 125 1.705217
-100 130 2.010438
-100 135 2.326182
-100 140 2.607850
-100 145 2.805625
-100 150 2.842900
-100 155 2.696900
-100 160 2.359530
-100 165 1.872028
-100 170 1.324612
-100 175 0.815518
-95 -180 0.469347
-95 -175 0.206001
-95 -170 0.069818
-95 -165 0.020567
-95 -160 0.005710
-95 -155 0.001233
-95 -150 0.000000
-95 -145 0.000000
-95 -140 0.000000
-95 -135 0.000000
-95 -130 0.000000
-95 -125 0.000000
-95 -120 0.000000
-95 -115 0.000000
-95 -110 0.000000
-95 -105 0.000000
-95 -100 0.000000
-95 -95 0.002716
-95 -90 0.010201
-95 -85 0.024027
-95 -80 0.043893
-95 -75 0.069863
-95 -70 0.121354
-95 -65 0.200486
-95 -60 0.325302
-95 -55 0.494320
-95 -50 0.677538
-95 -45 0.872505
-95 -40 1.072768
-95 -35 1.337853
-95 -30 1.744142
-95 -25 2.289738
-95 -20 2.996425
-95 -15 3.739850
-95 -10 4.360900
-95 -5 4.689600
-95 0 4.603000
-95 5 4.110800
-95 10 3.305425
-95 15 2.376300
-95 20 1.540752
-95 25 0.893450
-95 30 0.485275
-95 35 0.271080
-95 40 0.183185
-95 45 0.170136
-95 50 0.198721
-95 55 0.258308
-95 60 0.348540
-95 65 0.434460
-95 70 0.489293
-95 75 0.506408
-95 80 0.505600
-95 85 0.517432
-95 90 0.546335
-95 95 0.621730
-95 100 0.737300
-95 105 0.898522
-95 110 1.109582
-95 115 1.366847
-95 120 1.664015
-95 125 1.981745
-95 130 2.326005
-95 135 2.670300
-95 140 2.960475
-95 145 3.155525
-95 150 3.178650
-95 155 3.000575
-95 160 2.611125
-95 165 2.062125
-95 170 1.452648
-95 175 0.889847
-90 -180 0.536460
-90 -175 0.246211
-90 -170 0.091299
-90 -165 0.030863
-90 -160 0.010413
-90 -155 0.002052
-90 -150 0.000000
-90 -145 0.000000
-90 -140 0.000000
-90 -135 0.000000
-90 -130 0.000000
-90 -125 0.000000
-90 -120 0.000000
-90 -115 0.000000
-90 -110 0.000000
-90 -105 0.000000
-90 -100 0.000000
-90 -95 0.001544
-90 -90 0.005662
-90 -85 0.013095
-90 -80 0.024559
-90 -75 0.042355
-90 -70 0.089757
-90 -65 0.175669
-90 -60 0.330437
-90 -55 0.558405
-90 -50 0.836813
-90 -45 1.161515
-90 -40 1.513785
-90 -35 1.923710
-90 -30 2.451575
-90 -25 3.080900
-90 -20 3.804350
-90 -15 4.485150
-90 -10 4.961150
-90 -5 5.073325
-90 0 4.735975
-90 5 4.015875
-90 10 3.059800
-90 15 2.070228
-90 20 1.253010
-90 25 0.677913
-90 30 0.351225
-90 35 0.207253
-90 40 0.167044
-90 45 0.181932
-90 50 0.225468
-90 55 0.295797
-90 60 0.402722
-90 65 0.504572
-90 70 0.571858
-90 75 0.592782
-90 80 0.584867
-90 85 0.582020
-90 90 0.593897
-90 95 0.655272
-90 100 0.764378
-90 105 0.930575
-90 110 1.173740
-90 115 1.491940
-90 120 1.869190
-90 125 2.277675
-90 130 2.701675
-90 135 3.099275
-90 140 3.404825
-90 145 3.589425
-90 150 3.585450
-90 155 3.362550
-90 160 2.913600
-90 165 2.298920
-90 170 1.621333
-90 175 1.001225
-85 -180 0.601500
-85 -175 0.287130
-85 -170 0.114604
-85 -165 0.042404
-85 -160 0.015363
-85 -155 0.002750
-85 -150 0.000000
-85 -145 0.000000
-85 -140 0.000000
-85 -135 0.000000
-85 -130 0.000000
-85 -125 0.000000
-85 -120 0.000000
-85 -115 0.000000
-85 -110 0.000000
-85 -105 0.000000
-85 -100 0.000000
-85 -95 0.000691
-85 -90 0.002445
-85 -85 0.005419
-85 -80 0.011429
-85 -75 0.024319
-85 -70 0.070146
-85 -65 0.167013
-85 -60 0.360745
-85 -55 0.666957
-85 -50 1.075513
-85 -45 1.582162
-85 -40 2.157398
-85 -35 2.773050
-85 -30 3.447925
-85 -25 4.121275
-85 -20 4.733800
-85 -15 5.159250
-85 -10 5.293325
-85 -5 5.053550
-85 0 4.430200
-85 5 3.537725
-85 10 2.548950
-85 15 1.621510
-85 20 0.912998
-85 25 0.459450
-85 30 0.227947
-85 35 0.147247
-85 40 0.142454
-85 45 0.171496
-85 50 0.216811
-85 55 0.282562
-85 60 0.386885
-85 65 0.488365
-85 70 0.560375
-85 75 0.587433
-85 80 0.579780
-85 85 0.567745
-85 90 0.563995
-85 95 0.604890
-85 100 0.699415
-85 105 0.867615
-85 110 1.148680
-85 115 1.546370
-85 120 2.036225
-85 125 2.574675
-85 130 3.105425
-85 135 3.569975
-85 140 3.893425
-85 145 4.056400
-85 150 4.006700
-85 155 3.721625
-85 160 3.203125
-85 165 2.518050
-85 170 1.773710
-85 175 1.104868
-80 -180 0.627465
-80 -175 0.308752
-80 -170 0.129607
-80 -165 0.050241
-80 -160 0.018653
-80 -155 0.002988
-80 -150 0.000000
-80 -145 0.000000
-80 -140 0.000000
-80 -135 0.000000
-80 -130 0.000000
-80 -125 0.000000
-80 -120 0.000000
-80 -115 0.000000
-80 -110 0.000000
-80 -105 0.000000
-80 -100 0.000000
-80 -95 0.000090
-80 -90 0.000249
-80 -85 0.000481
-80 -80 0.003169
-80 -75 0.013537
-80 -70 0.061375
-80 -65 0.175986
-80 -60 0.420610
-80 -55 0.824978
-80 -50 1.395633
-80 -45 2.126733
-80 -40 2.975450
-80 -35 3.836550
-80 -30 4.661800
-80 -25 5.318775
-80 -20 5.691075
-80 -15 5.692275
-80 -10 5.334725
-80 -5 4.666275
-80 0 3.773575
-80 5 2.795850
-80 10 1.891117
-80 15 1.126953
-80 20 0.589240
-80 25 0.277710
-80 30 0.135162
-80 35 0.098935
-80 40 0.110756
-80 45 0.139300
-80 50 0.174671
-80 55 0.223894
-80 60 0.307557
-80 65 0.391682
-80 70 0.456363
-80 75 0.486057
-80 80 0.482880
-80 85 0.468800
-80 90 0.457182
-80 95 0.481775
-80 100 0.565022
-80 105 0.743695
-80 110 1.073470
-80 115 1.566965
-80 120 2.193093
-80 125 2.884000
-80 130 3.533050
-80 135 4.060925
-80 140 4.384025
-80 145 4.490700
-80 150 4.350925
-80 155 3.965250
-80 160 3.359000
-80 165 2.608075
-80 170 1.823060
-80 175 1.139750
-75 -180 0.601840
-75 -175 0.300205
-75 -170 0.128425
-75 -165 0.050228
-75 -160 0.018596
-75 -155 0.002641
-75 -150 0.000000
-75 -145 0.000000
-75 -140 0.000000
-75 -135 0.000000
-75 -130 0.000000
-75 -125 0.000000
-75 -120 0.000000
-75 -115 0.000000
-75 -110 0.000000
-75 -105 0.000000
-75 -100 0.000000
-75 -95 0.000000
-75 -90 0.000000
-75 -85 0.000000
-75 -80 0.002168
-75 -75 0.011885
-75 -70 0.064578
-75 -65 0.200313
-75 -60 0.504037
-75 -55 1.021402
-75 -50 1.773322
-75 -45 2.748675
-75 -40 3.879375
-75 -35 4.975525
-75 -30 5.911700
-75 -25 6.477850
-75 -20 6.523400
-75 -15 6.024525
-75 -10 5.143100
-75 -5 4.073900
-75 0 2.987075
-75 5 2.015858
-75 10 1.266630
-75 15 0.702008
-75 20 0.338938
-75 25 0.148144
-75 30 0.070200
-75 35 0.057861
-75 40 0.073043
-75 45 0.094212
-75 50 0.116541
-75 55 0.146416
-75 60 0.201435
-75 65 0.258937
-75 70 0.306817
-75 75 0.332572
-75 80 0.333217
-75 85 0.321815
-75 90 0.311545
-75 95 0.329918
-75 100 0.412243
-75 105 0.614358
-75 110 1.003902
-75 115 1.599720
-75 120 2.363655
-75 125 3.196125
-75 130 3.937300
-75 135 4.488325
-75 140 4.766150
-75 145 4.774275
-75 150 4.512200
-75 155 4.012625
-75 160 3.328700
-75 165 2.539425
-75 170 1.752442
-75 175 1.092325
-70 -180 0.512180
-70 -175 0.254027
-70 -170 0.107943
-70 -165 0.041596
-70 -160 0.015146
-70 -155 0.001901
-70 -150 0.000000
-70 -145 0.000000
-70 -140 0.000000
-70 -135 0.000000
-70 -130 0.000000
-70 -125 0.000000
-70 -120 0.000000
-70 -115 0.000000
-70 -110 0.000000
-70 -105 0.000000
-70 -100 0.000000
-70 -95 0.000000
-70 -90 0.000000
-70 -85 0.000000
-70 -80 0.001643
-70 -75 0.010369
-70 -70 0.068315
-70 -65 0.224678
-70 -60 0.584535
-70 -55 1.206910
-70 -50 2.119960
-70 -45 3.302100
-70 -40 4.646275
-70 -35 5.891925
-70 -30 6.844175
-70 -25 7.240600
-70 -20 6.935025
-70 -15 5.981325
-70 -10 4.678775
-70 -5 3.340675
-70 0 2.182558
-70 5 1.307245
-70 10 0.747895
-70 15 0.380915
-70 20 0.170416
-70 25 0.070495
-70 30 0.033369
-70 35 0.030193
-70 40 0.040481
-70 45 0.052164
-70 50 0.063346
-70 55 0.078029
-70 60 0.107427
-70 65 0.139275
-70 70 0.167866
-70 75 0.185306
-70 80 0.187546
-70 85 0.180665
-70 90 0.177218
-70 95 0.196540
-70 100 0.283212
-70 105 0.510090
-70 110 0.953515
-70 115 1.634275
-70 120 2.508300
-70 125 3.439625
-70 130 4.220625
-70 135 4.733125
-70 140 4.908300
-70 145 4.775950
-70 150 4.374725
-70 155 3.772350
-70 160 3.046200
-70 165 2.267705
-70 170 1.533103
-70 175 0.942465
-65 -180 0.376043
-65 -175 0.182332
-65 -170 0.075613
-65 -165 0.028263
-65 -160 0.010014
-65 -155 0.001112
-65 -150 0.000000
-65 -145 0.000000
-65 -140 0.000000
-65 -135 0.000000
-65 -130 0.000000
-65 -125 0.000000
-65 -120 0.000000
-65 -115 0.000000
-65 -110 0.000000
-65 -105 0.000000
-65 -100 0.000000
-65 -95 0.000000
-65 -90 0.000000
-65 -85 0.000000
-65 -80 0.001315
-65 -75 0.009608
-65 -70 0.071984
-65 -65 0.243083
-65 -60 0.641285
-65 -55 1.332462
-65 -50 2.344475
-65 -45 3.637550
-65 -40 5.055375
-65 -35 6.296500
-65 -30 7.124200
-65 -25 7.277975
-65 -20 6.667525
-65 -15 5.426625
-65 -10 3.937725
-65 -5 2.555125
-65 0 1.481515
-65 5 0.773480
-65 10 0.394092
-65 15 0.181762
-65 20 0.076043
-65 25 0.030146
-65 30 0.014149
-65 35 0.013023
-65 40 0.017527
-65 45 0.021742
-65 50 0.024877
-65 55 0.028775
-65 60 0.039501
-65 65 0.052529
-65 70 0.066125
-65 75 0.076460
-65 80 0.079596
-65 85 0.077625
-65 90 0.082673
-65 95 0.106934
-65 100 0.198213
-65 105 0.437880
-65 110 0.907680
-65 115 1.625643
-65 120 2.544375
-65 125 3.498825
-65 130 4.249950
-65 135 4.664900
-65 140 4.698000
-65 145 4.412175
-65 150 3.889075
-65 155 3.226450
-65 160 2.516425
-65 165 1.812222
-65 170 1.188855
-65 175 0.712240
-60 -180 0.235807
-60 -175 0.109502
-60 -170 0.043058
-60 -165 0.015064
-60 -160 0.005119
-60 -155 0.000469
-60 -150 0.000000
-60 -145 0.000000
-60 -140 0.000000
-60 -135 0.000000
-60 -130 0.000000
-60 -125 0.000000
-60 -120 0.000000
-60 -115 0.000000
-60 -110 0.000000
-60 -105 0.000000
-60 -100 0.000000
-60 -95 0.000000
-60 -90 0.000000
-60 -85 0.000000
-60 -80 0.001730
-60 -75 0.011132
-60 -70 0.077263
-60 -65 0.256007
-60 -60 0.666698
-60 -55 1.371027
-60 -50 2.385770
-60 -45 3.643625
-60 -40 4.947000
-60 -35 5.996275
-60 -30 6.562350
-60 -25 6.448475
-60 -20 5.651825
-60 -15 4.363275
-60 -10 2.965650
-60 -5 1.767607
-60 0 0.913405
-60 5 0.411587
-60 10 0.181569
-60 15 0.073535
-60 20 0.028540
-60 25 0.010413
-60 30 0.004250
-60 35 0.003785
-60 40 0.005293
-60 45 0.006729
-60 50 0.007627
-60 55 0.008560
-60 60 0.011496
-60 65 0.015353
-60 70 0.019800
-60 75 0.023398
-60 80 0.024528
-60 85 0.024117
-60 90 0.032627
-60 95 0.057887
-60 100 0.144207
-60 105 0.370850
-60 110 0.820860
-60 115 1.505187
-60 120 2.376965
-60 125 3.260825
-60 130 3.912175
-60 135 4.196875
-60 140 4.093925
-60 145 3.695825
-60 150 3.117575
-60 155 2.470785
-60 160 1.849312
-60 165 1.279887
-60 170 0.808342
-60 175 0.467400
-55 -180 0.121971
-55 -175 0.053377
-55 -170 0.019544
-55 -165 0.006387
-55 -160 0.002070
-55 -155 0.000145
-55 -150 0.000000
-55 -145 0.000000
-55 -140 0.000000
-55 -135 0.000000
-55 -130 0.000000
-55 -125 0.000000
-55 -120 0.000000
-55 -115 0.000000
-55 -110 0.000000
-55 -105 0.000000
-55 -100 0.000000
-55 -95 0.000000
-55 -90 0.000000
-55 -85 0.000000
-55 -80 0.002940
-55 -75 0.015212
-55 -70 0.084073
-55 -65 0.261843
-55 -60 0.652460
-55 -55 1.300770
-55 -50 2.202133
-55 -45 3.263275
-55 -40 4.277275
-55 -35 4.994800
-55 -30 5.246925
-55 -25 4.934650
-55 -20 4.131700
-55 -15 3.035450
-55 -10 1.950395
-55 -5 1.083102
-55 0 0.506730
-55 5 0.199437
-55 10 0.074931
-55 15 0.025731
-55 20 0.009455
-55 25 0.003109
-55 30 0.000778
-55 35 0.000332
-55 40 0.000381
-55 45 0.000444
-55 50 0.000406
-55 55 0.000304
-55 60 0.000274
-55 65 0.000327
-55 70 0.000547
-55 75 0.000844
-55 80 0.001091
-55 85 0.002045
-55 90 0.011390
-55 95 0.034274
-55 100 0.106033
-55 105 0.293325
-55 110 0.673087
-55 115 1.247480
-55 120 1.975842
-55 125 2.697400
-55 130 3.194750
-55 135 3.350425
-55 140 3.165375
-55 145 2.743800
-55 150 2.207593
-55 155 1.659928
-55 160 1.183155
-55 165 0.778845
-55 170 0.467618
-55 175 0.257478
-50 -180 0.047433
-50 -175 0.018161
-50 -170 0.005403
-50 -165 0.001239
-50 -160 0.000273
-50 -155 0.000005
-50 -150 0.000000
-50 -145 0.000000
-50 -140 0.000000
-50 -135 0.000000
-50 -130 0.000000
-50 -125 0.000000
-50 -120 0.000000
-50 -115 0.000000
-50 -110 0.000000
-50 -105 0.000000
-50 -100 0.000000
-50 -95 0.000000
-50 -90 0.000000
-50 -85 0.000000
-50 -80 0.004802
-50 -75 0.020715
-50 -70 0.088781
-50 -65 0.252425
-50 -60 0.587130
-50 -55 1.114507
-50 -50 1.809538
-50 -45 2.571200
-50 -40 3.222200
-50 -35 3.592250
-50 -30 3.592750
-50 -25 3.209825
-50 -20 2.550475
-50 -15 1.774075
-50 -10 1.074715
-50 -5 0.555253
-50 0 0.234158
-50 5 0.079519
-50 10 0.023777
-50 15 0.005931
-50 20 0.002046
-50 25 0.000574
-50 30 0.000000
-50 35 0.000000
-50 40 0.000000
-50 45 0.000000
-50 50 0.000000
-50 55 0.000000
-50 60 0.000000
-50 65 0.000000
-50 70 0.000000
-50 75 0.000000
-50 80 0.000000
-50 85 0.000525
-50 90 0.006329
-50 95 0.022487
-50 100 0.073848
-50 105 0.209061
-50 110 0.490142
-50 115 0.910155
-50 120 1.436892
-50 125 1.944650
-50 130 2.267618
-50 135 2.321617
-50 140 2.121115
-50 145 1.761063
-50 150 1.344730
-50 155 0.949692
-50 160 0.637367
-50 165 0.392907
-50 170 0.219338
-50 175 0.112317
-45 -180 0.012607
-45 -175 0.003574
-45 -170 0.000566
-45 -165 0.000000
-45 -160 0.000000
-45 -155 0.000000
-45 -150 0.000000
-45 -145 0.000000
-45 -140 0.000000
-45 -135 0.000000
-45 -130 0.000000
-45 -125 0.000000
-45 -120 0.000000
-45 -115 0.000000
-45 -110 0.000000
-45 -105 0.000000
-45 -100 0.000000
-45 -95 0.000000
-45 -90 0.000000
-45 -85 0.000000
-45 -80 0.006575
-45 -75 0.024838
-45 -70 0.085884
-45 -65 0.220717
-45 -60 0.472338
-45 -55 0.842013
-45 -50 1.295967
-45 -45 1.748860
-45 -40 2.078418
-45 -35 2.192353
-45 -30 2.068405
-45 -25 1.737195
-45 -20 1.293315
-45 -15 0.839108
-45 -10 0.471780
-45 -5 0.222460
-45 0 0.081773
-45 5 0.022597
-45 10 0.004403
-45 15 0.000257
-45 20 0.000000
-45 25 0.000000
-45 30 0.000000
-45 35 0.000000
-45 40 0.000000
-45 45 0.000000
-45 50 0.000000
-45 55 0.000000
-45 60 0.000000
-45 65 0.000000
-45 70 0.000000
-45 75 0.000000
-45 80 0.000000
-45 85 0.000250
-45 90 0.003108
-45 95 0.013292
-45 100 0.046178
-45 105 0.132007
-45 110 0.312245
-45 115 0.574950
-45 120 0.897595
-45 125 1.196527
-45 130 1.367345
-45 135 1.362557
-45 140 1.201520
-45 145 0.954010
-45 150 0.689497
-45 155 0.453930
-45 160 0.284610
-45 165 0.161248
-45 170 0.080976
-45 175 0.036982
-40 -180 0.000870
-40 -175 0.000068
-40 -170 0.000000
-40 -165 0.000000
-40 -160 0.000000
-40 -155 0.000000
-40 -150 0.000000
-40 -145 0.000000
-40 -140 0.000000
-40 -135 0.000000
-40 -130 0.000000
-40 -125 0.000000
-40 -120 0.000000
-40 -115 0.000000
-40 -110 0.000000
-40 -105 0.000000
-40 -100 0.000000
-40 -95 0.000000
-40 -90 0.000000
-40 -85 0.000000
-40 -80 0.007214
-40 -75 0.024720
-40 -70 0.072897
-40 -65 0.169692
-40 -60 0.332135
-40 -55 0.550400
-40 -50 0.794950
-40 -45 1.007453
-40 -40 1.121387
-40 -35 1.101013
-40 -30 0.960157
-40 -25 0.738032
-40 -20 0.498100
-40 -15 0.290463
-40 -10 0.146394
-40 -5 0.060757
-40 0 0.019123
-40 5 0.004935
-40 10 0.000856
-40 15 0.000000
-40 20 0.000000
-40 25 0.000000
-40 30 0.000000
-40 35 0.000000
-40 40 0.000000
-40 45 0.000000
-40 50 0.000000
-40 55 0.000000
-40 60 0.000000
-40 65 0.000000
-40 70 0.000000
-40 75 0.000000
-40 80 0.000000
-40 85 0.000061
-40 90 0.000860
-40 95 0.006154
-40 100 0.024065
-40 105 0.070119
-40 110 0.167466
-40 115 0.305088
-40 120 0.469307
-40 125 0.614267
-40 130 0.686255
-40 135 0.664195
-40 140 0.563087
-40 145 0.424040
-40 150 0.284788
-40 155 0.167438
-40 160 0.092114
-40 165 0.043197
-40 170 0.016435
-40 175 0.005581
-35 -180 0.000000
-35 -175 0.000000
-35 -170 0.000000
-35 -165 0.000000
-35 -160 0.000000
-35 -155 0.000000
-35 -150 0.000000
-35 -145 0.000000
-35 -140 0.000000
-35 -135 0.000000
-35 -130 0.000000
-35 -125 0.000000
-35 -120 0.000000
-35 -115 0.000000
-35 -110 0.000000
-35 -105 0.000000
-35 -100 0.000000
-35 -95 0.000000
-35 -90 0.000000
-35 -85 0.000000
-35 -80 0.006349
-35 -75 0.020098
-35 -70 0.052547
-35 -65 0.111542
-35 -60 0.199524
-35 -55 0.304780
-35 -50 0.407283
-35 -45 0.477300
-35 -40 0.488920
-35 -35 0.435660
-35 -30 0.340743
-35 -25 0.230477
-35 -20 0.133593
-35 -15 0.064762
-35 -10 0.026446
-35 -5 0.008294
-35 0 0.001609
-35 5 0.000251
-35 10 0.000070
-35 15 0.000000
-35 20 0.000000
-35 25 0.000000
-35 30 0.000000
-35 35 0.000000
-35 40 0.000000
-35 45 0.000000
-35 50 0.000000
-35 55 0.000000
-35 60 0.000000
-35 65 0.000000
-35 70 0.000000
-35 75 0.000000
-35 80 0.000000
-35 85 0.000000
-35 90 0.000101
-35 95 0.002673
-35 100 0.011301
-35 105 0.032326
-35 110 0.075216
-35 115 0.131696
-35 120 0.194295
-35 125 0.243308
-35 130 0.258557
-35 135 0.236533
-35 140 0.187982
-35 145 0.131861
-35 150 0.081688
-35 155 0.042774
-35 160 0.021670
-35 165 0.008865
-35 170 0.002487
-35 175 0.000725
-30 -180 0.000000
-30 -175 0.000000
-30 -170 0.000000
-30 -165 0.000000
-30 -160 0.000000
-30 -155 0.000000
-30 -150 0.000000
-30 -145 0.000000
-30 -140 0.000000
-30 -135 0.000000
-30 -130 0.000000
-30 -125 0.000000
-30 -120 0.000000
-30 -115 0.000000
-30 -110 0.000000
-30 -105 0.000000
-30 -100 0.000000
-30 -95 0.000000
-30 -90 0.000000
-30 -85 0.000000
-30 -80 0.004482
-30 -75 0.013319
-30 -70 0.031297
-30 -65 0.060484
-30 -60 0.097235
-30 -55 0.133292
-30 -50 0.159610
-30 -45 0.166994
-30 -40 0.151166
-30 -35 0.115705
-30 -30 0.075992
-30 -25 0.041189
-30 -20 0.017463
-30 -15 0.005391
-30 -10 0.001299
-30 -5 0.000204
-30 0 0.000000
-30 5 0.000000
-30 10 0.000000
-30 15 0.000000
-30 20 0.000000
-30 25 0.000000
-30 30 0.000000
-30 35 0.000000
-30 40 0.000000
-30 45 0.000000
-30 50 0.000000
-30 55 0.000000
-30 60 0.000000
-30 65 0.000000
-30 70 0.000000
-30 75 0.000000
-30 80 0.000000
-30 85 0.000000
-30 90 0.000049
-30 95 0.001302
-30 100 0.005110
-30 105 0.013308
-30 110 0.028388
-30 115 0.046036
-30 120 0.063310
-30 125 0.073636
-30 130 0.072454
-30 135 0.060908
-30 140 0.043920
-30 145 0.027502
-30 150 0.014842
-30 155 0.006144
-30 160 0.002768
-30 165 0.000735
-30 170 0.000005
-30 175 0.000000
-25 -180 0.000000
-25 -175 0.000000
-25 -170 0.000000
-25 -165 0.000000
-25 -160 0.000000
-25 -155 0.000000
-25 -150 0.000000
-25 -145 0.000000
-25 -140 0.000000
-25 -135 0.000000
-25 -130 0.000000
-25 -125 0.000000
-25 -120 0.000000
-25 -115 0.000000
-25 -110 0.000000
-25 -105 0.000000
-25 -100 0.000000
-25 -95 0.000000
-25 -90 0.000000
-25 -85 0.000000
-25 -80 0.002536
-25 -75 0.007044
-25 -70 0.014850
-25 -65 0.025387
-25 -60 0.035706
-25 -55 0.042163
-25 -50 0.043429
-25 -45 0.039364
-25 -40 0.031107
-25 -35 0.020168
-25 -30 0.011307
-25 -25 0.004961
-25 -20 0.001368
-25 -15 0.000027
-25 -10 0.000000
-25 -5 0.000000
-25 0 0.000000
-25 5 0.000000
-25 10 0.000000
-25 15 0.000000
-25 20 0.000000
-25 25 0.000000
-25 30 0.000000
-25 35 0.000000
-25 40 0.000000
-25 45 0.000000
-25 50 0.000000
-25 55 0.000000
-25 60 0.000000
-25 65 0.000000
-25 70 0.000000
-25 75 0.000000
-25 80 0.000000
-25 85 0.000000
-25 90 0.000013
-25 95 0.000355
-25 100 0.001548
-25 105 0.003838
-25 110 0.007388
-25 115 0.011142
-25 120 0.013934
-25 125 0.014428
-25 130 0.012450
-25 135 0.008981
-25 140 0.005343
-25 145 0.002536
-25 150 0.000966
-25 155 0.000212
-25 160 0.000086
-25 165 0.000000
-25 170 0.000000
-25 175 0.000000
-20 -180 0.000000
-20 -175 0.000000
-20 -170 0.000000
-20 -165 0.000000
-20 -160 0.000000
-20 -155 0.000000
-20 -150 0.000000
-20 -145 0.000000
-20 -140 0.000000
-20 -135 0.000000
-20 -130 0.000000
-20 -125 0.000000
-20 -120 0.000000
-20 -115 0.000000
-20 -110 0.000000
-20 -105 0.000000
-20 -100 0.000000
-20 -95 0.000000
-20 -90 0.000000
-20 -85 0.000000
-20 -80 0.001050
-20 -75 0.002651
-20 -70 0.005022
-20 -65 0.007659
-20 -60 0.009323
-20 -55 0.009232
-20 -50 0.007793
-20 -45 0.005889
-20 -40 0.004106
-20 -35 0.002268
-20 -30 0.001318
-20 -25 0.000643
-20 -20 0.000176
-20 -15 0.000000
-20 -10 0.000000
-20 -5 0.000000
-20 0 0.000000
-20 5 0.000000
-20 10 0.000000
-20 15 0.000000
-20 20 0.000000
-20 25 0.000000
-20 30 0.000000
-20 35 0.000000
-20 40 0.000000
-20 45 0.000000
-20 50 0.000000
-20 55 0.000000
-20 60 0.000000
-20 65 0.000000
-20 70 0.000000
-20 75 0.000000
-20 80 0.000000
-20 85 0.000000
-20 90 0.000000
-20 95 0.000000
-20 100 0.000044
-20 105 0.000123
-20 110 0.000238
-20 115 0.000363
-20 120 0.000436
-20 125 0.000413
-20 130 0.000309
-20 135 0.000182
-20 140 0.000085
-20 145 0.000017
-20 150 0.000000
-20 155 0.000000
-20 160 0.000000
-20 165 0.000000
-20 170 0.000000
-20 175 0.000000
-15 -180 0.000000
-15 -175 0.000000
-15 -170 0.000000
-15 -165 0.000000
-15 -160 0.000000
-15 -155 0.000000
-15 -150 0.000000
-15 -145 0.000000
-15 -140 0.000000
-15 -135 0.000000
-15 -130 0.000000
-15 -125 0.000000
-15 -120 0.000000
-15 -115 0.000000
-15 -110 0.000000
-15 -105 0.000000
-15 -100 0.000000
-15 -95 0.000000
-15 -90 0.000000
-15 -85 0.000000
-15 -80 0.000225
-15 -75 0.000559
-15 -70 0.001054
-15 -65 0.001553
-15 -60 0.001788
-15 -55 0.001610
-15 -50 0.001135
-15 -45 0.000627
-15 -40 0.000272
-15 -35 0.000020
-15 -30 0.000000
-15 -25 0.000000
-15 -20 0.000000
-15 -15 0.000000
-15 -10 0.000000
-15 -5 0.000000
-15 0 0.000000
-15 5 0.000000
-15 10 0.000000
-15 15 0.000000
-15 20 0.000000
-15 25 0.000000
-15 30 0.000000
-15 35 0.000000
-15 40 0.000000
-15 45 0.000000
-15 50 0.000000
-15 55 0.000000
-15 60 0.000000
-15 65 0.000000
-15 70 0.000000
-15 75 0.000000
-15 80 0.000000
-15 85 0.000000
-15 90 0.000000
-15 95 0.000000
-15 100 0.000000
-15 105 0.000000
-15 110 0.000000
-15 115 0.000000
-15 120 0.000000
-15 125 0.000000
-15 130 0.000000
-15 135 0.000000
-15 140 0.000000
-15 145 0.000000
-15 150 0.000000
-15 155 0.000000
-15 160 0.000000
-15 165 0.000000
-15 170 0.000000
-15 175 0.000000
-10 -180 0.000000
-10 -175 0.000000
-10 -170 0.000000
-10 -165 0.000000
-10 -160 0.000000
-10 -155 0.000000
-10 -150 0.000000
-10 -145 0.000000
-10 -140 0.000000
-10 -135 0.000000
-10 -130 0.000000
-10 -125 0.000000
-10 -120 0.000000
-10 -115 0.000000
-10 -110 0.000000
-10 -105 0.000000
-10 -100 0.000000
-10 -95 0.000000
-10 -90 0.000000
-10 -85 0.000000
-10 -80 0.000000
-10 -75 0.000000
-10 -70 0.000000
-10 -65 0.000000
-10 -60 0.000000
-10 -55 0.000000
-10 -50 0.000000
-10 -45 0.000000
-10 -40 0.000000
-10 -35 0.000000
-10 -30 0.000000
-10 -25 0.000000
-10 -20 0.000000
-10 -15 0.000000
-10 -10 0.000000
-10 -5 0.000000
-10 0 0.000000
-10 5 0.000000
-10 10 0.000000
-10 15 0.000000
-10 20 0.000000
-10 25 0.000000
-10 30 0.000000
-10 35 0.000000
-10 40 0.000000
-10 45 0.000000
-10 50 0.000000
-10 55 0.000000
-10 60 0.000000
-10 65 0.000000
-10 70 0.000000
-10 75 0.000000
-10 80 0.000000
-10 85 0.000000
-10 90 0.000000
-10 95 0.000000
-10 100 0.000000
-10 105 0.000000
-10 110 0.000000
-10 115 0.000000
-10 120 0.000000
-10 125 0.000000
-10 130 0.000000
-10 135 0.000000
-10 140 0.000000
-10 145 0.000000
-10 150 0.000000
-10 155 0.000000
-10 160 0.000000
-10 165 0.000000
-10 170 0.000000
-10 175 0.000000
-5 -180 0.000000
-5 -175 0.000000
-5 -170 0.000000
-5 -165 0.000000
-5 -160 0.000000
-5 -155 0.000000
-5 -150 0.000000
-5 -145 0.000000
-5 -140 0.000000
-5 -135 0.000000
-5 -130 0.000000
-5 -125 0.000000
-5 -120 0.000000
-5 -115 0.000000
-5 -110 0.000000
-5 -105 0.000000
-5 -100 0.000000
-5 -95 0.000000
-5 -90 0.000000
-5 -85 0.000000
-5 -80 0.000000
-5 -75 0.000000
-5 -70 0.000000
-5 -65 0.000000
-5 -60 0.000000
-5 -55 0.000000
-5 -50 0.000000
-5 -45 0.000000
-5 -40 0.000000
-5 -35 0.000000
-5 -30 0.000000
-5 -25 0.000000
-5 -20 0.000000
-5 -15 0.000000
-5 -10 0.000000
-5 -5 0.000000
-5 0 0.000000
-5 5 0.000000
-5 10 0.000000
-5 15 0.000000
-5 20 0.000000
-5 25 0.000000
-5 30 0.000000
-5 35 0.000000
-5 40 0.000000
-5 45 0.000000
-5 50 0.000000
-5 55 0.000000
-5 60 0.000000
-5 65 0.000000
-5 70 0.000000
-5 75 0.000000
-5 80 0.000000
-5 85 0.000000
-5 90 0.000000
-5 95 0.000000
-5 100 0.000000
-5 105 0.000000
-5 110 0.000000
-5 115 0.000000
-5 120 0.000000
-5 125 0.000000
-5 130 0.000000
-5 135 0.000000
-5 140 0.000000
-5 145 0.000000
-5 150 0.000000
-5 155 0.000000
-5 160 0.000000
-5 165 0.000000
-5 170 0.000000
-5 175 0.000000
0 -180 0.000000
0 -175 0.000000
0 -170 0.000000
0 -165 0.000000
0 -160 0.000000
0 -155 0.000000
0 -150 0.000000
0 -145 0.000000
0 -140 0.000000
0 -135 0.000000
0 -130 0.000000
0 -125 0.000000
0 -120 0.000000
0 -115 0.000000
0 -110 0.000000
0 -105 0.000000
0 -100 0.000000
0 -95 0.000000
0 -90 0.000000
0 -85 0.000000
0 -80 0.000000
0 -75 0.000000
0 -70 0.000000
0 -65 0.000000
0 -60 0.000000
0 -55 0.000000
0 -50 0.000000
0 -45 0.000000
0 -40 0.000000
0 -35 0.000000
0 -30 0.000000
0 -25 0.000000
0 -20 0.000000
0 -15 0.000000
0 -10 0.000000
0 -5 0.000000
0 0 0.000000
0 5 0.000000
0 10 0.000000
0 15 0.000000
0 20 0.000000
0 25 0.000000
0 30 0.000000
0 35 0.000000
0 40 0.000000
0 45 0.000000
0 50 0.000000
0 55 0.000000
0 60 0.000000
0 65 0.000000
0 70 0.000000
0 75 0.000000
0 80 0.000000
0 85 0.000000
0 90 0.000000
0 95 0.000000
0 100 0.000000
0 105 0.000000
0 110 0.000000
0 115 0.000000
0 120 0.000000
0 125 0.000000
0 130 0.000000
0 135 0.000000
0 140 0.000000
0 145 0.000000
0 150 0.000000
0 155 0.000000
0 160 0.000000
0 165 0.000000
0 170 0.000000
0 175 0.000000
5 -180 0.000000
5 -175 0.000000
5 -170 0.000000
5 -165 0.000000
5 -160 0.000000
5 -155 0.000000
5 -150 0.000000
5 -145 0.000000
5 -140 0.000000
5 -135 0.000000
5 -130 0.000000
5 -125 0.000000
5 -120 0.000000
5 -115 0.000000
5 -110 0.000000
5 -105 0.000000
5 -100 0.000000
5 -95 0.000000
5 -90 0.000000
5 -85 0.000000
5 -80 0.000000
5 -75 0.000000
5 -70 0.000000
5 -65 0.000000
5 -60 0.000000
5 -55 0.000000
5 -50 0.000000
5 -45 0.000000
5 -40 0.000000
5 -35 0.000000
5 -30 0.000000
5 -25 0.000000
5 -20 0.000000
5 -15 0.000000
5 -10 0.000000
5 -5 0.000000
5 0 0.000000
5 5 0.000000
5 10 0.000000
5 15 0.000000
5 20 0.000000
5 25 0.000000
5 30 0.000000
5 35 0.000000
5 40 0.000000
5 45 0.000000
5 50 0.000000
5 55 0.000000
5 60 0.000000
5 65 0.000000
5 70 0.000000
5 75 0.000000
5 80 0.000000
5 85 0.000000
5 90 0.000000
5 95 0.000000
5 100 0.000000
5 105 0.000000
5 110 0.000000
5 115 0.000000
5 120 0.000000
5 125 0.000000
5 130 0.000000
5 135 0.000000
5 140 0.000000
5 145 0.000000
5 150 0.000000
5 155 0.000000
5 160 0.000000
5 165 0.000000
5 170 0.000000
5 175 0.000000
10 -180 0.000000
10 -175 0.000000
10 -170 0.000000
10 -165 0.000000
10 -160 0.000000
10 -155 0.000000
10 -150 0.000000
10 -145 0.000000
10 -140 0.000000
10 -135 0.000000
10 -130 0.000000
10 -125 0.000000
10 -120 0.000000
10 -115 0.000000
10 -110 0.000000
10 -105 0.000000
10 -100 0.000000
10 -95 0.000000
10 -90 0.000000
10 -85 0.000000
10 -80 0.000000
10 -75 0.000000
10 -70 0.000000
10 -65 0.000000
10 -60 0.000000
10 -55 0.000000
10 -50 0.000000
10 -45 0.000000
10 -40 0.000000
10 -35 0.000000
10 -30 0.000000
10 -25 0.000000
10 -20 0.000000
10 -15 0.000000
10 -10 0.000000
10 -5 0.000000
10 0 0.000000
10 5 0.000000
10 10 0.000000
10 15 0.000000
10 20 0.000000
10 25 0.000000
10 30 0.000000
10 35 0.000000
10 40 0.000000
10 45 0.000000
10 50 0.000000
10 55 0.000000
10 60 0.000000
10 65 0.000000
10 70 0.000000
10 75 0.000000
10 80 0.000000
10 85 0.000000
10 90 0.000000
10 95 0.000000
10 100 0.000000
10 105 0.000000
10 110 0.000000
10 115 0.000000
10 120 0.000000
10 125 0.000000
10 130 0.000000
10 135 0.000000
10 140 0.000000
10 145 0.000000
10 150 0.000000
10 155 0.000000
10 160 0.000000
10 165 0.000000
10 170 0.000000
10 175 0.000000
15 -180 0.000000
15 -175 0.000000
15 -170 0.000000
15 -165 0.000000
15 -160 0.000000
15 -155 0.000000
15 -150 0.000000
15 -145 0.000000
15 -140 0.000000
15 -135 0.000000
15 -130 0.000000
15 -125 0.000000
15 -120 0.000000
15 -115 0.000000
15 -110 0.000000
15 -105 0.000000
15 -100 0.000000
15 -95 0.000000
15 -90 0.000000
15 -85 0.000000
15 -80 0.000000
15 -75 0.000000
15 -70 0.000000
15 -65 0.000000
15 -60 0.000000
15 -55 0.000000
15 -50 0.000000
15 -45 0.000000
15 -40 0.000000
15 -35 0.000000
15 -30 0.000000
15 -25 0.000000
15 -20 0.000000
15 -15 0.000000
15 -10 0.000000
15 -5 0.000000
15 0 0.000000
15 5 0.000000
15 10 0.000000
15 15 0.000000
15 20 0.000000
15 25 0.000000
15 30 0.000021
15 35 0.000090
15 40 0.000190
15 45 0.000316
15 50 0.000416
15 55 0.000433
15 60 0.000356
15 65 0.000230
15 70 0.000117
15 75 0.000040
15 80 0.000000
15 85 0.000000
15 90 0.000000
15 95 0.000000
15 100 0.000000
15 105 0.000000
15 110 0.000000
15 115 0.000000
15 120 0.000000
15 125 0.000000
15 130 0.000000
15 135 0.000000
15 140 0.000000
15 145 0.000000
15 150 0.000000
15 155 0.000000
15 160 0.000000
15 165 0.000000
15 170 0.000000
15 175 0.000000
20 -180 0.000000
20 -175 0.000000
20 -170 0.000000
20 -165 0.000000
20 -160 0.000000
20 -155 0.000000
20 -150 0.000000
20 -145 0.000000
20 -140 0.000000
20 -135 0.000000
20 -130 0.000000
20 -125 0.000000
20 -120 0.000000
20 -115 0.000000
20 -110 0.000000
20 -105 0.000000
20 -100 0.000000
20 -95 0.000000
20 -90 0.000000
20 -85 0.000000
20 -80 0.000000
20 -75 0.000000
20 -70 0.000000
20 -65 0.000000
20 -60 0.000000
20 -55 0.000000
20 -50 0.000000
20 -45 0.000000
20 -40 0.000000
20 -35 0.000000
20 -30 0.000000
20 -25 0.000000
20 -20 0.000000
20 -15 0.000000
20 -10 0.000000
20 -5 0.000000
20 0 0.000000
20 5 0.000000
20 10 0.000000
20 15 0.000005
20 20 0.000037
20 25 0.000083
20 30 0.000435
20 35 0.001456
20 40 0.002859
20 45 0.004582
20 50 0.005913
20 55 0.006088
20 60 0.004973
20 65 0.003203
20 70 0.001633
20 75 0.000560
20 80 0.000000
20 85 0.000000
20 90 0.000000
20 95 0.000000
20 100 0.000000
20 105 0.000000
20 110 0.000000
20 115 0.000000
20 120 0.000000
20 125 0.000000
20 130 0.000000
20 135 0.000000
20 140 0.000000
20 145 0.000000
20 150 0.000000
20 155 0.000000
20 160 0.000000
20 165 0.000000
20 170 0.000000
20 175 0.000000
25 -180 0.000000
25 -175 0.000000
25 -170 0.000000
25 -165 0.000000
25 -160 0.000000
25 -155 0.000000
25 -150 0.000000
25 -145 0.000000
25 -140 0.000000
25 -135 0.000000
25 -130 0.000000
25 -125 0.000000
25 -120 0.000000
25 -115 0.000000
25 -110 0.000000
25 -105 0.000000
25 -100 0.000000
25 -95 0.000000
25 -90 0.000000
25 -85 0.000000
25 -80 0.000000
25 -75 0.000000
25 -70 0.000000
25 -65 0.000000
25 -60 0.000000
25 -55 0.000000
25 -50 0.000000
25 -45 0.000000
25 -40 0.000000
25 -35 0.000000
25 -30 0.000000
25 -25 0.000000
25 -20 0.000000
25 -15 0.000000
25 -10 0.000000
25 -5 0.000000
25 0 0.000000
25 5 0.000000
25 10 0.000000
25 15 0.000426
25 20 0.002276
25 25 0.005577
25 30 0.011357
25 35 0.019440
25 40 0.027644
25 45 0.034059
25 50 0.036684
25 55 0.034304
25 60 0.027286
25 65 0.018025
25 70 0.010037
25 75 0.004287
25 80 0.001108
25 85 0.000180
25 90 0.000000
25 95 0.000000
25 100 0.000000
25 105 0.000000
25 110 0.000000
25 115 0.000000
25 120 0.000000
25 125 0.000000
25 130 0.000000
25 135 0.000000
25 140 0.000000
25 145 0.000000
25 150 0.000000
25 155 0.000000
25 160 0.000000
25 165 0.000000
25 170 0.000000
25 175 0.000000
30 -180 0.000000
30 -175 0.000000
30 -170 0.000000
30 -165 0.000000
30 -160 0.000000
30 -155 0.000000
30 -150 0.000000
30 -145 0.000000
30 -140 0.000000
30 -135 0.000000
30 -130 0.000000
30 -125 0.000000
30 -120 0.000000
30 -115 0.000000
30 -110 0.000000
30 -105 0.000000
30 -100 0.000000
30 -95 0.000000
30 -90 0.000000
30 -85 0.000000
30 -80 0.000000
30 -75 0.000000
30 -70 0.000000
30 -65 0.000000
30 -60 0.000000
30 -55 0.000000
30 -50 0.000000
30 -45 0.000000
30 -40 0.000000
30 -35 0.000000
30 -30 0.000000
30 -25 0.000000
30 -20 0.000000
30 -15 0.000000
30 -10 0.000000
30 -5 0.000000
30 0 0.000000
30 5 0.000000
30 10 0.000200
30 15 0.002117
30 20 0.010553
30 25 0.028864
30 30 0.059873
30 35 0.100392
30 40 0.140131
30 45 0.165223
30 50 0.166756
30 55 0.144753
30 60 0.107587
30 65 0.067055
30 70 0.034790
30 75 0.014259
30 80 0.004147
30 85 0.000542
30 90 0.000000
30 95 0.000000
30 100 0.000000
30 105 0.000000
30 110 0.000000
30 115 0.000000
30 120 0.000000
30 125 0.000000
30 130 0.000000
30 135 0.000000
30 140 0.000000
30 145 0.000000
30 150 0.000000
30 155 0.000000
30 160 0.000000
30 165 0.000000
30 170 0.000000
30 175 0.000000
35 -180 0.000000
35 -175 0.000000
35 -170 0.000000
35 -165 0.000517
35 -160 0.001272
35 -155 0.002395
35 -150 0.003551
35 -145 0.004295
35 -140 0.004263
35 -135 0.003773
35 -130 0.003444
35 -125 0.003646
35 -120 0.003916
35 -115 0.004541
35 -110 0.004788
35 -105 0.004362
35 -100 0.003271
35 -95 0.002028
35 -90 0.000998
35 -85 0.000331
35 -80 0.000000
35 -75 0.000000
35 -70 0.000000
35 -65 0.000000
35 -60 0.000000
35 -55 0.000000
35 -50 0.000000
35 -45 0.000000
35 -40 0.000000
35 -35 0.000000
35 -30 0.000000
35 -25 0.000000
35 -20 0.000000
35 -15 0.000000
35 -10 0.000000
35 -5 0.000000
35 0 0.000239
35 5 0.000579
35 10 0.002134
35 15 0.009167
35 20 0.035978
35 25 0.093015
35 30 0.184387
35 35 0.299627
35 40 0.406570
35 45 0.465455
35 50 0.455378
35 55 0.383163
35 60 0.277010
35 65 0.168300
35 70 0.085028
35 75 0.034833
35 80 0.010228
35 85 0.001389
35 90 0.000000
35 95 0.000000
35 100 0.000000
35 105 0.000000
35 110 0.000000
35 115 0.000000
35 120 0.000000
35 125 0.000000
35 130 0.000000
35 135 0.000000
35 140 0.000000
35 145 0.000000
35 150 0.000000
35 155 0.000000
35 160 0.000000
35 165 0.000000
35 170 0.000000
35 175 0.000000
40 -180 0.003152
40 -175 0.002795
40 -170 0.001934
40 -165 0.002484
40 -160 0.003987
40 -155 0.006685
40 -150 0.009975
40 -145 0.012571
40 -140 0.014221
40 -135 0.015547
40 -130 0.018015
40 -125 0.021499
40 -120 0.023190
40 -115 0.023339
40 -110 0.020816
40 -105 0.016341
40 -100 0.010892
40 -95 0.006006
40 -90 0.002822
40 -85 0.000937
40 -80 0.000000
40 -75 0.000000
40 -70 0.000000
40 -65 0.000000
40 -60 0.000000
40 -55 0.000000
40 -50 0.000000
40 -45 0.000000
40 -40 0.000000
40 -35 0.000000
40 -30 0.000000
40 -25 0.000000
40 -20 0.000000
40 -15 0.000082
40 -10 0.000406
40 -5 0.001604
40 0 0.005507
40 5 0.011266
40 10 0.021812
40 15 0.047700
40 20 0.114395
40 25 0.243112
40 30 0.435983
40 35 0.666215
40 40 0.865285
40 45 0.956043
40 50 0.907325
40 55 0.743308
40 60 0.524815
40 65 0.313920
40 70 0.156958
40 75 0.065334
40 80 0.020560
40 85 0.003777
40 90 0.000584
40 95 0.000271
40 100 0.000052
40 105 0.000000
40 110 0.000000
40 115 0.000000
40 120 0.000000
40 125 0.000000
40 130 0.000000
40 135 0.000000
40 140 0.000000
40 145 0.000000
40 150 0.000000
40 155 0.000000
40 160 0.000419
40 165 0.001014
40 170 0.001898
40 175 0.002770
45 -180 0.010037
45 -175 0.008902
45 -170 0.006157
45 -165 0.006121
45 -160 0.008290
45 -155 0.012994
45 -150 0.019408
45 -145 0.024693
45 -140 0.028753
45 -135 0.032644
45 -130 0.039109
45 -125 0.047332
45 -120 0.051095
45 -115 0.050600
45 -110 0.044108
45 -105 0.033791
45 -100 0.022023
45 -95 0.011825
45 -90 0.005498
45 -85 0.001826
45 -80 0.000000
45 -75 0.000000
45 -70 0.000000
45 -65 0.000000
45 -60 0.000000
45 -55 0.000000
45 -50 0.000000
45 -45 0.000000
45 -40 0.000000
45 -35 0.000000
45 -30 0.000000
45 -25 0.000000
45 -20 0.000000
45 -15 0.000799
45 -10 0.003222
45 -5 0.010138
45 0 0.025597
45 5 0.049649
45 10 0.085927
45 15 0.152670
45 20 0.283595
45 25 0.509055
45 30 0.822555
45 35 1.176127
45 40 1.459707
45 45 1.560185
45 50 1.441865
45 55 1.156550
45 60 0.802335
45 65 0.475700
45 70 0.238099
45 75 0.102712
45 80 0.035955
45 85 0.009614
45 90 0.003061
45 95 0.001420
45 100 0.000271
45 105 0.000000
45 110 0.000000
45 115 0.000000
45 120 0.000000
45 125 0.000000
45 130 0.000000
45 135 0.000000
45 140 0.000000
45 145 0.000000
45 150 0.000000
45 155 0.000000
45 160 0.001334
45 165 0.003228
45 170 0.006045
45 175 0.008823
50 -180 0.020065
50 -175 0.017796
50 -170 0.012310
50 -165 0.010913
50 -160 0.013313
50 -155 0.019844
50 -150 0.029682
50 -145 0.038180
50 -140 0.045857
50 -135 0.054080
50 -130 0.066835
50 -125 0.081889
50 -120 0.088444
50 -115 0.086331
50 -110 0.073679
50 -105 0.055127
50 -100 0.035117
50 -95 0.018336
50 -90 0.008424
50 -85 0.002797
50 -80 0.000000
50 -75 0.000000
50 -70 0.000000
50 -65 0.000000
50 -60 0.000000
50 -55 0.000000
50 -50 0.000000
50 -45 0.000000
50 -40 0.000000
50 -35 0.000000
50 -30 0.000000
50 -25 0.000004
50 -20 0.000147
50 -15 0.002510
50 -10 0.008826
50 -5 0.025952
50 0 0.061043
50 5 0.115739
50 10 0.193102
50 15 0.318837
50 20 0.525562
50 25 0.846465
50 30 1.260747
50 35 1.699990
50 40 2.019995
50 45 2.089435
50 50 1.881407
50 55 1.479065
50 60 1.009005
50 65 0.594102
50 70 0.298730
50 75 0.133726
50 80 0.051078
50 85 0.017076
50 90 0.006601
50 95 0.003061
50 100 0.000584
50 105 0.000000
50 110 0.000000
50 115 0.000000
50 120 0.000000
50 125 0.000000
50 130 0.000000
50 135 0.000000
50 140 0.000000
50 145 0.000000
50 150 0.000000
50 155 0.000000
50 160 0.002667
50 165 0.006453
50 170 0.012085
50 175 0.017638
55 -180 0.031649
55 -175 0.028071
55 -170 0.019416
55 -165 0.015606
55 -160 0.017043
55 -155 0.023854
55 -150 0.035734
55 -145 0.046541
55 -140 0.057838
55 -135 0.070918
55 -130 0.090291
55 -125 0.111892
55 -120 0.120912
55 -115 0.116469
55 -110 0.097420
55 -105 0.071195
55 -100 0.044287
55 -95 0.022422
55 -90 0.010162
55 -85 0.003374
55 -80 0.000000
55 -75 0.000205
55 -70 0.000531
55 -65 0.001013
55 -60 0.001513
55 -55 0.001771
55 -50 0.001627
55 -45 0.001175
55 -40 0.000667
55 -35 0.000299
55 -30 0.000167
55 -25 0.000444
55 -20 0.002485
55 -15 0.009398
55 -10 0.024751
55 -5 0.059477
55 0 0.122045
55 5 0.216886
55 10 0.343855
55 15 0.534312
55 20 0.806753
55 25 1.185695
55 30 1.633345
55 35 2.067353
55 40 2.336145
55 45 2.324413
55 50 2.029577
55 55 1.560320
55 60 1.045948
55 65 0.614163
55 70 0.313723
55 75 0.148309
55 80 0.063116
55 85 0.025695
55 90 0.011251
55 95 0.005218
55 100 0.000995
55 105 0.000000
55 110 0.000000
55 115 0.000000
55 120 0.000000
55 125 0.000000
55 130 0.000000
55 135 0.000000
55 140 0.000000
55 145 0.000000
55 150 0.000000
55 155 0.000000
55 160 0.004207
55 165 0.010179
55 170 0.019062
55 175 0.027821
60 -180 0.039435
60 -175 0.034976
60 -170 0.024193
60 -165 0.017910
60 -160 0.017453
60 -155 0.022605
60 -150 0.033914
60 -145 0.044788
60 -140 0.057737
60 -135 0.073592
60 -130 0.096336
60 -125 0.120615
60 -120 0.130407
60 -115 0.124134
60 -110 0.101911
60 -105 0.072802
60 -100 0.044209
60 -95 0.021651
60 -90 0.009667
60 -85 0.003210
60 -80 0.000000
60 -75 0.000928
60 -70 0.002404
60 -65 0.004585
60 -60 0.006846
60 -55 0.008013
60 -50 0.007360
60 -45 0.005314
60 -40 0.003020
60 -35 0.001353
60 -30 0.000814
60 -25 0.002072
60 -20 0.007779
60 -15 0.021961
60 -10 0.049619
60 -5 0.104530
60 0 0.193915
60 5 0.325823
60 10 0.494288
60 15 0.730627
60 20 1.030625
60 25 1.400990
60 30 1.791453
60 35 2.120920
60 40 2.264438
60 45 2.152497
60 50 1.811220
60 55 1.356990
60 60 0.892422
60 65 0.525127
60 70 0.275985
60 75 0.140085
60 80 0.067190
60 85 0.031922
60 90 0.015145
60 95 0.007024
60 100 0.001339
60 105 0.000000
60 110 0.000000
60 115 0.000000
60 120 0.000000
60 125 0.000000
60 130 0.000000
60 135 0.000000
60 140 0.000000
60 145 0.000000
60 150 0.000000
60 155 0.000000
60 160 0.005242
60 165 0.012683
60 170 0.023752
60 175 0.034665
65 -180 0.038849
65 -175 0.034456
65 -170 0.023833
65 -165 0.016487
65 -160 0.014347
65 -155 0.016911
65 -150 0.025408
65 -145 0.034062
65 -140 0.045631
65 -135 0.060390
65 -130 0.081087
65 -125 0.102455
65 -120 0.110833
65 -115 0.104410
65 -110 0.084280
65 -105 0.058929
65 -100 0.034946
65 -95 0.016525
65 -90 0.007261
65 -85 0.002411
65 -80 0.000000
65 -75 0.001966
65 -70 0.005090
65 -65 0.009708
65 -60 0.014497
65 -55 0.016967
65 -50 0.015585
65 -45 0.011252
65 -40 0.006394
65 -35 0.002864
65 -30 0.001740
65 -25 0.004400
65 -20 0.015326
65 -15 0.038159
65 -10 0.078825
65 -5 0.150250
65 0 0.254922
65 5 0.402998
65 10 0.582923
65 15 0.821075
65 20 1.094183
65 25 1.391342
65 30 1.661380
65 35 1.838297
65 40 1.844855
65 45 1.663503
65 50 1.338222
65 55 0.971892
65 60 0.624995
65 65 0.370507
65 70 0.202963
65 75 0.112013
65 80 0.060499
65 85 0.032151
65 90 0.016081
65 95 0.007458
65 100 0.001422
65 105 0.000000
65 110 0.000000
65 115 0.000000
65 120 0.000000
65 125 0.000000
65 130 0.000000
65 135 0.000000
65 140 0.000000
65 145 0.000000
65 150 0.000000
65 155 0.000000
65 160 0.005165
65 165 0.012495
65 170 0.023399
65 175 0.034149
70 -180 0.030272
70 -175 0.026849
70 -170 0.018572
70 -165 0.012162
70 -160 0.009492
70 -155 0.010001
70 -150 0.015043
70 -145 0.020488
70 -140 0.028551
70 -135 0.039153
70 -130 0.053786
70 -125 0.068510
70 -120 0.074154
70 -115 0.069233
70 -110 0.055050
70 -105 0.037736
70 -100 0.021874
70 -95 0.009976
70 -90 0.004311
70 -85 0.001431
70 -80 0.000000
70 -75 0.003293
70 -70 0.008526
70 -65 0.016261
70 -60 0.024281
70 -55 0.028418
70 -50 0.026104
70 -45 0.018846
70 -40 0.010709
70 -35 0.004797
70 -30 0.002942
70 -25 0.007397
70 -20 0.023979
70 -15 0.054631
70 -10 0.104977
70 -5 0.182789
70 0 0.284310
70 5 0.418790
70 10 0.572198
70 15 0.764113
70 20 0.965403
70 25 1.156527
70 30 1.296820
70 35 1.342123
70 40 1.261135
70 45 1.070933
70 50 0.815433
70 55 0.569538
70 60 0.355695
70 65 0.213363
70 70 0.123140
70 75 0.074401
70 80 0.044799
70 85 0.025883
70 90 0.013448
70 95 0.006237
70 100 0.001189
70 105 0.000000
70 110 0.000000
70 115 0.000000
70 120 0.000000
70 125 0.000000
70 130 0.000000
70 135 0.000000
70 140 0.000000
70 145 0.000000
70 150 0.000000
70 155 0.000000
70 160 0.004024
70 165 0.009736
70 170 0.018233
70 175 0.026610
75 -180 0.018658
75 -175 0.016549
75 -170 0.011447
75 -165 0.007176
75 -160 0.005061
75 -155 0.004680
75 -150 0.007043
75 -145 0.009749
75 -140 0.014135
75 -135 0.020036
75 -130 0.028087
75 -125 0.036032
75 -120 0.039025
75 -115 0.036158
75 -110 0.028373
75 -105 0.019101
75 -100 0.010837
75 -95 0.004763
75 -90 0.002024
75 -85 0.000672
75 -80 0.000000
75 -75 0.004360
75 -70 0.011289
75 -65 0.021532
75 -60 0.032152
75 -55 0.037631
75 -50 0.034567
75 -45 0.024955
75 -40 0.014181
75 -35 0.006352
75 -30 0.003929
75 -25 0.009833
75 -20 0.029792
75 -15 0.063795
75 -10 0.115976
75 -5 0.187317
75 0 0.269575
75 5 0.368730
75 10 0.472025
75 15 0.593250
75 20 0.709725
75 25 0.802528
75 30 0.846145
75 35 0.816013
75 40 0.710085
75 45 0.557503
75 50 0.391650
75 55 0.257638
75 60 0.153672
75 65 0.094620
75 70 0.059470
75 75 0.040279
75 80 0.026893
75 85 0.016590
75 90 0.008845
75 95 0.004102
75 100 0.000782
75 105 0.000000
75 110 0.000000
75 115 0.000000
75 120 0.000000
75 125 0.000000
75 130 0.000000
75 135 0.000000
75 140 0.000000
75 145 0.000000
75 150 0.000000
75 155 0.000000
75 160 0.002480
75 165 0.006001
75 170 0.011238
75 175 0.016401
80 -180 0.009092
80 -175 0.008064
80 -170 0.005578
80 -165 0.003211
80 -160 0.001763
80 -155 0.000956
80 -150 0.001456
80 -145 0.002275
80 -140 0.004150
80 -135 0.006860
80 -130 0.010421
80 -125 0.013713
80 -120 0.014874
80 -115 0.013388
80 -110 0.009974
80 -105 0.006220
80 -100 0.003185
80 -95 0.001140
80 -90 0.000428
80 -85 0.000142
80 -80 0.000000
80 -75 0.004560
80 -70 0.011808
80 -65 0.022522
80 -60 0.033631
80 -55 0.039361
80 -50 0.036156
80 -45 0.026103
80 -40 0.014833
80 -35 0.006644
80 -30 0.004142
80 -25 0.010326
80 -20 0.029382
80 -15 0.060239
80 -10 0.105055
80 -5 0.160030
80 0 0.216008
80 5 0.275545
80 10 0.329242
80 15 0.386348
80 20 0.434705
80 25 0.462190
80 30 0.456697
80 35 0.406680
80 40 0.321950
80 45 0.226149
80 50 0.138293
80 55 0.080461
80 60 0.042677
80 65 0.027999
80 70 0.020747
80 75 0.016608
80 80 0.012750
80 85 0.008328
80 90 0.004569
80 95 0.002119
80 100 0.000404
80 105 0.000000
80 110 0.000000
80 115 0.000000
80 120 0.000000
80 125 0.000000
80 130 0.000000
80 135 0.000000
80 140 0.000000
80 145 0.000000
80 150 0.000000
80 155 0.000000
80 160 0.001209
80 165 0.002924
80 170 0.005476
80 175 0.007992
85 -180 0.002476
85 -175 0.002196
85 -170 0.001519
85 -165 0.000820
85 -160 0.000345
85 -155 0.000007
85 -150 0.000000
85 -145 0.000002
85 -140 0.000064
85 -135 0.000152
85 -130 0.000279
85 -125 0.000400
85 -120 0.000449
85 -115 0.000393
85 -110 0.000269
85 -105 0.000143
85 -100 0.000059
85 -95 0.000000
85 -90 0.000000
85 -85 0.000000
85 -80 0.000000
85 -75 0.003763
85 -70 0.009745
85 -65 0.018586
85 -60 0.027752
85 -55 0.032481
85 -50 0.029836
85 -45 0.021540
85 -40 0.012240
85 -35 0.005483
85 -30 0.003442
85 -25 0.008553
85 -20 0.022987
85 -15 0.045670
85 -10 0.077125
85 -5 0.112130
85 0 0.143280
85 5 0.171133
85 10 0.189931
85 15 0.204868
85 20 0.213569
85 25 0.210873
85 30 0.193003
85 35 0.156685
85 40 0.110940
85 45 0.067704
85 50 0.033247
85 55 0.015550
85 60 0.006375
85 65 0.005218
85 70 0.005134
85 75 0.004945
85 80 0.004228
85 85 0.002911
85 90 0.001661
85 95 0.000770
85 100 0.000147
85 105 0.000000
85 110 0.000000
85 115 0.000000
85 120 0.000000
85 125 0.000000
85 130 0.000000
85 135 0.000000
85 140 0.000000
85 145 0.000000
85 150 0.000000
85 155 0.000000
85 160 0.000329
85 165 0.000796
85 170 0.001491
85 175 0.002177
90 -180 0.000000
90 -175 0.000000
90 -170 0.000000
90 -165 0.000000
90 -160 0.000000
90 -155 0.000000
90 -150 0.000000
90 -145 0.000000
90 -140 0.000000
90 -135 0.000000
90 -130 0.000000
90 -125 0.000000
90 -120 0.000000
90 -115 0.000000
90 -110 0.000000
90 -105 0.000000
90 -100 0.000000
90 -95 0.000000
90 -90 0.000000
90 -85 0.000000
90 -80 0.000000
90 -75 0.002447
90 -70 0.006335
90 -65 0.012083
90 -60 0.018043
90 -55 0.021117
90 -50 0.019398
90 -45 0.014004
90 -40 0.007958
90 -35 0.003565
90 -30 0.002252
90 -25 0.005579
90 -20 0.014251
90 -15 0.027512
90 -10 0.045015
90 -5 0.062489
90 0 0.075798
90 5 0.084028
90 10 0.084823
90 15 0.081328
90 20 0.075647
90 25 0.067494
90 30 0.056832
90 35 0.042584
90 40 0.027929
90 45 0.015379
90 50 0.006027
90 55 0.002009
90 60 0.000000
90 65 0.000000
90 70 0.000000
90 75 0.000000
90 80 0.000000
90 85 0.000000
90 90 0.000000
90 95 0.000000
90 100 0.000000
90 105 0.000000
90 110 0.000000
90 115 0.000000
90 120 0.000000
90 125 0.000000
90 130 0.000000
90 135 0.000000
90 140 0.000000
90 145 0.000000
90 150 0.000000
90 155 0.000000
90 160 0.000000
90 165 0.000000
90 170 0.000000
90 175 0.000000
95 -180 0.000000
95 -175 0.000000
95 -170 0.000000
95 -165 0.000000
95 -160 0.000000
95 -155 0.000000
95 -150 0.000000
95 -145 0.000000
95 -140 0.000000
95 -135 0.000000
95 -130 0.000000
95 -125 0.000000
95 -120 0.000000
95 -115 0.000000
95 -110 0.000000
95 -105 0.000000
95 -100 0.000000
95 -95 0.000000
95 -90 0.000000
95 -85 0.000000
95 -80 0.000000
95 -75 0.001251
95 -70 0.003240
95 -65 0.006180
95 -60 0.009228
95 -55 0.010800
95 -50 0.009921
95 -45 0.007162
95 -40 0.004070
95 -35 0.001823
95 -30 0.001158
95 -25 0.002861
95 -20 0.006944
95 -15 0.013111
95 -10 0.021022
95 -5 0.028285
95 0 0.033055
95 5 0.034747
95 10 0.032429
95 15 0.027810
95 20 0.023038
95 25 0.018746
95 30 0.014964
95 35 0.010897
95 40 0.007263
95 45 0.004095
95 50 0.001547
95 55 0.000549
95 60 0.000000
95 65 0.000000
95 70 0.000000
95 75 0.000000
95 80 0.000000
95 85 0.000000
95 90 0.000000
95 95 0.000000
95 100 0.000000
95 105 0.000000
95 110 0.000000
95 115 0.000000
95 120 0.000000
95 125 0.000000
95 130 0.000000
95 135 0.000000
95 140 0.000000
95 145 0.000000
95 150 0.000000
95 155 0.000000
95 160 0.000000
95 165 0.000000
95 170 0.000000
95 175 0.000000
100 -180 0.000000
100 -175 0.000000
100 -170 0.000000
100 -165 0.000000
100 -160 0.000000
100 -155 0.000000
100 -150 0.000000
100 -145 0.000000
100 -140 0.000000
100 -135 0.000000
100 -130 0.000000
100 -125 0.000000
100 -120 0.000000
100 -115 0.000000
100 -110 0.000000
100 -105 0.000000
100 -100 0.000000
100 -95 0.000000
100 -90 0.000000
100 -85 0.000000
100 -80 0.000000
100 -75 0.000436
100 -70 0.001129
100 -65 0.002154
100 -60 0.003216
100 -55 0.003764
100 -50 0.003457
100 -45 0.002496
100 -40 0.001418
100 -35 0.000635
100 -30 0.000413
100 -25 0.001011
100 -20 0.002006
100 -15 0.003611
100 -10 0.005421
100 -5 0.006899
100 0 0.007872
100 5 0.008234
100 10 0.007597
100 15 0.006119
100 20 0.004532
100 25 0.003193
100 30 0.001926
100 35 0.001036
100 40 0.000549
100 45 0.000229
100 50 0.000000
100 55 0.000000
100 60 0.000000
100 65 0.000000
100 70 0.000000
100 75 0.000000
100 80 0.000000
100 85 0.000000
100 90 0.000000
100 95 0.000000
100 100 0.000000
100 105 0.000000
100 110 0.000000
100 115 0.000000
100 120 0.000000
100 125 0.000000
100 130 0.000000
100 135 0.000000
100 140 0.000000
100 145 0.000000
100 150 0.000000
100 155 0.000000
100 160 0.000000
100 165 0.000000
100 170 0.000000
100 175 0.000000
105 -180 0.000000
105 -175 0.000000
105 -170 0.000000
105 -165 0.000000
105 -160 0.000000
105 -155 0.000000
105 -150 0.000000
105 -145 0.000000
105 -140 0.000000
105 -135 0.000000
105 -130 0.000000
105 -125 0.000000
105 -120 0.000000
105 -115 0.000000
105 -110 0.000000
105 -105 0.000000
105 -100 0.000000
105 -95 0.000000
105 -90 0.000000
105 -85 0.000000
105 -80 0.000000
105 -75 0.000000
105 -70 0.000000
105 -65 0.000000
105 -60 0.000000
105 -55 0.000000
105 -50 0.000000
105 -45 0.000000
105 -40 0.000000
105 -35 0.000000
105 -30 0.000000
105 -25 0.000000
105 -20 0.000000
105 -15 0.000034
105 -10 0.000109
105 -5 0.000218
105 0 0.000343
105 5 0.000428
105 10 0.000422
105 15 0.000329
105 20 0.000202
105 25 0.000099
105 30 0.000027
105 35 0.000000
105 40 0.000000
105 45 0.000000
105 50 0.000000
105 55 0.000000
105 60 0.000000
105 65 0.000000
105 70 0.000000
105 75 0.000000
105 80 0.000000
105 85 0.000000
105 90 0.000000
105 95 0.000000
105 100 0.000000
105 105 0.000000
105 110 0.000000
105 115 0.000000
105 120 0.000000
105 125 0.000000
105 130 0.000000
105 135 0.000000
105 140 0.000000
105 145 0.000000
105 150 0.000000
105 155 0.000000
105 160 0.000000
105 165 0.000000
105 170 0.000000
105 175 0.000000
110 -180 0.000000
110 -175 0.000000
110 -170 0.000000
110 -165 0.000000
110 -160 0.000000
110 -155 0.000000
110 -150 0.000000
110 -145 0.000000
110 -140 0.000000
110 -135 0.000000
110 -130 0.000000
110 -125 0.000000
110 -120 0.000000
110 -115 0.000000
110 -110 0.000000
110 -105 0.000000
110 -100 0.000000
110 -95 0.000000
110 -90 0.000000
110 -85 0.000000
110 -80 0.000000
110 -75 0.000000
110 -70 0.000000
110 -65 0.000000
110 -60 0.000000
110 -55 0.000000
110 -50 0.000000
110 -45 0.000000
110 -40 0.000000
110 -35 0.000000
110 -30 0.000000
110 -25 0.000000
110 -20 0.000000
110 -15 0.000000
110 -10 0.000000
110 -5 0.000000
110 0 0.000000
110 5 0.000000
110 10 0.000000
110 15 0.000000
110 20 0.000000
110 25 0.000000
110 30 0.000000
110 35 0.000000
110 40 0.000000
110 45 0.000000
110 50 0.000000
110 55 0.000000
110 60 0.000000
110 65 0.000000
110 70 0.000000
110 75 0.000000
110 80 0.000000
110 85 0.000000
110 90 0.000000
110 95 0.000000
110 100 0.000000
110 105 0.000000
110 110 0.000000
110 115 0.000000
110 120 0.000000
110 125 0.000000
110 130 0.000000
110 135 0.000000
110 140 0.000000
110 145 0.000000
110 150 0.000000
110 155 0.000000
110 160 0.000000
110 165 0.000000
110 170 0.000000
110 175 0.000000
115 -180 0.000000
115 -175 0.000000
115 -170 0.000000
115 -165 0.000000
115 -160 0.000000
115 -155 0.000000
115 -150 0.000000
115 -145 0.000000
115 -140 0.000000
115 -135 0.000000
115 -130 0.000000
115 -125 0.000000
115 -120 0.000000
115 -115 0.000000
115 -110 0.000000
115 -105 0.000000
115 -100 0.000000
115 -95 0.000000
115 -90 0.000000
115 -85 0.000000
115 -80 0.000000
115 -75 0.000000
115 -70 0.000000
115 -65 0.000000
115 -60 0.000000
115 -55 0.000000
115 -50 0.000000
115 -45 0.000000
115 -40 0.000000
115 -35 0.000000
115 -30 0.000000
115 -25 0.000000
115 -20 0.000000
115 -15 0.000000
115 -10 0.000000
115 -5 0.000000
115 0 0.000000
115 5 0.000000
115 10 0.000000
115 15 0.000000
115 20 0.000000
115 25 0.000000
115 30 0.000000
115 35 0.000000
115 40 0.000000
115 45 0.000000
115 50 0.000000
115 55 0.000000
115 60 0.000000
115 65 0.000000
115 70 0.000000
115 75 0.000000
115 80 0.000000
115 85 0.000000
115 90 0.000000
115 95 0.000000
115 100 0.000000
115 105 0.000000
115 110 0.000000
115 115 0.000000
115 120 0.000000
115 125 0.000000
115 130 0.000000
115 135 0.000000
115 140 0.000000
115 145 0.000000
115 150 0.000000
115 155 0.000000
115 160 0.000000
115 165 0.000000
115 170 0.000000
115 175 0.000000
120 -180 0.000000
120 -175 0.000000
120 -170 0.000000
120 -165 0.000000
120 -160 0.000000
120 -155 0.000000
120 -150 0.000000
120 -145 0.000000
120 -140 0.000000
120 -135 0.000000
120 -130 0.000000
120 -125 0.000000
120 -120 0.000000
120 -115 0.000000
120 -110 0.000000
120 -105 0.000000
120 -100 0.000000
120 -95 0.000000
120 -90 0.000000
120 -85 0.000000
120 -80 0.000000
120 -75 0.000000
120 -70 0.000000
120 -65 0.000000
120 -60 0.000000
120 -55 0.000000
120 -50 0.000000
120 -45 0.000000
120 -40 0.000000
120 -35 0.000000
120 -30 0.000000
120 -25 0.000000
120 -20 0.000000
120 -15 0.000000
120 -10 0.000000
120 -5 0.000000
120 0 0.000000
120 5 0.000000
120 10 0.000000
120 15 0.000000
120 20 0.000000
120 25 0.000000
120 30 0.000000
120 35 0.000000
120 40 0.000000
120 45 0.000000
120 50 0.000000
120 55 0.000000
120 60 0.000000
120 65 0.000000
120 70 0.000000
120 75 0.000000
120 80 0.000000
120 85 0.000000
120 90 0.000000
120 95 0.000000
120 100 0.000000
120 105 0.000000
120 110 0.000000
120 115 0.000000
120 120 0.000000
120 125 0.000000
120 130 0.000000
120 135 0.000000
120 140 0.000000
120 145 0.000000
120 150 0.000000
120 155 0.000000
120 160 0.000000
120 165 0.000000
120 170 0.000000
120 175 0.000000
125 -180 0.000000
125 -175 0.000000
125 -170 0.000000
125 -165 0.000000
125 -160 0.000000
125 -155 0.000000
125 -150 0.000000
125 -145 0.000000
125 -140 0.000000
125 -135 0.000000
125 -130 0.000000
125 -125 0.000000
125 -120 0.000000
125 -115 0.000000
125 -110 0.000000
125 -105 0.000000
125 -100 0.000000
125 -95 0.000000
125 -90 0.000000
125 -85 0.000000
125 -80 0.000000
125 -75 0.000000
125 -70 0.000000
125 -65 0.000000
125 -60 0.000000
125 -55 0.000000
125 -50 0.000000
125 -45 0.000000
125 -40 0.000000
125 -35 0.000000
125 -30 0.000000
125 -25 0.000000
125 -20 0.000000
125 -15 0.000000
125 -10 0.000000
125 -5 0.000000
125 0 0.000000
125 5 0.000000
125 10 0.000000
125 15 0.000000
125 20 0.000000
125 25 0.000000
125 30 0.000000
125 35 0.000000
125 40 0.000000
125 45 0.000000
125 50 0.000000
125 55 0.000000
125 60 0.000000
125 65 0.000000
125 70 0.000000
125 75 0.000000
125 80 0.000000
125 85 0.000000
125 90 0.000000
125 95 0.000000
125 100 0.000000
125 105 0.000000
125 110 0.000000
125 115 0.000000
125 120 0.000000
125 125 0.000000
125 130 0.000000
125 135 0.000000
125 140 0.000000
125 145 0.000000
125 150 0.000000
125 155 0.000000
125 160 0.000000
125 165 0.000000
125 170 0.000000
125 175 0.000000
130 -180 0.000000
130 -175 0.000000
130 -170 0.000000
130 -165 0.000000
130 -160 0.000000
130 -155 0.000000
130 -150 0.000000
130 -145 0.000000
130 -140 0.000000
130 -135 0.000000
130 -130 0.000000
130 -125 0.000000
130 -120 0.000000
130 -115 0.000000
130 -110 0.000000
130 -105 0.000000
130 -100 0.000000
130 -95 0.000000
130 -90 0.000000
130 -85 0.000000
130 -80 0.000000
130 -75 0.000000
130 -70 0.000000
130 -65 0.000000
130 -60 0.000000
130 -55 0.000000
130 -50 0.000000
130 -45 0.000000
130 -40 0.000000
130 -35 0.000000
130 -30 0.000000
130 -25 0.000000
130 -20 0.000000
130 -15 0.000000
130 -10 0.000000
130 -5 0.000000
130 0 0.000000
130 5 0.000000
130 10 0.000000
130 15 0.000000
130 20 0.000000
130 25 0.000000
130 30 0.000000
130 35 0.000000
130 40 0.000000
130 45 0.000000
130 50 0.000000
130 55 0.000000
130 60 0.000000
130 65 0.000000
130 70 0.000000
130 75 0.000000
130 80 0.000000
130 85 0.000000
130 90 0.000000
130 95 0.000000
130 100 0.000000
130 105 0.000000
130 110 0.000000
130 115 0.000000
130 120 0.000000
130 125 0.000000
130 130 0.000000
130 135 0.000000
130 140 0.000000
130 145 0.000000
130 150 0.000000
130 155 0.000000
130 160 0.000000
130 165 0.000000
130 170 0.000000
130 175 0.000000
135 -180 0.000000
135 -175 0.000000
135 -170 0.000000
135 -165 0.000000
135 -160 0.000000
135 -155 0.000000
135 -150 0.000000
135 -145 0.000000
135 -140 0.000000
135 -135 0.000000
135 -130 0.000000
135 -125 0.000000
135 -120 0.000000
135 -115 0.000000
135 -110 0.000000
135 -105 0.000000
135 -100 0.000000
135 -95 0.000000
135 -90 0.000000
135 -85 0.000000
135 -80 0.000000
135 -75 0.000000
135 -70 0.000000
135 -65 0.000000
135 -60 0.000000
135 -55 0.000000
135 -50 0.000000
135 -45 0.000000
135 -40 0.000000
135 -35 0.000000
135 -30 0.000000
135 -25 0.000000
135 -20 0.000000
135 -15 0.000000
135 -10 0.000000
135 -5 0.000000
135 0 0.000000
135 5 0.000000
135 10 0.000000
135 15 0.000000
135 20 0.000000
135 25 0.000000
135 30 0.000000
135 35 0.000000
135 40 0.000000
135 45 0.000000
135 50 0.000000
135 55 0.000000
135 60 0.000000
135 65 0.000000
135 70 0.000000
135 75 0.000000
135 80 0.000000
135 85 0.000000
135 90 0.000000
135 95 0.000000
135 100 0.000000
135 105 0.000000
135 110 0.000000
135 115 0.000000
135 120 0.000000
135 125 0.000000
135 130 0.000000
135 135 0.000000
135 140 0.000000
135 145 0.000000
135 150 0.000000
135 155 0.000000
135 160 0.000000
135 165 0.000000
135 170 0.000000
135 175 0.000000
140 -180 0.000000
140 -175 0.000000
140 -170 0.000000
140 -165 0.000000
140 -160 0.000000
140 -155 0.000000
140 -150 0.000000
140 -145 0.000000
140 -140 0.000000
140 -135 0.000000
140 -130 0.000000
140 -125 0.000000
140 -120 0.000000
140 -115 0.000000
140 -110 0.000000
140 -105 0.000000
140 -100 0.000000
140 -95 0.000000
140 -90 0.000000
140 -85 0.000000
140 -80 0.000000
140 -75 0.000000
140 -70 0.000000
140 -65 0.000000
140 -60 0.000000
140 -55 0.000000
140 -50 0.000000
140 -45 0.000000
140 -40 0.000000
140 -35 0.000000
140 -30 0.000000
140 -25 0.000000
140 -20 0.000000
140 -15 0.000000
140 -10 0.000000
140 -5 0.000000
140 0 0.000000
140 5 0.000000
140 10 0.000000
140 15 0.000000
140 20 0.000000
140 25 0.000000
140 30 0.000000
140 35 0.000000
140 40 0.000000
140 45 0.000000
140 50 0.000000
140 55 0.000000
140 60 0.000000
140 65 0.000000
140 70 0.000000
140 75 0.000000
140 80 0.000000
140 85 0.000000
140 90 0.000000
140 95 0.000000
140 100 0.000000
140 105 0.000000
140 110 0.000000
140 115 0.000000
140 120 0.000000
140 125 0.000000
140 130 0.000000
140 135 0.000000
140 140 0.000000
140 145 0.000000
140 150 0.000000
140 155 0.000000
140 160 0.000000
140 165 0.000000
140 170 0.000000
140 175 0.000000
145 -180 0.000000
145 -175 0.000000
145 -170 0.000000
145 -165 0.000000
145 -160 0.000000
145 -155 0.000000
145 -150 0.000000
145 -145 0.000000
145 -140 0.000000
145 -135 0.000000
145 -130 0.000000
145 -125 0.000000
145 -120 0.000000
145 -115 0.000000
145 -110 0.000000
145 -105 0.000000
145 -100 0.000000
145 -95 0.000000
145 -90 0.000000
145 -85 0.000000
145 -80 0.000000
145 -75 0.000000
145 -70 0.000000
145 -65 0.000000
145 -60 0.000000
145 -55 0.000000
145 -50 0.000000
145 -45 0.000000
145 -40 0.000000
145 -35 0.000000
145 -30 0.000000
145 -25 0.000000
145 -20 0.000000
145 -15 0.000000
145 -10 0.000000
145 -5 0.000000
145 0 0.000000
145 5 0.000000
145 10 0.000000
145 15 0.000000
145 20 0.000000
145 25 0.000000
145 30 0.000000
145 35 0.000000
145 40 0.000000
145 45 0.000000
145 50 0.000000
145 55 0.000000
145 60 0.000000
145 65 0.000000
145 70 0.000000
145 75 0.000000
145 80 0.000000
145 85 0.000000
145 90 0.000000
145 95 0.000000
145 100 0.000000
145 105 0.000000
145 110 0.000000
145 115 0.000000
145 120 0.000000
145 125 0.000000
145 130 0.000000
145 135 0.000000
145 140 0.000000
145 145 0.000000
145 150 0.000000
145 155 0.000000
145 160 0.000000
145 165 0.000000
145 170 0.000000
145 175 0.000000
150 -180 0.000790
150 -175 0.000381
150 -170 0.000098
150 -165 0.000000
150 -160 0.000000
150 -155 0.000000
150 -150 0.000000
150 -145 0.000000
150 -140 0.000000
150 -135 0.000000
150 -130 0.000000
150 -125 0.000000
150 -120 0.000000
150 -115 0.000000
150 -110 0.000000
150 -105 0.000000
150 -100 0.000000
150 -95 0.000000
150 -90 0.000000
150 -85 0.000000
150 -80 0.000000
150 -75 0.000000
150 -70 0.000000
150 -65 0.000000
150 -60 0.000000
150 -55 0.000000
150 -50 0.000000
150 -45 0.000000
150 -40 0.000000
150 -35 0.000000
150 -30 0.000000
150 -25 0.000000
150 -20 0.000000
150 -15 0.000000
150 -10 0.000000
150 -5 0.000000
150 0 0.000000
150 5 0.000000
150 10 0.000000
150 15 0.000000
150 20 0.000000
150 25 0.000000
150 30 0.000000
150 35 0.000000
150 40 0.000000
150 45 0.000000
150 50 0.000000
150 55 0.000000
150 60 0.000000
150 65 0.000000
150 70 0.000000
150 75 0.000000
150 80 0.000000
150 85 0.000000
150 90 0.000000
150 95 0.000000
150 100 0.000000
150 105 0.000000
150 110 0.000000
150 115 0.000000
150 120 0.000000
150 125 0.000000
150 130 0.000000
150 135 0.000000
150 140 0.000000
150 145 0.000147
150 150 0.000449
150 155 0.000891
150 160 0.001394
150 165 0.001720
150 170 0.001678
150 175 0.001294
155 -180 0.003572
155 -175 0.001724
155 -170 0.000442
155 -165 0.000000
155 -160 0.000000
155 -155 0.000000
155 -150 0.000000
155 -145 0.000000
155 -140 0.000000
155 -135 0.000000
155 -130 0.000000
155 -125 0.000000
155 -120 0.000000
155 -115 0.000000
155 -110 0.000000
155 -105 0.000000
155 -100 0.000000
155 -95 0.000000
155 -90 0.000000
155 -85 0.000000
155 -80 0.000000
155 -75 0.000000
155 -70 0.000000
155 -65 0.000000
155 -60 0.000000
155 -55 0.000000
155 -50 0.000000
155 -45 0.000000
155 -40 0.000000
155 -35 0.000000
155 -30 0.000000
155 -25 0.000000
155 -20 0.000000
155 -15 0.000000
155 -10 0.000000
155 -5 0.000000
155 0 0.000000
155 5 0.000000
155 10 0.000000
155 15 0.000000
155 20 0.000000
155 25 0.000000
155 30 0.000000
155 35 0.000000
155 40 0.000000
155 45 0.000000
155 50 0.000000
155 55 0.000000
155 60 0.000000
155 65 0.000000
155 70 0.000000
155 75 0.000000
155 80 0.000000
155 85 0.000000
155 90 0.000000
155 95 0.000000
155 100 0.000000
155 105 0.000000
155 110 0.000000
155 115 0.000000
155 120 0.000000
155 125 0.000000
155 130 0.000000
155 135 0.000000
155 140 0.000000
155 145 0.000663
155 150 0.002033
155 155 0.004032
155 160 0.006305
155 165 0.007783
155 170 0.007591
155 175 0.005855
160 -180 0.007564
160 -175 0.003650
160 -170 0.000936
160 -165 0.000000
160 -160 0.000000
160 -155 0.000000
160 -150 0.000000
160 -145 0.000000
160 -140 0.000000
160 -135 0.000000
160 -130 0.000000
160 -125 0.000000
160 -120 0.000000
160 -115 0.000000
160 -110 0.000000
160 -105 0.000000
160 -100 0.000000
160 -95 0.000000
160 -90 0.000000
160 -85 0.000000
160 -80 0.000000
160 -75 0.000000
160 -70 0.000000
160 -65 0.000000
160 -60 0.000000
160 -55 0.000000
160 -50 0.000000
160 -45 0.000000
160 -40 0.000000
160 -35 0.000000
160 -30 0.000000
160 -25 0.000000
160 -20 0.000000
160 -15 0.000000
160 -10 0.000000
160 -5 0.000000
160 0 0.000000
160 5 0.000000
160 10 0.000000
160 15 0.000000
160 20 0.000000
160 25 0.000000
160 30 0.000000
160 35 0.000000
160 40 0.000000
160 45 0.000000
160 50 0.000000
160 55 0.000000
160 60 0.000000
160 65 0.000000
160 70 0.000000
160 75 0.000000
160 80 0.000000
160 85 0.000000
160 90 0.000000
160 95 0.000000
160 100 0.000000
160 105 0.000000
160 110 0.000000
160 115 0.000000
160 120 0.000000
160 125 0.000000
160 130 0.000000
160 135 0.000000
160 140 0.000000
160 145 0.001404
160 150 0.004304
160 155 0.008539
160 160 0.013352
160 165 0.016480
160 170 0.016073
160 175 0.012397
165 -180 0.016669
165 -175 0.008209
165 -170 0.002367
165 -165 0.000009
165 -160 0.000000
165 -155 0.000000
165 -150 0.000000
165 -145 0.000000
165 -140 0.000000
165 -135 0.000000
165 -130 0.000000
165 -125 0.000000
165 -120 0.000000
165 -115 0.000000
165 -110 0.000000
165 -105 0.000000
165 -100 0.000000
165 -95 0.000000
165 -90 0.000000
165 -85 0.000000
165 -80 0.000000
165 -75 0.000000
165 -70 0.000000
165 -65 0.000000
165 -60 0.000000
165 -55 0.000000
165 -50 0.000000
165 -45 0.000000
165 -40 0.000000
165 -35 0.000000
165 -30 0.000000
165 -25 0.000000
165 -20 0.000000
165 -15 0.000000
165 -10 0.000000
165 -5 0.000000
165 0 0.000000
165 5 0.000000
165 10 0.000000
165 15 0.000000
165 20 0.000000
165 25 0.000000
165 30 0.000000
165 35 0.000000
165 40 0.000000
165 45 0.000000
165 50 0.000000
165 55 0.000000
165 60 0.000000
165 65 0.000000
165 70 0.000000
165 75 0.000000
165 80 0.000000
165 85 0.000000
165 90 0.000000
165 95 0.000000
165 100 0.000000
165 105 0.000069
165 110 0.000325
165 115 0.000693
165 120 0.001167
165 125 0.001553
165 130 0.001633
165 135 0.001353
165 140 0.000883
165 145 0.002997
165 150 0.008606
165 155 0.017031
165 160 0.027113
165 165 0.034121
165 170 0.033967
165 175 0.026754
170 -180 0.029060
170 -175 0.014316
170 -170 0.004452
170 -165 0.000029
170 -160 0.000000
170 -155 0.000000
170 -150 0.000000
170 -145 0.000000
170 -140 0.000000
170 -135 0.000000
170 -130 0.000000
170 -125 0.000000
170 -120 0.000000
170 -115 0.000000
170 -110 0.000000
170 -105 0.000000
170 -100 0.000000
170 -95 0.000000
170 -90 0.000000
170 -85 0.000000
170 -80 0.000000
170 -75 0.000000
170 -70 0.000000
170 -65 0.000000
170 -60 0.000000
170 -55 0.000000
170 -50 0.000000
170 -45 0.000000
170 -40 0.000000
170 -35 0.000000
170 -30 0.000000
170 -25 0.000000
170 -20 0.000000
170 -15 0.000000
170 -10 0.000000
170 -5 0.000000
170 0 0.000000
170 5 0.000000
170 10 0.000000
170 15 0.000000
170 20 0.000000
170 25 0.000000
170 30 0.000000
170 35 0.000000
170 40 0.000000
170 45 0.000000
170 50 0.000000
170 55 0.000000
170 60 0.000000
170 65 0.000000
170 70 0.000000
170 75 0.000000
170 80 0.000000
170 85 0.000000
170 90 0.000000
170 95 0.000000
170 100 0.000000
170 105 0.000325
170 110 0.001654
170 115 0.003652
170 120 0.006274
170 125 0.008543
170 130 0.009220
170 135 0.008045
170 140 0.006145
170 145 0.008263
170 150 0.017232
170 155 0.031024
170 160 0.047807
170 165 0.059301
170 170 0.058787
170 175 0.046419
175 -180 0.046994
175 -175 0.022185
175 -170 0.006906
175 -165 0.000056
175 -160 0.000000
175 -155 0.000000
175 -150 0.000000
175 -145 0.000000
175 -140 0.000000
175 -135 0.000000
175 -130 0.000000
175 -125 0.000000
175 -120 0.000000
175 -115 0.000000
175 -110 0.000000
175 -105 0.000000
175 -100 0.000000
175 -95 0.000000
175 -90 0.000000
175 -85 0.000000
175 -80 0.000000
175 -75 0.000000
175 -70 0.000000
175 -65 0.000000
175 -60 0.000000
175 -55 0.000000
175 -50 0.000000
175 -45 0.000000
175 -40 0.000000
175 -35 0.000000
175 -30 0.000000
175 -25 0.000000
175 -20 0.000000
175 -15 0.000000
175 -10 0.000000
175 -5 0.000000
175 0 0.000000
175 5 0.000000
175 10 0.000000
175 15 0.000000
175 20 0.000000
175 25 0.000000
175 30 0.000000
175 35 0.000000
175 40 0.000000
175 45 0.000000
175 50 0.000000
175 55 0.000000
175 60 0.000000
175 65 0.000000
175 70 0.000000
175 75 0.000047
175 80 0.000540
175 85 0.001234
175 90 0.002218
175 95 0.003282
175 100 0.004393
175 105 0.006035
175 110 0.010144
175 115 0.016155
175 120 0.023807
175 125 0.030328
175 130 0.032884
175 135 0.032609
175 140 0.032110
175 145 0.038739
175 150 0.057031
175 155 0.080716
175 160 0.104359
175 165 0.114807
175 170 0.105039
175 175 0.078776
