-180 -180 0.039679
-180 -175 0.027265
-180 -170 0.015582
-180 -165 0.007119
-180 -160 0.001907
-180 -155 0.000337
-180 -150 0.000000
-180 -145 0.000000
-180 -140 0.000000
-180 -135 0.000000
-180 -130 0.000000
-180 -125 0.000000
-180 -120 0.000000
-180 -115 0.000000
-180 -110 0.000000
-180 -105 0.000000
-180 -100 0.000000
-180 -95 0.000000
-180 -90 0.000000
-180 -85 0.000000
-180 -80 0.000000
-180 -75 0.000000
-180 -70 0.000000
-180 -65 0.000000
-180 -60 0.000000
-180 -55 0.000000
-180 -50 0.000000
-180 -45 0.000000
-180 -40 0.000000
-180 -35 0.000000
-180 -30 0.000000
-180 -25 0.000000
-180 -20 0.000000
-180 -15 0.000000
-180 -10 0.000000
-180 -5 0.000000
-180 0 0.000000
-180 5 0.000000
-180 10 0.000000
-180 15 0.000000
-180 20 0.000000
-180 25 0.000000
-180 30 0.000000
-180 35 0.001635
-180 40 0.003991
-180 45 0.007492
-180 50 0.010968
-180 55 0.012526
-180 60 0.011166
-180 65 0.007772
-180 70 0.004228
-180 75 0.001799
-180 80 0.000068
-180 85 0.000000
-180 90 0.000856
-180 95 0.002495
-180 100 0.005910
-180 105 0.010106
-180 110 0.014018
-180 115 0.016499
-180 120 0.017801
-180 125 0.018142
-180 130 0.018912
-180 135 0.019797
-180 140 0.021001
-180 145 0.020857
-180 150 0.021774
-180 155 0.026708
-180 160 0.034411
-180 165 0.042659
-180 170 0.048340
-180 175 0.047567
-175 -180 0.077305
-175 -175 0.052646
-175 -170 0.029997
-175 -165 0.013822
-175 -160 0.004162
-175 -155 0.000669
-175 -150 0.000000
-175 -145 0.000000
-175 -140 0.000000
-175 -135 0.000000
-175 -130 0.000000
-175 -125 0.000000
-175 -120 0.000000
-175 -115 0.000000
-175 -110 0.000000
-175 -105 0.000000
-175 -100 0.000000
-175 -95 0.000000
-175 -90 0.000000
-175 -85 0.000000
-175 -80 0.000000
-175 -75 0.000000
-175 -70 0.000000
-175 -65 0.000000
-175 -60 0.000000
-175 -55 0.000000
-175 -50 0.000000
-175 -45 0.000000
-175 -40 0.000000
-175 -35 0.000000
-175 -30 0.000000
-175 -25 0.000000
-175 -20 0.000000
-175 -15 0.000000
-175 -10 0.000000
-175 -5 0.000000
-175 0 0.000000
-175 5 0.000000
-175 10 0.000000
-175 15 0.000000
-175 20 0.000000
-175 25 0.000000
-175 30 0.000000
-175 35 0.003101
-175 40 0.007569
-175 45 0.014210
-175 50 0.020803
-175 55 0.023760
-175 60 0.021179
-175 65 0.014743
-175 70 0.008019
-175 75 0.003412
-175 80 0.000129
-175 85 0.000000
-175 90 0.001733
-175 95 0.005051
-175 100 0.012046
-175 105 0.020887
-175 110 0.029623
-175 115 0.037065
-175 120 0.043035
-175 125 0.048129
-175 130 0.053538
-175 135 0.057128
-175 140 0.058773
-175 145 0.056204
-175 150 0.055753
-175 155 0.063383
-175 160 0.077114
-175 165 0.091351
-175 170 0.099093
-175 175 0.094467
-170 -180 0.122178
-170 -175 0.081396
-170 -170 0.045740
-170 -165 0.020861
-170 -160 0.006836
-170 -155 0.001045
-170 -150 0.000000
-170 -145 0.000000
-170 -140 0.000000
-170 -135 0.000000
-170 -130 0.000000
-170 -125 0.000000
-170 -120 0.000000
-170 -115 0.000000
-170 -110 0.000000
-170 -105 0.000000
-170 -100 0.000000
-170 -95 0.000000
-170 -90 0.000000
-170 -85 0.000000
-170 -80 0.000000
-170 -75 0.000000
-170 -70 0.000000
-170 -65 0.000000
-170 -60 0.000000
-170 -55 0.000000
-170 -50 0.000000
-170 -45 0.000000
-170 -40 0.000000
-170 -35 0.000000
-170 -30 0.000000
-170 -25 0.000000
-170 -20 0.000000
-170 -15 0.000000
-170 -10 0.000000
-170 -5 0.000000
-170 0 0.000000
-170 5 0.000000
-170 10 0.000000
-170 15 0.000000
-170 20 0.000000
-170 25 0.000000
-170 30 0.000000
-170 35 0.004600
-170 40 0.011928
-170 45 0.023050
-170 50 0.034697
-170 55 0.041118
-170 60 0.038492
-170 65 0.028832
-170 70 0.017564
-170 75 0.009248
-170 80 0.003387
-170 85 0.002393
-170 90 0.004704
-170 95 0.009472
-170 100 0.020197
-170 105 0.034493
-170 110 0.049918
-170 115 0.065688
-170 120 0.080590
-170 125 0.095514
-170 130 0.109680
-170 135 0.118444
-170 140 0.121221
-170 145 0.115959
-170 150 0.114748
-170 155 0.125657
-170 160 0.145878
-170 165 0.164303
-170 170 0.169072
-170 175 0.154400
-165 -180 0.161672
-165 -175 0.104982
-165 -170 0.057923
-165 -165 0.025990
-165 -160 0.009025
-165 -155 0.001290
-165 -150 0.000000
-165 -145 0.000000
-165 -140 0.000000
-165 -135 0.000000
-165 -130 0.000000
-165 -125 0.000000
-165 -120 0.000000
-165 -115 0.000000
-165 -110 0.000000
-165 -105 0.000000
-165 -100 0.000000
-165 -95 0.000000
-165 -90 0.000000
-165 -85 0.000000
-165 -80 0.000000
-165 -75 0.000000
-165 -70 0.000000
-165 -65 0.000000
-165 -60 0.000000
-165 -55 0.000000
-165 -50 0.000000
-165 -45 0.000000
-165 -40 0.000000
-165 -35 0.000000
-165 -30 0.000000
-165 -25 0.000009
-165 -20 0.000059
-165 -15 0.000129
-165 -10 0.000224
-165 -5 0.000307
-165 0 0.000331
-165 5 0.000280
-165 10 0.000186
-165 15 0.000097
-165 20 0.000037
-165 25 0.000001
-165 30 0.000017
-165 35 0.005378
-165 40 0.015702
-165 45 0.031880
-165 50 0.050166
-165 55 0.062790
-165 60 0.062772
-165 65 0.051320
-165 70 0.035047
-165 75 0.021793
-165 80 0.012652
-165 85 0.009555
-165 90 0.011317
-165 95 0.015915
-165 100 0.028077
-165 105 0.045875
-165 110 0.067083
-165 115 0.093191
-165 120 0.120628
-165 125 0.150872
-165 130 0.178510
-165 135 0.195607
-165 140 0.200510
-165 145 0.192902
-165 150 0.191268
-165 155 0.204523
-165 160 0.228327
-165 165 0.246267
-165 170 0.241536
-165 175 0.211699
-160 -180 0.182294
-160 -175 0.114323
-160 -170 0.061483
-160 -165 0.026833
-160 -160 0.009620
-160 -155 0.001258
-160 -150 0.000000
-160 -145 0.000000
-160 -140 0.000000
-160 -135 0.000000
-160 -130 0.000000
-160 -125 0.000000
-160 -120 0.000000
-160 -115 0.000000
-160 -110 0.000000
-160 -105 0.000000
-160 -100 0.000000
-160 -95 0.000000
-160 -90 0.000000
-160 -85 0.000000
-160 -80 0.000000
-160 -75 0.000000
-160 -70 0.000000
-160 -65 0.000000
-160 -60 0.000000
-160 -55 0.000000
-160 -50 0.000000
-160 -45 0.000000
-160 -40 0.000000
-160 -35 0.000000
-160 -30 0.000000
-160 -25 0.000166
-160 -20 0.001151
-160 -15 0.002840
-160 -10 0.005153
-160 -5 0.007437
-160 0 0.008540
-160 5 0.007800
-160 10 0.005666
-160 15 0.003274
-160 20 0.001450
-160 25 0.000353
-160 30 0.000873
-160 35 0.006869
-160 40 0.020841
-160 45 0.042458
-160 50 0.067586
-160 55 0.086994
-160 60 0.090640
-160 65 0.078485
-160 70 0.057568
-160 75 0.039013
-160 80 0.026837
-160 85 0.020713
-160 90 0.020989
-160 95 0.024314
-160 100 0.036101
-160 105 0.055942
-160 110 0.082121
-160 115 0.118591
-160 120 0.158275
-160 125 0.203436
-160 130 0.243000
-160 135 0.267745
-160 140 0.276235
-160 145 0.270725
-160 150 0.273038
-160 155 0.289103
-160 160 0.311300
-160 165 0.320520
-160 170 0.298207
-160 175 0.249382
-155 -180 0.177387
-155 -175 0.105222
-155 -170 0.054789
-155 -165 0.022951
-155 -160 0.008308
-155 -155 0.000971
-155 -150 0.000000
-155 -145 0.000000
-155 -140 0.000000
-155 -135 0.000000
-155 -130 0.000000
-155 -125 0.000000
-155 -120 0.000000
-155 -115 0.000000
-155 -110 0.000000
-155 -105 0.000000
-155 -100 0.000000
-155 -95 0.000000
-155 -90 0.000000
-155 -85 0.000000
-155 -80 0.000000
-155 -75 0.000000
-155 -70 0.000000
-155 -65 0.000000
-155 -60 0.000000
-155 -55 0.000000
-155 -50 0.000000
-155 -45 0.000000
-155 -40 0.000000
-155 -35 0.000000
-155 -30 0.000000
-155 -25 0.000385
-155 -20 0.002777
-155 -15 0.007158
-155 -10 0.013182
-155 -5 0.019349
-155 0 0.022633
-155 5 0.021095
-155 10 0.015658
-155 15 0.009249
-155 20 0.004218
-155 25 0.001135
-155 30 0.002072
-155 35 0.008244
-155 40 0.025794
-155 45 0.052589
-155 50 0.085102
-155 55 0.113739
-155 60 0.126028
-155 65 0.119287
-155 70 0.099112
-155 75 0.077734
-155 80 0.061576
-155 85 0.048089
-155 90 0.042020
-155 95 0.040345
-155 100 0.049353
-155 105 0.069699
-155 110 0.099547
-155 115 0.143170
-155 120 0.190536
-155 125 0.244693
-155 130 0.290670
-155 135 0.322600
-155 140 0.341053
-155 145 0.349260
-155 150 0.366548
-155 155 0.388405
-155 160 0.400450
-155 165 0.385750
-155 170 0.332962
-155 175 0.259650
-150 -180 0.153128
-150 -175 0.083257
-150 -170 0.041652
-150 -165 0.016306
-150 -160 0.005820
-150 -155 0.000592
-150 -150 0.000000
-150 -145 0.000000
-150 -140 0.000000
-150 -135 0.000000
-150 -130 0.000000
-150 -125 0.000000
-150 -120 0.000000
-150 -115 0.000000
-150 -110 0.000000
-150 -105 0.000000
-150 -100 0.000000
-150 -95 0.000000
-150 -90 0.000000
-150 -85 0.000000
-150 -80 0.000000
-150 -75 0.000000
-150 -70 0.000000
-150 -65 0.000000
-150 -60 0.000000
-150 -55 0.000000
-150 -50 0.000007
-150 -45 0.000193
-150 -40 0.000455
-150 -35 0.000836
-150 -30 0.001201
-150 -25 0.002051
-150 -20 0.006309
-150 -15 0.014424
-150 -10 0.025742
-150 -5 0.037969
-150 0 0.045494
-150 5 0.044164
-150 10 0.035246
-150 15 0.023760
-150 20 0.013831
-150 25 0.006660
-150 30 0.006539
-150 35 0.012174
-150 40 0.032408
-150 45 0.063062
-150 50 0.101096
-150 55 0.136903
-150 60 0.158185
-150 65 0.160206
-150 70 0.147234
-150 75 0.129060
-150 80 0.112395
-150 85 0.091631
-150 90 0.076535
-150 95 0.066531
-150 100 0.070372
-150 105 0.089862
-150 110 0.122889
-150 115 0.170312
-150 120 0.220302
-150 125 0.274767
-150 130 0.319015
-150 135 0.354920
-150 140 0.387618
-150 145 0.418950
-150 150 0.460602
-150 155 0.491082
-150 160 0.486635
-150 165 0.436875
-150 170 0.346315
-150 175 0.246799
-145 -180 0.119860
-145 -175 0.056643
-145 -170 0.027321
-145 -165 0.010109
-145 -160 0.004153
-145 -155 0.001135
-145 -150 0.000672
-145 -145 0.000420
-145 -140 0.000208
-145 -135 0.000061
-145 -130 0.000000
-145 -125 0.000000
-145 -120 0.000000
-145 -115 0.000000
-145 -110 0.000000
-145 -105 0.000000
-145 -100 0.000000
-145 -95 0.000000
-145 -90 0.000000
-145 -85 0.000000
-145 -80 0.000000
-145 -75 0.000000
-145 -70 0.000000
-145 -65 0.000000
-145 -60 0.000000
-145 -55 0.000000
-145 -50 0.000041
-145 -45 0.001077
-145 -40 0.002531
-145 -35 0.004653
-145 -30 0.006685
-145 -25 0.008866
-145 -20 0.014916
-145 -15 0.027030
-145 -10 0.044292
-145 -5 0.064297
-145 0 0.078303
-145 5 0.079201
-145 10 0.067736
-145 15 0.050722
-145 20 0.033895
-145 25 0.019802
-145 30 0.015303
-145 35 0.018627
-145 40 0.038365
-145 45 0.068956
-145 50 0.107930
-145 55 0.146317
-145 60 0.175666
-145 65 0.190409
-145 70 0.192873
-145 75 0.185549
-145 80 0.171773
-145 85 0.144262
-145 90 0.118649
-145 95 0.099695
-145 100 0.100292
-145 105 0.121625
-145 110 0.159767
-145 115 0.208087
-145 120 0.255458
-145 125 0.301245
-145 130 0.336852
-145 135 0.374195
-145 140 0.424155
-145 145 0.484232
-145 150 0.555198
-145 155 0.594915
-145 160 0.569680
-145 165 0.477905
-145 170 0.346820
-145 175 0.221299
-140 -180 0.102245
-140 -175 0.042084
-140 -170 0.020890
-140 -165 0.009766
-140 -160 0.007814
-140 -155 0.006571
-140 -150 0.005140
-140 -145 0.003214
-140 -140 0.001588
-140 -135 0.000583
-140 -130 0.000299
-140 -125 0.000570
-140 -120 0.000851
-140 -115 0.000996
-140 -110 0.000915
-140 -105 0.000661
-140 -100 0.000375
-140 -95 0.000168
-140 -90 0.000022
-140 -85 0.000000
-140 -80 0.000000
-140 -75 0.000000
-140 -70 0.000000
-140 -65 0.000000
-140 -60 0.000000
-140 -55 0.000000
-140 -50 0.000089
-140 -45 0.002337
-140 -40 0.005504
-140 -35 0.010297
-140 -30 0.014970
-140 -25 0.019419
-140 -20 0.026915
-140 -15 0.042019
-140 -10 0.063716
-140 -5 0.090583
-140 0 0.111733
-140 5 0.117726
-140 10 0.107749
-140 15 0.088454
-140 20 0.065628
-140 25 0.044120
-140 30 0.032451
-140 35 0.030947
-140 40 0.045481
-140 45 0.070462
-140 50 0.103883
-140 55 0.138762
-140 60 0.173942
-140 65 0.203753
-140 70 0.227726
-140 75 0.237978
-140 80 0.231511
-140 85 0.200476
-140 90 0.164808
-140 95 0.136289
-140 100 0.132542
-140 105 0.153751
-140 110 0.195646
-140 115 0.243393
-140 120 0.288733
-140 125 0.326383
-140 130 0.354807
-140 135 0.393250
-140 140 0.457127
-140 145 0.541050
-140 150 0.637132
-140 155 0.685662
-140 160 0.645680
-140 165 0.521765
-140 170 0.359953
-140 175 0.212286
-135 -180 0.099876
-135 -175 0.040339
-135 -170 0.021995
-135 -165 0.013987
-135 -160 0.014872
-135 -155 0.014507
-135 -150 0.011475
-135 -145 0.007176
-135 -140 0.003545
-135 -135 0.001846
-135 -130 0.002079
-135 -125 0.003965
-135 -120 0.005920
-135 -115 0.006929
-135 -110 0.006365
-135 -105 0.004595
-135 -100 0.002611
-135 -95 0.001170
-135 -90 0.000153
-135 -85 0.000000
-135 -80 0.000000
-135 -75 0.000000
-135 -70 0.000000
-135 -65 0.000000
-135 -60 0.000000
-135 -55 0.000000
-135 -50 0.000152
-135 -45 0.004007
-135 -40 0.009481
-135 -35 0.018424
-135 -30 0.027579
-135 -25 0.036264
-135 -20 0.045569
-135 -15 0.062876
-135 -10 0.086619
-135 -5 0.118278
-135 0 0.146475
-135 5 0.160760
-135 10 0.157279
-135 15 0.140478
-135 20 0.114072
-135 25 0.085570
-135 30 0.063340
-135 35 0.053581
-135 40 0.058190
-135 45 0.073313
-135 50 0.096540
-135 55 0.122618
-135 60 0.157609
-135 65 0.197062
-135 70 0.238361
-135 75 0.265872
-135 80 0.270742
-135 85 0.244005
-135 90 0.205701
-135 95 0.172043
-135 100 0.163204
-135 105 0.179332
-135 110 0.219124
-135 115 0.263410
-135 120 0.308372
-135 125 0.343493
-135 130 0.371670
-135 135 0.412193
-135 140 0.482205
-135 145 0.576518
-135 150 0.682767
-135 155 0.732563
-135 160 0.685145
-135 165 0.547092
-135 170 0.373053
-135 175 0.214809
-130 -180 0.115072
-130 -175 0.054190
-130 -170 0.034037
-130 -165 0.026221
-130 -160 0.028238
-130 -155 0.026919
-130 -150 0.020685
-130 -145 0.012628
-130 -140 0.006238
-130 -135 0.003614
-130 -130 0.004606
-130 -125 0.008785
-130 -120 0.013118
-130 -115 0.015353
-130 -110 0.014103
-130 -105 0.010181
-130 -100 0.005786
-130 -95 0.002592
-130 -90 0.000339
-130 -85 0.000000
-130 -80 0.000000
-130 -75 0.000000
-130 -70 0.000000
-130 -65 0.000000
-130 -60 0.000337
-130 -55 0.001437
-130 -50 0.003617
-130 -45 0.011382
-130 -40 0.021236
-130 -35 0.035248
-130 -30 0.048659
-130 -25 0.060764
-130 -20 0.071162
-130 -15 0.090998
-130 -10 0.117629
-130 -5 0.156656
-130 0 0.195675
-130 5 0.223208
-130 10 0.230496
-130 15 0.217535
-130 20 0.185936
-130 25 0.147890
-130 30 0.111240
-130 35 0.089573
-130 40 0.080353
-130 45 0.083037
-130 50 0.093154
-130 55 0.106832
-130 60 0.134637
-130 65 0.173883
-130 70 0.219799
-130 75 0.255673
-130 80 0.270765
-130 85 0.254480
-130 90 0.223275
-130 95 0.192731
-130 100 0.181590
-130 105 0.190424
-130 110 0.222313
-130 115 0.259087
-130 120 0.301800
-130 125 0.337263
-130 130 0.370447
-130 135 0.413493
-130 140 0.482930
-130 145 0.575013
-130 150 0.677358
-130 155 0.723300
-130 160 0.679715
-130 165 0.550350
-130 170 0.385618
-130 175 0.230042
-125 -180 0.136752
-125 -175 0.074309
-125 -170 0.049769
-125 -165 0.040558
-125 -160 0.042095
-125 -155 0.038817
-125 -150 0.029192
-125 -145 0.017492
-125 -140 0.008641
-125 -135 0.005652
-125 -130 0.008051
-125 -125 0.015356
-125 -120 0.022931
-125 -115 0.026838
-125 -110 0.024653
-125 -105 0.017798
-125 -100 0.010114
-125 -95 0.004530
-125 -90 0.000592
-125 -85 0.000000
-125 -80 0.000000
-125 -75 0.000000
-125 -70 0.000000
-125 -65 0.000000
-125 -60 0.000838
-125 -55 0.003591
-125 -50 0.008776
-125 -45 0.020759
-125 -40 0.034889
-125 -35 0.053021
-125 -30 0.069343
-125 -25 0.083991
-125 -20 0.098029
-125 -15 0.126037
-125 -10 0.164157
-125 -5 0.221538
-125 0 0.281832
-125 5 0.328973
-125 10 0.347080
-125 15 0.332860
-125 20 0.288625
-125 25 0.233608
-125 30 0.177503
-125 35 0.140247
-125 40 0.114827
-125 45 0.103821
-125 50 0.099047
-125 55 0.097576
-125 60 0.111195
-125 65 0.139965
-125 70 0.176972
-125 75 0.210443
-125 80 0.232489
-125 85 0.230729
-125 90 0.216089
-125 95 0.198671
-125 100 0.190568
-125 105 0.191807
-125 110 0.209808
-125 115 0.233449
-125 120 0.269020
-125 125 0.304592
-125 130 0.345592
-125 135 0.391850
-125 140 0.457313
-125 145 0.539490
-125 150 0.627690
-125 155 0.666297
-125 160 0.633945
-125 165 0.528960
-125 170 0.388437
-125 175 0.246303
-120 -180 0.155158
-120 -175 0.092097
-120 -170 0.063796
-120 -165 0.052215
-120 -160 0.051202
-120 -155 0.045017
-120 -150 0.032756
-120 -145 0.019042
-120 -140 0.009407
-120 -135 0.007050
-120 -130 0.011088
-120 -125 0.021147
-120 -120 0.031578
-120 -115 0.036959
-120 -110 0.033949
-120 -105 0.024509
-120 -100 0.013927
-120 -95 0.006239
-120 -90 0.000816
-120 -85 0.000000
-120 -80 0.000000
-120 -75 0.000000
-120 -70 0.000205
-120 -65 0.001116
-120 -60 0.004222
-120 -55 0.011459
-120 -50 0.022960
-120 -45 0.040601
-120 -40 0.058428
-120 -35 0.077593
-120 -30 0.093517
-120 -25 0.108274
-120 -20 0.129520
-120 -15 0.173344
-120 -10 0.234184
-120 -5 0.321478
-120 0 0.411435
-120 5 0.479055
-120 10 0.501045
-120 15 0.474125
-120 20 0.406755
-120 25 0.325915
-120 30 0.247096
-120 35 0.192411
-120 40 0.150838
-120 45 0.126608
-120 50 0.108451
-120 55 0.093751
-120 60 0.092946
-120 65 0.108262
-120 70 0.130366
-120 75 0.154311
-120 80 0.177873
-120 85 0.188469
-120 90 0.193156
-120 95 0.193973
-120 100 0.194148
-120 105 0.191306
-120 110 0.195304
-120 115 0.203818
-120 120 0.228999
-120 125 0.263265
-120 130 0.312198
-120 135 0.363890
-120 140 0.429715
-120 145 0.504295
-120 150 0.577815
-120 155 0.608453
-120 160 0.586048
-120 165 0.503555
-120 170 0.385360
-120 175 0.257355
-115 -180 0.165062
-115 -175 0.103883
-115 -170 0.073278
-115 -165 0.058124
-115 -160 0.052154
-115 -155 0.042498
-115 -150 0.029414
-115 -145 0.016270
-115 -140 0.008037
-115 -135 0.007003
-115 -130 0.012010
-115 -125 0.022907
-115 -120 0.034205
-115 -115 0.040034
-115 -110 0.036774
-115 -105 0.026549
-115 -100 0.015086
-115 -95 0.006758
-115 -90 0.000883
-115 -85 0.000000
-115 -80 0.000000
-115 -75 0.000000
-115 -70 0.000989
-115 -65 0.004131
-115 -60 0.011830
-115 -55 0.026384
-115 -50 0.046621
-115 -45 0.070076
-115 -40 0.089477
-115 -35 0.105887
-115 -30 0.119110
-115 -25 0.133825
-115 -20 0.170042
-115 -15 0.241355
-115 -10 0.339330
-115 -5 0.468182
-115 0 0.592703
-115 5 0.675470
-115 10 0.688805
-115 15 0.634722
-115 20 0.532845
-115 25 0.416030
-115 30 0.310318
-115 35 0.235607
-115 40 0.177630
-115 45 0.141192
-115 50 0.114774
-115 55 0.094278
-115 60 0.086011
-115 65 0.092676
-115 70 0.102398
-115 75 0.115083
-115 80 0.134072
-115 85 0.149507
-115 90 0.167378
-115 95 0.182285
-115 100 0.190076
-115 105 0.185549
-115 110 0.178142
-115 115 0.173926
-115 120 0.190598
-115 125 0.225577
-115 130 0.284510
-115 135 0.347800
-115 140 0.422030
-115 145 0.495133
-115 150 0.556295
-115 155 0.576810
-115 160 0.554397
-115 165 0.480753
-115 170 0.374908
-115 175 0.258535
-110 -180 0.163470
-110 -175 0.105117
-110 -170 0.073556
-110 -165 0.055423
-110 -160 0.044903
-110 -155 0.033087
-110 -150 0.021335
-110 -145 0.010896
-110 -140 0.005382
-110 -135 0.005530
-110 -130 0.010219
-110 -125 0.019490
-110 -120 0.029102
-110 -115 0.034062
-110 -110 0.031288
-110 -105 0.022588
-110 -100 0.012836
-110 -95 0.005750
-110 -90 0.000752
-110 -85 0.000000
-110 -80 0.000000
-110 -75 0.000000
-110 -70 0.002249
-110 -65 0.008890
-110 -60 0.023467
-110 -55 0.048376
-110 -50 0.079890
-110 -45 0.110495
-110 -40 0.130639
-110 -35 0.141758
-110 -30 0.150507
-110 -25 0.165386
-110 -20 0.222454
-110 -15 0.329208
-110 -10 0.474028
-110 -5 0.648765
-110 0 0.803638
-110 5 0.888285
-110 10 0.875660
-110 15 0.779177
-110 20 0.633757
-110 25 0.475745
-110 30 0.345015
-110 35 0.253968
-110 40 0.186763
-110 45 0.145563
-110 50 0.121267
-110 55 0.105111
-110 60 0.098440
-110 65 0.103122
-110 70 0.105964
-110 75 0.107757
-110 80 0.118469
-110 85 0.132554
-110 90 0.156274
-110 95 0.177484
-110 100 0.188371
-110 105 0.181660
-110 110 0.165386
-110 115 0.152085
-110 120 0.165431
-110 125 0.205044
-110 130 0.276870
-110 135 0.357958
-110 140 0.446640
-110 145 0.522195
-110 150 0.571503
-110 155 0.577882
-110 160 0.544338
-110 165 0.464757
-110 170 0.360115
-110 175 0.250285
-105 -180 0.159238
-105 -175 0.100908
-105 -170 0.067116
-105 -165 0.046417
-105 -160 0.033439
-105 -155 0.021507
-105 -150 0.012657
-105 -145 0.005713
-105 -140 0.002822
-105 -135 0.003464
-105 -130 0.006819
-105 -125 0.013007
-105 -120 0.019422
-105 -115 0.022731
-105 -110 0.020880
-105 -105 0.015074
-105 -100 0.008566
-105 -95 0.003837
-105 -90 0.000502
-105 -85 0.000000
-105 -80 0.000000
-105 -75 0.000000
-105 -70 0.003895
-105 -65 0.014791
-105 -60 0.037813
-105 -55 0.074940
-105 -50 0.119453
-105 -45 0.159747
-105 -40 0.183114
-105 -35 0.192740
-105 -30 0.203945
-105 -25 0.229356
-105 -20 0.320515
-105 -15 0.472500
-105 -10 0.666852
-105 -5 0.874618
-105 0 1.032332
-105 5 1.085213
-105 10 1.019318
-105 15 0.867115
-105 20 0.679200
-105 25 0.488025
-105 30 0.343370
-105 35 0.245233
-105 40 0.178807
-105 45 0.142755
-105 50 0.133922
-105 55 0.136083
-105 60 0.145795
-105 65 0.160684
-105 70 0.165803
-105 75 0.159362
-105 80 0.157779
-105 85 0.162653
-105 90 0.182215
-105 95 0.199411
-105 100 0.206551
-105 105 0.194279
-105 110 0.169715
-105 115 0.149356
-105 120 0.163384
-105 125 0.212063
-105 130 0.299513
-105 135 0.402310
-105 140 0.506900
-105 145 0.584298
-105 150 0.619908
-105 155 0.607895
-105 160 0.556700
-105 165 0.463230
-105 170 0.352982
-105 175 0.244797
-100 -180 0.155310
-100 -175 0.094359
-100 -170 0.057462
-100 -165 0.034812
-100 -160 0.021775
-100 -155 0.011479
-100 -150 0.006010
-100 -145 0.002206
-100 -140 0.001090
-100 -135 0.001698
-100 -130 0.003565
-100 -125 0.006800
-100 -120 0.010154
-100 -115 0.011884
-100 -110 0.010917
-100 -105 0.007881
-100 -100 0.004478
-100 -95 0.002006
-100 -90 0.000262
-100 -85 0.000000
-100 -80 0.000000
-100 -75 0.000061
-100 -70 0.006070
-100 -65 0.021202
-100 -60 0.053070
-100 -55 0.102698
-100 -50 0.160869
-100 -45 0.213553
-100 -40 0.244423
-100 -35 0.258675
-100 -30 0.279732
-100 -25 0.325053
-100 -20 0.455797
-100 -15 0.652637
-100 -10 0.885462
-100 -5 1.101145
-100 0 1.228012
-100 5 1.219707
-100 10 1.085457
-100 15 0.878372
-100 20 0.659953
-100 25 0.453715
-100 30 0.310147
-100 35 0.217301
-100 40 0.162990
-100 45 0.142675
-100 50 0.159089
-100 55 0.186879
-100 60 0.219296
-100 65 0.248798
-100 70 0.260290
-100 75 0.248602
-100 80 0.236815
-100 85 0.231790
-100 90 0.242445
-100 95 0.247393
-100 100 0.242922
-100 105 0.219646
-100 110 0.186857
-100 115 0.162904
-100 120 0.183021
-100 125 0.246191
-100 130 0.352048
-100 135 0.477318
-100 140 0.596625
-100 145 0.673940
-100 150 0.694333
-100 155 0.659848
-100 160 0.586245
-100 165 0.474500
-100 170 0.354263
-100 175 0.243994
-95 -180 0.151359
-95 -175 0.085308
-95 -170 0.046252
-95 -165 0.023114
-95 -160 0.011719
-95 -155 0.003877
-95 -150 0.001371
-95 -145 0.000000
-95 -140 0.000000
-95 -135 0.000526
-95 -130 0.001362
-95 -125 0.002597
-95 -120 0.003878
-95 -115 0.004539
-95 -110 0.004169
-95 -105 0.003010
-95 -100 0.001710
-95 -95 0.000766
-95 -90 0.000100
-95 -85 0.000000
-95 -80 0.000262
-95 -75 0.001124
-95 -70 0.009832
-95 -65 0.028687
-95 -60 0.067624
-95 -55 0.126882
-95 -50 0.196802
-95 -45 0.265230
-95 -40 0.313367
-95 -35 0.346643
-95 -30 0.391398
-95 -25 0.467962
-95 -20 0.636080
-95 -15 0.865613
-95 -10 1.113785
-95 -5 1.308298
-95 0 1.376772
-95 5 1.291105
-95 10 1.087410
-95 15 0.835635
-95 20 0.600100
-95 25 0.394545
-95 30 0.261005
-95 35 0.180341
-95 40 0.143143
-95 45 0.143520
-95 50 0.188370
-95 55 0.243260
-95 60 0.299438
-95 65 0.343610
-95 70 0.361250
-95 75 0.345465
-95 80 0.326385
-95 85 0.314018
-95 90 0.316663
-95 95 0.309837
-95 100 0.294490
-95 105 0.261412
-95 110 0.223560
-95 115 0.198191
-95 120 0.224097
-95 125 0.300685
-95 130 0.425270
-95 135 0.574342
-95 140 0.714720
-95 145 0.801382
-95 150 0.815682
-95 155 0.760180
-95 160 0.657942
-95 165 0.516707
-95 170 0.373202
-95 175 0.249321
-90 -180 0.154331
-90 -175 0.080133
-90 -170 0.039075
-90 -165 0.016391
-90 -160 0.007252
-90 -155 0.001680
-90 -150 0.000594
-90 -145 0.000000
-90 -140 0.000000
-90 -135 0.000000
-90 -130 0.000000
-90 -125 0.000000
-90 -120 0.000000
-90 -115 0.000000
-90 -110 0.000000
-90 -105 0.000000
-90 -100 0.000000
-90 -95 0.000000
-90 -90 0.000000
-90 -85 0.000132
-90 -80 0.001131
-90 -75 0.003750
-90 -70 0.016652
-90 -65 0.040474
-90 -60 0.086489
-90 -55 0.153909
-90 -50 0.233585
-90 -45 0.317337
-90 -40 0.387890
-90 -35 0.452495
-90 -30 0.536903
-90 -25 0.659972
-90 -20 0.865600
-90 -15 1.112710
-90 -10 1.344640
-90 -5 1.481828
-90 0 1.466017
-90 5 1.296380
-90 10 1.033522
-90 15 0.754985
-90 20 0.517678
-90 25 0.326558
-90 30 0.208147
-90 35 0.142310
-90 40 0.121337
-90 45 0.139454
-90 50 0.204861
-90 55 0.277970
-90 60 0.350287
-90 65 0.404180
-90 70 0.425835
-90 75 0.408933
-90 80 0.387360
-90 85 0.371973
-90 90 0.369660
-90 95 0.356295
-90 100 0.337682
-90 105 0.304742
-90 110 0.273710
-90 115 0.259003
-90 120 0.297673
-90 125 0.393093
-90 130 0.540820
-90 135 0.716150
-90 140 0.881902
-90 145 0.983497
-90 150 0.996770
-90 155 0.919382
-90 160 0.780350
-90 165 0.598660
-90 170 0.418210
-90 175 0.268367
-85 -180 0.157915
-85 -175 0.073765
-85 -170 0.031516
-85 -165 0.010247
-85 -160 0.003458
-85 -155 0.000121
-85 -150 0.000043
-85 -145 0.000000
-85 -140 0.000000
-85 -135 0.000000
-85 -130 0.000000
-85 -125 0.000000
-85 -120 0.000000
-85 -115 0.000000
-85 -110 0.000000
-85 -105 0.000000
-85 -100 0.000000
-85 -95 0.000000
-85 -90 0.000000
-85 -85 0.000597
-85 -80 0.003292
-85 -75 0.009323
-85 -70 0.028255
-85 -65 0.058696
-85 -60 0.112780
-85 -55 0.187519
-85 -50 0.276890
-85 -45 0.379417
-85 -40 0.482417
-85 -35 0.594217
-85 -30 0.733260
-85 -25 0.908493
-85 -20 1.133550
-85 -15 1.359515
-85 -10 1.527925
-85 -5 1.569943
-85 0 1.456350
-85 5 1.215078
-85 10 0.920255
-85 15 0.643632
-85 20 0.424340
-85 25 0.260615
-85 30 0.160210
-85 35 0.107496
-85 40 0.096687
-85 45 0.122895
-85 50 0.193368
-85 55 0.269385
-85 60 0.343955
-85 65 0.398228
-85 70 0.419685
-85 75 0.404633
-85 80 0.385537
-85 85 0.371850
-85 90 0.369163
-85 95 0.358430
-85 100 0.348168
-85 105 0.329973
-85 110 0.320368
-85 115 0.330310
-85 120 0.388815
-85 125 0.506605
-85 130 0.680520
-85 135 0.885027
-85 140 1.082618
-85 145 1.208873
-85 150 1.230175
-85 155 1.133485
-85 160 0.949763
-85 165 0.714817
-85 170 0.482165
-85 175 0.293693
-80 -180 0.164864
-80 -175 0.072191
-80 -170 0.029469
-80 -165 0.008997
-80 -160 0.002587
-80 -155 0.000000
-80 -150 0.000000
-80 -145 0.000000
-80 -140 0.000000
-80 -135 0.000000
-80 -130 0.000000
-80 -125 0.000000
-80 -120 0.000000
-80 -115 0.000000
-80 -110 0.000000
-80 -105 0.000000
-80 -100 0.000000
-80 -95 0.000000
-80 -90 0.000000
-80 -85 0.001264
-80 -80 0.006148
-80 -75 0.016286
-80 -70 0.042085
-80 -65 0.080779
-80 -60 0.145559
-80 -55 0.231718
-80 -50 0.338143
-80 -45 0.471127
-80 -40 0.624065
-80 -35 0.801583
-80 -30 1.007720
-80 -25 1.229525
-80 -20 1.442605
-80 -15 1.594465
-80 -10 1.643802
-80 -5 1.554435
-80 0 1.337317
-80 5 1.045065
-80 10 0.751090
-80 15 0.505412
-80 20 0.323085
-80 25 0.196526
-80 30 0.117205
-80 35 0.075888
-80 40 0.068922
-80 45 0.093199
-80 50 0.153740
-80 55 0.218598
-80 60 0.282455
-80 65 0.328153
-80 70 0.344980
-80 75 0.332435
-80 80 0.316657
-80 85 0.305267
-80 90 0.303617
-80 95 0.301322
-80 100 0.307968
-80 105 0.317360
-80 110 0.343423
-80 115 0.395838
-80 120 0.489822
-80 125 0.643295
-80 130 0.853162
-80 135 1.090427
-80 140 1.317747
-80 145 1.464615
-80 150 1.490208
-80 155 1.370900
-80 160 1.135630
-80 165 0.841392
-80 170 0.551600
-80 175 0.321682
-75 -180 0.164317
-75 -175 0.069703
-75 -170 0.028403
-75 -165 0.009026
-75 -160 0.002298
-75 -155 0.000000
-75 -150 0.000000
-75 -145 0.000000
-75 -140 0.000000
-75 -135 0.000000
-75 -130 0.000000
-75 -125 0.000000
-75 -120 0.000000
-75 -115 0.000000
-75 -110 0.000000
-75 -105 0.000000
-75 -100 0.000000
-75 -95 0.000000
-75 -90 0.000000
-75 -85 0.002117
-75 -80 0.009299
-75 -75 0.023261
-75 -70 0.055244
-75 -65 0.102059
-75 -60 0.179803
-75 -55 0.282820
-75 -50 0.417273
-75 -45 0.595268
-75 -40 0.813257
-75 -35 1.064695
-75 -30 1.333662
-75 -25 1.577453
-75 -20 1.739145
-75 -15 1.770725
-75 -10 1.667700
-75 -5 1.439135
-75 0 1.135687
-75 5 0.822738
-75 10 0.559010
-75 15 0.363343
-75 20 0.227908
-75 25 0.140098
-75 30 0.082247
-75 35 0.050715
-75 40 0.043976
-75 45 0.060565
-75 50 0.102933
-75 55 0.148857
-75 60 0.194129
-75 65 0.225686
-75 70 0.235449
-75 75 0.225187
-75 80 0.212831
-75 85 0.203943
-75 90 0.204326
-75 95 0.212377
-75 100 0.237297
-75 105 0.276170
-75 110 0.339645
-75 115 0.438833
-75 120 0.575290
-75 125 0.770037
-75 130 1.017552
-75 135 1.281960
-75 140 1.523390
-75 145 1.671842
-75 150 1.685713
-75 155 1.537855
-75 160 1.255672
-75 165 0.915400
-75 170 0.586320
-75 175 0.330933
-70 -180 0.145984
-70 -175 0.060657
-70 -170 0.024968
-70 -165 0.008347
-70 -160 0.001932
-70 -155 0.000000
-70 -150 0.000000
-70 -145 0.000000
-70 -140 0.000000
-70 -135 0.000000
-70 -130 0.000000
-70 -125 0.000000
-70 -120 0.000000
-70 -115 0.000000
-70 -110 0.000000
-70 -105 0.000000
-70 -100 0.000000
-70 -95 0.000000
-70 -90 0.000000
-70 -85 0.002803
-70 -80 0.011366
-70 -75 0.027087
-70 -70 0.060999
-70 -65 0.111263
-70 -60 0.199720
-70 -55 0.322653
-70 -50 0.496420
-70 -45 0.736215
-70 -40 1.033462
-70 -35 1.358213
-70 -30 1.670092
-70 -25 1.895572
-70 -20 1.961793
-70 -15 1.840518
-70 -10 1.579975
-70 -5 1.234267
-70 0 0.880130
-70 5 0.579360
-70 10 0.366130
-70 15 0.226083
-70 20 0.137711
-70 25 0.085217
-70 30 0.049022
-70 35 0.027988
-70 40 0.022465
-70 45 0.031553
-70 50 0.056092
-70 55 0.083321
-70 60 0.110245
-70 65 0.128310
-70 70 0.132241
-70 75 0.124507
-70 80 0.115798
-70 85 0.109713
-70 90 0.112629
-70 95 0.128300
-70 100 0.164783
-70 105 0.222181
-70 110 0.309915
-70 115 0.442105
-70 120 0.612265
-70 125 0.839832
-70 130 1.112635
-70 135 1.385613
-70 140 1.614305
-70 145 1.736202
-70 150 1.718140
-70 155 1.540338
-70 160 1.232620
-70 165 0.880815
-70 170 0.551025
-70 175 0.302195
-65 -180 0.112211
-65 -175 0.046824
-65 -170 0.020103
-65 -165 0.007254
-65 -160 0.001671
-65 -155 0.000000
-65 -150 0.000000
-65 -145 0.000000
-65 -140 0.000000
-65 -135 0.000000
-65 -130 0.000000
-65 -125 0.000000
-65 -120 0.000000
-65 -115 0.000000
-65 -110 0.000000
-65 -105 0.000000
-65 -100 0.000000
-65 -95 0.000000
-65 -90 0.000000
-65 -85 0.002932
-65 -80 0.011274
-65 -75 0.026372
-65 -70 0.058223
-65 -65 0.108029
-65 -60 0.203693
-65 -55 0.343923
-65 -50 0.555385
-65 -45 0.850603
-65 -40 1.211163
-65 -35 1.579530
-65 -30 1.894025
-65 -25 2.060875
-65 -20 2.012105
-65 -15 1.751290
-65 -10 1.377205
-65 -5 0.972693
-65 0 0.620152
-65 5 0.362237
-65 10 0.208378
-65 15 0.118979
-65 20 0.069820
-65 25 0.044357
-65 30 0.025996
-65 35 0.014069
-65 40 0.009662
-65 45 0.012760
-65 50 0.023564
-65 55 0.036297
-65 60 0.049052
-65 65 0.057215
-65 70 0.057846
-65 75 0.053046
-65 80 0.047532
-65 85 0.043574
-65 90 0.047441
-65 95 0.064821
-65 100 0.102315
-65 105 0.162624
-65 110 0.256238
-65 115 0.398938
-65 120 0.582765
-65 125 0.821123
-65 130 1.091765
-65 135 1.342985
-65 140 1.527810
-65 145 1.598360
-65 150 1.537610
-65 155 1.341128
-65 160 1.044050
-65 165 0.726820
-65 170 0.442752
-65 175 0.236766
-60 -180 0.070322
-60 -175 0.028848
-60 -170 0.012881
-60 -165 0.004955
-60 -160 0.001142
-60 -155 0.000000
-60 -150 0.000000
-60 -145 0.000000
-60 -140 0.000000
-60 -135 0.000000
-60 -130 0.000000
-60 -125 0.000000
-60 -120 0.000000
-60 -115 0.000000
-60 -110 0.000000
-60 -105 0.000000
-60 -100 0.000000
-60 -95 0.000000
-60 -90 0.000000
-60 -85 0.002419
-60 -80 0.009069
-60 -75 0.021681
-60 -70 0.048611
-60 -65 0.094997
-60 -60 0.190919
-60 -55 0.337122
-60 -50 0.565623
-60 -45 0.880230
-60 -40 1.253505
-60 -35 1.608690
-60 -30 1.873968
-60 -25 1.955980
-60 -20 1.807625
-60 -15 1.466200
-60 -10 1.058562
-60 -5 0.672540
-60 0 0.377903
-60 5 0.189683
-60 10 0.097211
-60 15 0.049191
-60 20 0.026654
-60 25 0.017362
-60 30 0.010305
-60 35 0.005245
-60 40 0.003111
-60 45 0.003913
-60 50 0.007378
-60 55 0.011700
-60 60 0.015775
-60 65 0.017886
-60 70 0.016927
-60 75 0.014026
-60 80 0.010975
-60 85 0.008715
-60 90 0.012271
-60 95 0.026218
-60 100 0.056093
-60 105 0.106045
-60 110 0.188834
-60 115 0.318868
-60 120 0.491628
-60 125 0.711383
-60 130 0.948460
-60 135 1.151735
-60 140 1.277405
-60 145 1.294312
-60 150 1.202348
-60 155 1.011742
-60 160 0.760408
-60 165 0.510675
-60 170 0.299495
-60 175 0.154280
-55 -180 0.036320
-55 -175 0.014435
-55 -170 0.006632
-55 -165 0.002639
-55 -160 0.000608
-55 -155 0.000000
-55 -150 0.000000
-55 -145 0.000000
-55 -140 0.000000
-55 -135 0.000000
-55 -130 0.000000
-55 -125 0.000000
-55 -120 0.000000
-55 -115 0.000000
-55 -110 0.000000
-55 -105 0.000000
-55 -100 0.000000
-55 -95 0.000000
-55 -90 0.000000
-55 -85 0.001573
-55 -80 0.006028
-55 -75 0.015985
-55 -70 0.037477
-55 -65 0.079569
-55 -60 0.168577
-55 -55 0.305475
-55 -50 0.519977
-55 -45 0.804693
-55 -40 1.128445
-55 -35 1.413773
-55 -30 1.595260
-55 -25 1.600270
-55 -20 1.407633
-55 -15 1.073390
-55 -10 0.718565
-55 -5 0.413077
-55 0 0.204975
-55 5 0.086559
-55 10 0.039205
-55 15 0.016549
-55 20 0.007681
-55 25 0.005026
-55 30 0.003139
-55 35 0.001471
-55 40 0.000643
-55 45 0.000781
-55 50 0.001802
-55 55 0.003262
-55 60 0.004629
-55 65 0.005141
-55 70 0.004465
-55 75 0.003031
-55 80 0.001606
-55 85 0.000646
-55 90 0.003273
-55 95 0.011995
-55 100 0.031473
-55 105 0.065509
-55 110 0.127876
-55 115 0.228809
-55 120 0.367997
-55 125 0.542403
-55 130 0.721310
-55 135 0.862370
-55 140 0.930732
-55 145 0.909565
-55 150 0.810408
-55 155 0.651848
-55 160 0.469337
-55 165 0.301580
-55 170 0.169035
-55 175 0.083628
-50 -180 0.013019
-50 -175 0.004989
-50 -170 0.002510
-50 -165 0.001081
-50 -160 0.000249
-50 -155 0.000000
-50 -150 0.000000
-50 -145 0.000000
-50 -140 0.000000
-50 -135 0.000000
-50 -130 0.000000
-50 -125 0.000000
-50 -120 0.000000
-50 -115 0.000000
-50 -110 0.000000
-50 -105 0.000000
-50 -100 0.000000
-50 -95 0.000000
-50 -90 0.000000
-50 -85 0.000804
-50 -80 0.003416
-50 -75 0.011478
-50 -70 0.028556
-50 -65 0.065744
-50 -60 0.141770
-50 -55 0.255667
-50 -50 0.428750
-50 -45 0.644953
-50 -40 0.875690
-50 -35 1.059893
-50 -30 1.151277
-50 -25 1.108130
-50 -20 0.928950
-50 -15 0.669165
-50 -10 0.418105
-50 -5 0.217427
-50 0 0.094583
-50 5 0.031913
-50 10 0.012219
-50 15 0.003140
-50 20 0.000297
-50 25 0.000000
-50 30 0.000000
-50 35 0.000000
-50 40 0.000000
-50 45 0.000000
-50 50 0.000000
-50 55 0.000000
-50 60 0.000000
-50 65 0.000000
-50 70 0.000000
-50 75 0.000000
-50 80 0.000000
-50 85 0.000000
-50 90 0.001593
-50 95 0.005643
-50 100 0.017327
-50 105 0.038790
-50 110 0.081848
-50 115 0.151262
-50 120 0.247479
-50 125 0.363957
-50 130 0.475720
-50 135 0.555485
-50 140 0.580485
-50 145 0.542983
-50 150 0.458578
-50 155 0.345763
-50 160 0.232657
-50 165 0.138406
-50 170 0.071149
-50 175 0.032821
-45 -180 0.001751
-45 -175 0.000000
-45 -170 0.000000
-45 -165 0.000000
-45 -160 0.000000
-45 -155 0.000000
-45 -150 0.000000
-45 -145 0.000000
-45 -140 0.000000
-45 -135 0.000000
-45 -130 0.000000
-45 -125 0.000000
-45 -120 0.000000
-45 -115 0.000000
-45 -110 0.000000
-45 -105 0.000000
-45 -100 0.000000
-45 -95 0.000000
-45 -90 0.000000
-45 -85 0.000280
-45 -80 0.001784
-45 -75 0.008780
-45 -70 0.022153
-45 -65 0.052523
-45 -60 0.110206
-45 -55 0.191962
-45 -50 0.309912
-45 -45 0.446827
-45 -40 0.581252
-45 -35 0.673857
-45 -30 0.698310
-45 -25 0.639655
-45 -20 0.505057
-45 -15 0.338000
-45 -10 0.192602
-45 -5 0.086122
-45 0 0.030119
-45 5 0.006245
-45 10 0.002382
-45 15 0.000615
-45 20 0.000000
-45 25 0.000000
-45 30 0.000000
-45 35 0.000000
-45 40 0.000000
-45 45 0.000000
-45 50 0.000000
-45 55 0.000000
-45 60 0.000000
-45 65 0.000000
-45 70 0.000000
-45 75 0.000000
-45 80 0.000000
-45 85 0.000000
-45 90 0.000506
-45 95 0.001784
-45 100 0.009082
-45 105 0.022484
-45 110 0.050133
-45 115 0.091755
-45 120 0.146473
-45 125 0.207474
-45 130 0.260412
-45 135 0.293627
-45 140 0.296570
-45 145 0.265473
-45 150 0.212790
-45 155 0.149321
-45 160 0.092555
-45 165 0.048998
-45 170 0.021195
-45 175 0.007892
-40 -180 0.000406
-40 -175 0.000000
-40 -170 0.000000
-40 -165 0.000000
-40 -160 0.000000
-40 -155 0.000000
-40 -150 0.000000
-40 -145 0.000000
-40 -140 0.000000
-40 -135 0.000000
-40 -130 0.000000
-40 -125 0.000000
-40 -120 0.000000
-40 -115 0.000000
-40 -110 0.000000
-40 -105 0.000000
-40 -100 0.000000
-40 -95 0.000000
-40 -90 0.000000
-40 -85 0.000000
-40 -80 0.000826
-40 -75 0.006466
-40 -70 0.016471
-40 -65 0.039053
-40 -60 0.077675
-40 -55 0.128140
-40 -50 0.194482
-40 -45 0.262860
-40 -40 0.321227
-40 -35 0.351225
-40 -30 0.342873
-40 -25 0.296702
-40 -20 0.219886
-40 -15 0.137212
-40 -10 0.071963
-40 -5 0.027232
-40 0 0.007205
-40 5 0.000036
-40 10 0.000000
-40 15 0.000000
-40 20 0.000000
-40 25 0.000000
-40 30 0.000000
-40 35 0.000000
-40 40 0.000000
-40 45 0.000000
-40 50 0.000000
-40 55 0.000000
-40 60 0.000000
-40 65 0.000000
-40 70 0.000000
-40 75 0.000000
-40 80 0.000000
-40 85 0.000000
-40 90 0.000000
-40 95 0.000000
-40 100 0.005199
-40 105 0.014316
-40 110 0.032338
-40 115 0.056966
-40 120 0.085173
-40 125 0.111217
-40 130 0.128704
-40 135 0.135641
-40 140 0.129408
-40 145 0.108374
-40 150 0.081357
-40 155 0.052204
-40 160 0.029304
-40 165 0.013558
-40 170 0.004905
-40 175 0.001861
-35 -180 0.000000
-35 -175 0.000000
-35 -170 0.000000
-35 -165 0.000000
-35 -160 0.000000
-35 -155 0.000000
-35 -150 0.000000
-35 -145 0.000000
-35 -140 0.000000
-35 -135 0.000000
-35 -130 0.000000
-35 -125 0.000000
-35 -120 0.000000
-35 -115 0.000000
-35 -110 0.000000
-35 -105 0.000000
-35 -100 0.000000
-35 -95 0.000000
-35 -90 0.000000
-35 -85 0.000000
-35 -80 0.000617
-35 -75 0.004782
-35 -70 0.011551
-35 -65 0.025861
-35 -60 0.047885
-35 -55 0.073680
-35 -50 0.103353
-35 -45 0.128495
-35 -40 0.143602
-35 -35 0.143341
-35 -30 0.126614
-35 -25 0.099429
-35 -20 0.066087
-35 -15 0.036883
-35 -10 0.017608
-35 -5 0.005383
-35 0 0.001239
-35 5 0.000004
-35 10 0.000000
-35 15 0.000000
-35 20 0.000000
-35 25 0.000000
-35 30 0.000000
-35 35 0.000000
-35 40 0.000000
-35 45 0.000000
-35 50 0.000000
-35 55 0.000000
-35 60 0.000000
-35 65 0.000000
-35 70 0.000000
-35 75 0.000000
-35 80 0.000000
-35 85 0.000000
-35 90 0.000000
-35 95 0.000000
-35 100 0.004271
-35 105 0.011011
-35 110 0.022302
-35 115 0.035158
-35 120 0.045913
-35 125 0.051152
-35 130 0.050347
-35 135 0.046412
-35 140 0.040478
-35 145 0.030890
-35 150 0.021790
-35 155 0.012420
-35 160 0.005777
-35 165 0.001679
-35 170 0.000000
-35 175 0.000000
-30 -180 0.000000
-30 -175 0.000000
-30 -170 0.000000
-30 -165 0.000000
-30 -160 0.000000
-30 -155 0.000000
-30 -150 0.000000
-30 -145 0.000000
-30 -140 0.000000
-30 -135 0.000000
-30 -130 0.000000
-30 -125 0.000000
-30 -120 0.000000
-30 -115 0.000000
-30 -110 0.000000
-30 -105 0.000000
-30 -100 0.000000
-30 -95 0.000000
-30 -90 0.000000
-30 -85 0.000000
-30 -80 0.000364
-30 -75 0.002786
-30 -70 0.006271
-30 -65 0.013113
-30 -60 0.022745
-30 -55 0.032870
-30 -50 0.042838
-30 -45 0.049757
-30 -40 0.051641
-30 -35 0.047403
-30 -30 0.037673
-30 -25 0.026581
-30 -20 0.015250
-30 -15 0.007017
-30 -10 0.002752
-30 -5 0.000452
-30 0 0.000000
-30 5 0.000000
-30 10 0.000000
-30 15 0.000000
-30 20 0.000000
-30 25 0.000000
-30 30 0.000000
-30 35 0.000000
-30 40 0.000000
-30 45 0.000000
-30 50 0.000000
-30 55 0.000000
-30 60 0.000000
-30 65 0.000000
-30 70 0.000000
-30 75 0.000000
-30 80 0.000000
-30 85 0.000000
-30 90 0.000000
-30 95 0.000000
-30 100 0.002766
-30 105 0.006803
-30 110 0.012853
-30 115 0.018919
-30 120 0.022028
-30 125 0.020625
-30 130 0.015956
-30 135 0.011130
-30 140 0.007812
-30 145 0.004815
-30 150 0.003718
-30 155 0.002346
-30 160 0.001184
-30 165 0.000388
-30 170 0.000000
-30 175 0.000000
-25 -180 0.000000
-25 -175 0.000000
-25 -170 0.000000
-25 -165 0.000000
-25 -160 0.000000
-25 -155 0.000000
-25 -150 0.000000
-25 -145 0.000000
-25 -140 0.000000
-25 -135 0.000000
-25 -130 0.000000
-25 -125 0.000000
-25 -120 0.000000
-25 -115 0.000000
-25 -110 0.000000
-25 -105 0.000000
-25 -100 0.000000
-25 -95 0.000000
-25 -90 0.000000
-25 -85 0.000000
-25 -80 0.000170
-25 -75 0.001300
-25 -70 0.002903
-25 -65 0.005726
-25 -60 0.009288
-25 -55 0.012327
-25 -50 0.014385
-25 -45 0.014842
-25 -40 0.013632
-25 -35 0.011002
-25 -30 0.007537
-25 -25 0.004750
-25 -20 0.002346
-25 -15 0.000870
-25 -10 0.000338
-25 -5 0.000034
-25 0 0.000000
-25 5 0.000000
-25 10 0.000000
-25 15 0.000000
-25 20 0.000000
-25 25 0.000000
-25 30 0.000000
-25 35 0.000000
-25 40 0.000000
-25 45 0.000000
-25 50 0.000000
-25 55 0.000000
-25 60 0.000000
-25 65 0.000000
-25 70 0.000000
-25 75 0.000000
-25 80 0.000000
-25 85 0.000000
-25 90 0.000000
-25 95 0.000000
-25 100 0.001410
-25 105 0.003440
-25 110 0.006458
-25 115 0.009455
-25 120 0.010798
-25 125 0.009626
-25 130 0.006700
-25 135 0.003645
-25 140 0.001550
-25 145 0.000059
-25 150 0.000000
-25 155 0.000000
-25 160 0.000000
-25 165 0.000000
-25 170 0.000000
-25 175 0.000000
-20 -180 0.000000
-20 -175 0.000000
-20 -170 0.000000
-20 -165 0.000000
-20 -160 0.000000
-20 -155 0.000000
-20 -150 0.000000
-20 -145 0.000000
-20 -140 0.000000
-20 -135 0.000000
-20 -130 0.000000
-20 -125 0.000000
-20 -120 0.000000
-20 -115 0.000000
-20 -110 0.000000
-20 -105 0.000000
-20 -100 0.000000
-20 -95 0.000000
-20 -90 0.000000
-20 -85 0.000000
-20 -80 0.000034
-20 -75 0.000262
-20 -70 0.000584
-20 -65 0.001028
-20 -60 0.001424
-20 -55 0.001550
-20 -50 0.001324
-20 -45 0.000887
-20 -40 0.000465
-20 -35 0.000180
-20 -30 0.000000
-20 -25 0.000000
-20 -20 0.000000
-20 -15 0.000000
-20 -10 0.000000
-20 -5 0.000000
-20 0 0.000000
-20 5 0.000000
-20 10 0.000000
-20 15 0.000000
-20 20 0.000000
-20 25 0.000000
-20 30 0.000000
-20 35 0.000000
-20 40 0.000000
-20 45 0.000000
-20 50 0.000000
-20 55 0.000000
-20 60 0.000000
-20 65 0.000000
-20 70 0.000000
-20 75 0.000000
-20 80 0.000000
-20 85 0.000000
-20 90 0.000000
-20 95 0.000000
-20 100 0.000484
-20 105 0.001181
-20 110 0.002216
-20 115 0.003245
-20 120 0.003706
-20 125 0.003303
-20 130 0.002299
-20 135 0.001251
-20 140 0.000532
-20 145 0.000020
-20 150 0.000000
-20 155 0.000000
-20 160 0.000000
-20 165 0.000000
-20 170 0.000000
-20 175 0.000000
-15 -180 0.000000
-15 -175 0.000000
-15 -170 0.000000
-15 -165 0.000000
-15 -160 0.000000
-15 -155 0.000000
-15 -150 0.000000
-15 -145 0.000000
-15 -140 0.000000
-15 -135 0.000000
-15 -130 0.000000
-15 -125 0.000000
-15 -120 0.000000
-15 -115 0.000000
-15 -110 0.000000
-15 -105 0.000000
-15 -100 0.000000
-15 -95 0.000000
-15 -90 0.000000
-15 -85 0.000000
-15 -80 0.000000
-15 -75 0.000000
-15 -70 0.000000
-15 -65 0.000000
-15 -60 0.000000
-15 -55 0.000000
-15 -50 0.000000
-15 -45 0.000000
-15 -40 0.000000
-15 -35 0.000000
-15 -30 0.000000
-15 -25 0.000000
-15 -20 0.000000
-15 -15 0.000000
-15 -10 0.000000
-15 -5 0.000000
-15 0 0.000000
-15 5 0.000000
-15 10 0.000000
-15 15 0.000000
-15 20 0.000000
-15 25 0.000000
-15 30 0.000000
-15 35 0.000000
-15 40 0.000000
-15 45 0.000000
-15 50 0.000000
-15 55 0.000000
-15 60 0.000000
-15 65 0.000000
-15 70 0.000000
-15 75 0.000000
-15 80 0.000000
-15 85 0.000000
-15 90 0.000000
-15 95 0.000000
-15 100 0.000000
-15 105 0.000000
-15 110 0.000000
-15 115 0.000000
-15 120 0.000000
-15 125 0.000000
-15 130 0.000000
-15 135 0.000000
-15 140 0.000000
-15 145 0.000000
-15 150 0.000000
-15 155 0.000000
-15 160 0.000000
-15 165 0.000000
-15 170 0.000000
-15 175 0.000000
-10 -180 0.000000
-10 -175 0.000000
-10 -170 0.000000
-10 -165 0.000000
-10 -160 0.000000
-10 -155 0.000000
-10 -150 0.000000
-10 -145 0.000000
-10 -140 0.000000
-10 -135 0.000000
-10 -130 0.000000
-10 -125 0.000000
-10 -120 0.000000
-10 -115 0.000000
-10 -110 0.000000
-10 -105 0.000000
-10 -100 0.000000
-10 -95 0.000000
-10 -90 0.000000
-10 -85 0.000000
-10 -80 0.000000
-10 -75 0.000000
-10 -70 0.000000
-10 -65 0.000000
-10 -60 0.000000
-10 -55 0.000000
-10 -50 0.000000
-10 -45 0.000000
-10 -40 0.000000
-10 -35 0.000000
-10 -30 0.000000
-10 -25 0.000000
-10 -20 0.000000
-10 -15 0.000000
-10 -10 0.000000
-10 -5 0.000000
-10 0 0.000000
-10 5 0.000000
-10 10 0.000000
-10 15 0.000000
-10 20 0.000000
-10 25 0.000000
-10 30 0.000000
-10 35 0.000000
-10 40 0.000000
-10 45 0.000000
-10 50 0.000000
-10 55 0.000000
-10 60 0.000000
-10 65 0.000000
-10 70 0.000000
-10 75 0.000000
-10 80 0.000000
-10 85 0.000000
-10 90 0.000000
-10 95 0.000000
-10 100 0.000000
-10 105 0.000000
-10 110 0.000000
-10 115 0.000000
-10 120 0.000000
-10 125 0.000000
-10 130 0.000000
-10 135 0.000000
-10 140 0.000000
-10 145 0.000000
-10 150 0.000000
-10 155 0.000000
-10 160 0.000000
-10 165 0.000000
-10 170 0.000000
-10 175 0.000000
-5 -180 0.000000
-5 -175 0.000000
-5 -170 0.000000
-5 -165 0.000000
-5 -160 0.000000
-5 -155 0.000000
-5 -150 0.000000
-5 -145 0.000000
-5 -140 0.000000
-5 -135 0.000000
-5 -130 0.000000
-5 -125 0.000000
-5 -120 0.000000
-5 -115 0.000000
-5 -110 0.000000
-5 -105 0.000000
-5 -100 0.000000
-5 -95 0.000000
-5 -90 0.000000
-5 -85 0.000000
-5 -80 0.000000
-5 -75 0.000000
-5 -70 0.000000
-5 -65 0.000000
-5 -60 0.000000
-5 -55 0.000000
-5 -50 0.000000
-5 -45 0.000000
-5 -40 0.000000
-5 -35 0.000000
-5 -30 0.000000
-5 -25 0.000000
-5 -20 0.000000
-5 -15 0.000000
-5 -10 0.000000
-5 -5 0.000000
-5 0 0.000000
-5 5 0.000000
-5 10 0.000000
-5 15 0.000000
-5 20 0.000000
-5 25 0.000000
-5 30 0.000000
-5 35 0.000000
-5 40 0.000000
-5 45 0.000000
-5 50 0.000000
-5 55 0.000000
-5 60 0.000000
-5 65 0.000000
-5 70 0.000000
-5 75 0.000000
-5 80 0.000000
-5 85 0.000000
-5 90 0.000000
-5 95 0.000000
-5 100 0.000000
-5 105 0.000000
-5 110 0.000000
-5 115 0.000000
-5 120 0.000000
-5 125 0.000000
-5 130 0.000000
-5 135 0.000000
-5 140 0.000000
-5 145 0.000000
-5 150 0.000000
-5 155 0.000000
-5 160 0.000000
-5 165 0.000000
-5 170 0.000000
-5 175 0.000000
0 -180 0.000000
0 -175 0.000000
0 -170 0.000000
0 -165 0.000000
0 -160 0.000000
0 -155 0.000000
0 -150 0.000000
0 -145 0.000000
0 -140 0.000000
0 -135 0.000000
0 -130 0.000000
0 -125 0.000000
0 -120 0.000000
0 -115 0.000000
0 -110 0.000000
0 -105 0.000000
0 -100 0.000000
0 -95 0.000000
0 -90 0.000000
0 -85 0.000000
0 -80 0.000000
0 -75 0.000000
0 -70 0.000000
0 -65 0.000000
0 -60 0.000000
0 -55 0.000000
0 -50 0.000000
0 -45 0.000000
0 -40 0.000000
0 -35 0.000000
0 -30 0.000000
0 -25 0.000000
0 -20 0.000000
0 -15 0.000000
0 -10 0.000000
0 -5 0.000000
0 0 0.000000
0 5 0.000000
0 10 0.000000
0 15 0.000000
0 20 0.000000
0 25 0.000000
0 30 0.000000
0 35 0.000000
0 40 0.000000
0 45 0.000000
0 50 0.000000
0 55 0.000000
0 60 0.000000
0 65 0.000000
0 70 0.000000
0 75 0.000000
0 80 0.000000
0 85 0.000000
0 90 0.000000
0 95 0.000000
0 100 0.000000
0 105 0.000000
0 110 0.000000
0 115 0.000000
0 120 0.000000
0 125 0.000000
0 130 0.000000
0 135 0.000000
0 140 0.000000
0 145 0.000000
0 150 0.000000
0 155 0.000000
0 160 0.000000
0 165 0.000000
0 170 0.000000
0 175 0.000000
5 -180 0.000000
5 -175 0.000000
5 -170 0.000000
5 -165 0.000000
5 -160 0.000000
5 -155 0.000000
5 -150 0.000000
5 -145 0.000000
5 -140 0.000000
5 -135 0.000000
5 -130 0.000000
5 -125 0.000000
5 -120 0.000000
5 -115 0.000000
5 -110 0.000000
5 -105 0.000000
5 -100 0.000000
5 -95 0.000000
5 -90 0.000000
5 -85 0.000000
5 -80 0.000000
5 -75 0.000000
5 -70 0.000000
5 -65 0.000000
5 -60 0.000000
5 -55 0.000000
5 -50 0.000000
5 -45 0.000000
5 -40 0.000000
5 -35 0.000000
5 -30 0.000000
5 -25 0.000000
5 -20 0.000000
5 -15 0.000000
5 -10 0.000000
5 -5 0.000000
5 0 0.000000
5 5 0.000000
5 10 0.000000
5 15 0.000000
5 20 0.000000
5 25 0.000000
5 30 0.000000
5 35 0.000000
5 40 0.000000
5 45 0.000000
5 50 0.000000
5 55 0.000000
5 60 0.000000
5 65 0.000000
5 70 0.000000
5 75 0.000000
5 80 0.000000
5 85 0.000000
5 90 0.000000
5 95 0.000000
5 100 0.000000
5 105 0.000000
5 110 0.000000
5 115 0.000000
5 120 0.000000
5 125 0.000000
5 130 0.000000
5 135 0.000000
5 140 0.000000
5 145 0.000000
5 150 0.000000
5 155 0.000000
5 160 0.000000
5 165 0.000000
5 170 0.000000
5 175 0.000000
10 -180 0.000000
10 -175 0.000000
10 -170 0.000000
10 -165 0.000000
10 -160 0.000000
10 -155 0.000000
10 -150 0.000000
10 -145 0.000000
10 -140 0.000000
10 -135 0.000000
10 -130 0.000000
10 -125 0.000000
10 -120 0.000000
10 -115 0.000000
10 -110 0.000000
10 -105 0.000000
10 -100 0.000000
10 -95 0.000000
10 -90 0.000000
10 -85 0.000000
10 -80 0.000000
10 -75 0.000000
10 -70 0.000000
10 -65 0.000000
10 -60 0.000000
10 -55 0.000000
10 -50 0.000000
10 -45 0.000000
10 -40 0.000000
10 -35 0.000000
10 -30 0.000000
10 -25 0.000000
10 -20 0.000000
10 -15 0.000000
10 -10 0.000000
10 -5 0.000000
10 0 0.000000
10 5 0.000000
10 10 0.000000
10 15 0.000000
10 20 0.000000
10 25 0.000000
10 30 0.000000
10 35 0.000000
10 40 0.000000
10 45 0.000000
10 50 0.000000
10 55 0.000000
10 60 0.000000
10 65 0.000000
10 70 0.000000
10 75 0.000000
10 80 0.000000
10 85 0.000000
10 90 0.000000
10 95 0.000000
10 100 0.000000
10 105 0.000000
10 110 0.000000
10 115 0.000000
10 120 0.000000
10 125 0.000000
10 130 0.000000
10 135 0.000000
10 140 0.000000
10 145 0.000000
10 150 0.000000
10 155 0.000000
10 160 0.000000
10 165 0.000000
10 170 0.000000
10 175 0.000000
15 -180 0.000000
15 -175 0.000000
15 -170 0.000000
15 -165 0.000000
15 -160 0.000000
15 -155 0.000000
15 -150 0.000000
15 -145 0.000000
15 -140 0.000000
15 -135 0.000000
15 -130 0.000000
15 -125 0.000000
15 -120 0.000000
15 -115 0.000000
15 -110 0.000000
15 -105 0.000000
15 -100 0.000000
15 -95 0.000000
15 -90 0.000000
15 -85 0.000000
15 -80 0.000000
15 -75 0.000000
15 -70 0.000000
15 -65 0.000000
15 -60 0.000000
15 -55 0.000000
15 -50 0.000000
15 -45 0.000000
15 -40 0.000000
15 -35 0.000000
15 -30 0.000000
15 -25 0.000000
15 -20 0.000000
15 -15 0.000000
15 -10 0.000000
15 -5 0.000000
15 0 0.000000
15 5 0.000000
15 10 0.000000
15 15 0.000000
15 20 0.000000
15 25 0.000000
15 30 0.000000
15 35 0.000000
15 40 0.000000
15 45 0.000000
15 50 0.000000
15 55 0.000000
15 60 0.000000
15 65 0.000000
15 70 0.000000
15 75 0.000000
15 80 0.000000
15 85 0.000000
15 90 0.000000
15 95 0.000000
15 100 0.000000
15 105 0.000000
15 110 0.000000
15 115 0.000000
15 120 0.000000
15 125 0.000000
15 130 0.000000
15 135 0.000000
15 140 0.000000
15 145 0.000000
15 150 0.000000
15 155 0.000000
15 160 0.000000
15 165 0.000000
15 170 0.000000
15 175 0.000000
20 -180 0.000000
20 -175 0.000000
20 -170 0.000000
20 -165 0.000000
20 -160 0.000000
20 -155 0.000000
20 -150 0.000000
20 -145 0.000000
20 -140 0.000000
20 -135 0.000000
20 -130 0.000000
20 -125 0.000000
20 -120 0.000000
20 -115 0.000000
20 -110 0.000000
20 -105 0.000000
20 -100 0.000000
20 -95 0.000000
20 -90 0.000000
20 -85 0.000000
20 -80 0.000000
20 -75 0.000000
20 -70 0.000000
20 -65 0.000000
20 -60 0.000000
20 -55 0.000000
20 -50 0.000000
20 -45 0.000000
20 -40 0.000000
20 -35 0.000000
20 -30 0.000000
20 -25 0.000000
20 -20 0.000000
20 -15 0.000000
20 -10 0.000000
20 -5 0.000000
20 0 0.000000
20 5 0.000000
20 10 0.000000
20 15 0.000000
20 20 0.000000
20 25 0.000000
20 30 0.000000
20 35 0.000000
20 40 0.000000
20 45 0.000000
20 50 0.000000
20 55 0.000000
20 60 0.000000
20 65 0.000000
20 70 0.000000
20 75 0.000000
20 80 0.000000
20 85 0.000000
20 90 0.000000
20 95 0.000000
20 100 0.000000
20 105 0.000000
20 110 0.000000
20 115 0.000000
20 120 0.000000
20 125 0.000000
20 130 0.000000
20 135 0.000000
20 140 0.000000
20 145 0.000000
20 150 0.000000
20 155 0.000000
20 160 0.000000
20 165 0.000000
20 170 0.000000
20 175 0.000000
25 -180 0.000000
25 -175 0.000000
25 -170 0.000000
25 -165 0.000000
25 -160 0.000000
25 -155 0.000000
25 -150 0.000000
25 -145 0.000000
25 -140 0.000000
25 -135 0.000000
25 -130 0.000000
25 -125 0.000000
25 -120 0.000000
25 -115 0.000000
25 -110 0.000000
25 -105 0.000000
25 -100 0.000000
25 -95 0.000000
25 -90 0.000000
25 -85 0.000000
25 -80 0.000000
25 -75 0.000000
25 -70 0.000000
25 -65 0.000000
25 -60 0.000000
25 -55 0.000000
25 -50 0.000000
25 -45 0.000000
25 -40 0.000000
25 -35 0.000000
25 -30 0.000000
25 -25 0.000000
25 -20 0.000000
25 -15 0.000000
25 -10 0.000000
25 -5 0.000000
25 0 0.000000
25 5 0.000000
25 10 0.000000
25 15 0.000000
25 20 0.000000
25 25 0.000000
25 30 0.000000
25 35 0.000000
25 40 0.000000
25 45 0.000000
25 50 0.000000
25 55 0.000000
25 60 0.000000
25 65 0.000000
25 70 0.000000
25 75 0.000000
25 80 0.000000
25 85 0.000000
25 90 0.000000
25 95 0.000000
25 100 0.000000
25 105 0.000000
25 110 0.000000
25 115 0.000000
25 120 0.000000
25 125 0.000000
25 130 0.000000
25 135 0.000000
25 140 0.000000
25 145 0.000000
25 150 0.000000
25 155 0.000000
25 160 0.000000
25 165 0.000000
25 170 0.000000
25 175 0.000000
30 -180 0.000000
30 -175 0.000000
30 -170 0.000000
30 -165 0.000000
30 -160 0.000000
30 -155 0.000000
30 -150 0.000000
30 -145 0.000000
30 -140 0.000000
30 -135 0.000000
30 -130 0.000000
30 -125 0.000000
30 -120 0.000000
30 -115 0.000000
30 -110 0.000000
30 -105 0.000000
30 -100 0.000000
30 -95 0.000000
30 -90 0.000000
30 -85 0.000000
30 -80 0.000000
30 -75 0.000000
30 -70 0.000000
30 -65 0.000000
30 -60 0.000000
30 -55 0.000000
30 -50 0.000000
30 -45 0.000000
30 -40 0.000000
30 -35 0.000000
30 -30 0.000000
30 -25 0.000000
30 -20 0.000000
30 -15 0.000000
30 -10 0.000000
30 -5 0.000000
30 0 0.000000
30 5 0.000369
30 10 0.001274
30 15 0.002873
30 20 0.005173
30 25 0.007937
30 30 0.010656
30 35 0.012557
30 40 0.013479
30 45 0.013008
30 50 0.010828
30 55 0.007627
30 60 0.004430
30 65 0.002025
30 70 0.000602
30 75 0.000000
30 80 0.000000
30 85 0.000000
30 90 0.000000
30 95 0.000000
30 100 0.000000
30 105 0.000000
30 110 0.000000
30 115 0.000000
30 120 0.000000
30 125 0.000000
30 130 0.000000
30 135 0.000000
30 140 0.000000
30 145 0.000000
30 150 0.000000
30 155 0.000000
30 160 0.000000
30 165 0.000000
30 170 0.000000
30 175 0.000000
35 -180 0.000000
35 -175 0.000000
35 -170 0.000000
35 -165 0.000000
35 -160 0.000000
35 -155 0.000000
35 -150 0.000000
35 -145 0.000000
35 -140 0.000000
35 -135 0.000000
35 -130 0.000000
35 -125 0.000000
35 -120 0.000000
35 -115 0.000000
35 -110 0.000000
35 -105 0.000000
35 -100 0.000000
35 -95 0.000000
35 -90 0.000000
35 -85 0.000000
35 -80 0.000000
35 -75 0.000000
35 -70 0.000000
35 -65 0.000000
35 -60 0.000000
35 -55 0.000000
35 -50 0.000000
35 -45 0.000000
35 -40 0.000000
35 -35 0.000000
35 -30 0.000000
35 -25 0.000000
35 -20 0.000000
35 -15 0.000000
35 -10 0.000000
35 -5 0.000000
35 0 0.000000
35 5 0.001189
35 10 0.004929
35 15 0.011468
35 20 0.020767
35 25 0.031964
35 30 0.042041
35 35 0.048177
35 40 0.050127
35 45 0.047316
35 50 0.039250
35 55 0.027834
35 60 0.016819
35 65 0.008354
35 70 0.002861
35 75 0.000461
35 80 0.000119
35 85 0.000000
35 90 0.000000
35 95 0.000000
35 100 0.000000
35 105 0.000000
35 110 0.000000
35 115 0.000000
35 120 0.000000
35 125 0.000000
35 130 0.000000
35 135 0.000000
35 140 0.000000
35 145 0.000000
35 150 0.000000
35 155 0.000000
35 160 0.000000
35 165 0.000000
35 170 0.000000
35 175 0.000000
40 -180 0.000000
40 -175 0.000000
40 -170 0.000000
40 -165 0.000000
40 -160 0.000000
40 -155 0.000000
40 -150 0.000000
40 -145 0.000000
40 -140 0.000000
40 -135 0.000000
40 -130 0.000000
40 -125 0.000000
40 -120 0.000000
40 -115 0.000000
40 -110 0.000000
40 -105 0.000000
40 -100 0.000000
40 -95 0.000000
40 -90 0.000000
40 -85 0.000000
40 -80 0.000000
40 -75 0.000000
40 -70 0.000000
40 -65 0.000000
40 -60 0.000000
40 -55 0.000000
40 -50 0.000000
40 -45 0.000000
40 -40 0.000000
40 -35 0.000000
40 -30 0.000000
40 -25 0.000000
40 -20 0.000000
40 -15 0.000000
40 -10 0.000000
40 -5 0.000249
40 0 0.001034
40 5 0.004733
40 10 0.014605
40 15 0.030555
40 20 0.051648
40 25 0.075612
40 30 0.095959
40 35 0.107334
40 40 0.110071
40 45 0.103732
40 50 0.087570
40 55 0.064226
40 60 0.040942
40 65 0.022025
40 70 0.008787
40 75 0.002279
40 80 0.000625
40 85 0.000000
40 90 0.000000
40 95 0.000000
40 100 0.000000
40 105 0.000000
40 110 0.000000
40 115 0.000000
40 120 0.000000
40 125 0.000000
40 130 0.000000
40 135 0.000000
40 140 0.000000
40 145 0.000000
40 150 0.000000
40 155 0.000000
40 160 0.000000
40 165 0.000000
40 170 0.000000
40 175 0.000000
45 -180 0.000000
45 -175 0.000000
45 -170 0.000000
45 -165 0.000000
45 -160 0.000000
45 -155 0.000000
45 -150 0.000000
45 -145 0.000000
45 -140 0.000000
45 -135 0.000000
45 -130 0.000000
45 -125 0.000000
45 -120 0.000000
45 -115 0.000000
45 -110 0.000000
45 -105 0.000000
45 -100 0.000000
45 -95 0.000000
45 -90 0.000000
45 -85 0.000000
45 -80 0.000000
45 -75 0.000000
45 -70 0.000000
45 -65 0.000000
45 -60 0.000000
45 -55 0.000000
45 -50 0.000000
45 -45 0.000000
45 -40 0.000000
45 -35 0.000000
45 -30 0.000000
45 -25 0.000000
45 -20 0.000000
45 -15 0.000000
45 -10 0.000577
45 -5 0.002419
45 0 0.006463
45 5 0.016124
45 10 0.037123
45 15 0.067541
45 20 0.104785
45 25 0.144807
45 30 0.176366
45 35 0.191135
45 40 0.191328
45 45 0.177904
45 50 0.150618
45 55 0.112040
45 60 0.073570
45 65 0.041320
45 70 0.017630
45 75 0.005307
45 80 0.001446
45 85 0.000000
45 90 0.000000
45 95 0.000000
45 100 0.000000
45 105 0.000000
45 110 0.000000
45 115 0.000000
45 120 0.000000
45 125 0.000000
45 130 0.000000
45 135 0.000000
45 140 0.000000
45 145 0.000000
45 150 0.000000
45 155 0.000000
45 160 0.000000
45 165 0.000000
45 170 0.000000
45 175 0.000000
50 -180 0.000000
50 -175 0.000000
50 -170 0.000000
50 -165 0.000000
50 -160 0.000000
50 -155 0.000000
50 -150 0.000000
50 -145 0.000000
50 -140 0.000000
50 -135 0.000000
50 -130 0.000000
50 -125 0.000000
50 -120 0.000000
50 -115 0.000000
50 -110 0.000000
50 -105 0.000000
50 -100 0.000000
50 -95 0.000000
50 -90 0.000000
50 -85 0.000000
50 -80 0.000000
50 -75 0.000000
50 -70 0.000000
50 -65 0.000000
50 -60 0.000000
50 -55 0.000000
50 -50 0.000000
50 -45 0.000000
50 -40 0.000000
50 -35 0.000000
50 -30 0.000000
50 -25 0.000000
50 -20 0.000175
50 -15 0.000871
50 -10 0.003316
50 -5 0.009110
50 0 0.019882
50 5 0.038673
50 10 0.073198
50 15 0.118486
50 20 0.169551
50 25 0.220788
50 30 0.257472
50 35 0.270622
50 40 0.265168
50 45 0.244553
50 50 0.209460
50 55 0.159732
50 60 0.109020
50 65 0.064258
50 70 0.029378
50 75 0.009986
50 80 0.002693
50 85 0.000000
50 90 0.000000
50 95 0.000000
50 100 0.000000
50 105 0.000000
50 110 0.000000
50 115 0.000000
50 120 0.000000
50 125 0.000000
50 130 0.000000
50 135 0.000000
50 140 0.000000
50 145 0.000000
50 150 0.000000
50 155 0.000000
50 160 0.000000
50 165 0.000000
50 170 0.000000
50 175 0.000000
55 -180 0.000000
55 -175 0.000000
55 -170 0.000000
55 -165 0.000000
55 -160 0.000000
55 -155 0.000000
55 -150 0.000000
55 -145 0.000000
55 -140 0.000000
55 -135 0.000000
55 -130 0.000000
55 -125 0.000000
55 -120 0.000000
55 -115 0.000000
55 -110 0.000000
55 -105 0.000000
55 -100 0.000000
55 -95 0.000000
55 -90 0.000000
55 -85 0.000053
55 -80 0.000730
55 -75 0.001684
55 -70 0.003050
55 -65 0.004327
55 -60 0.004806
55 -55 0.004174
55 -50 0.002833
55 -45 0.001502
55 -40 0.000604
55 -35 0.000000
55 -30 0.000000
55 -25 0.000000
55 -20 0.000459
55 -15 0.002281
55 -10 0.007629
55 -5 0.019175
55 0 0.039181
55 5 0.068617
55 10 0.115504
55 15 0.170902
55 20 0.227400
55 25 0.278790
55 30 0.309995
55 35 0.314290
55 40 0.299855
55 45 0.273370
55 50 0.236994
55 55 0.185671
55 60 0.131894
55 65 0.081392
55 70 0.039506
55 75 0.014645
55 80 0.003919
55 85 0.000121
55 90 0.000719
55 95 0.001570
55 100 0.002710
55 105 0.003689
55 110 0.003957
55 115 0.003338
55 120 0.002212
55 125 0.001149
55 130 0.000429
55 135 0.000000
55 140 0.000000
55 145 0.000000
55 150 0.000000
55 155 0.000000
55 160 0.000000
55 165 0.000000
55 170 0.000000
55 175 0.000000
60 -180 0.000000
60 -175 0.000000
60 -170 0.000000
60 -165 0.000000
60 -160 0.000000
60 -155 0.000000
60 -150 0.000000
60 -145 0.000000
60 -140 0.000000
60 -135 0.000000
60 -130 0.000000
60 -125 0.000000
60 -120 0.000000
60 -115 0.000000
60 -110 0.000000
60 -105 0.000000
60 -100 0.000000
60 -95 0.000000
60 -90 0.000000
60 -85 0.000135
60 -80 0.001870
60 -75 0.004315
60 -70 0.007812
60 -65 0.011084
60 -60 0.012311
60 -55 0.010693
60 -50 0.007258
60 -45 0.003846
60 -40 0.001547
60 -35 0.000000
60 -30 0.000000
60 -25 0.000000
60 -20 0.000878
60 -15 0.004363
60 -10 0.013401
60 -5 0.031624
60 0 0.061360
60 5 0.099950
60 10 0.153405
60 15 0.209356
60 20 0.259102
60 25 0.297413
60 30 0.312850
60 35 0.303768
60 40 0.280477
60 45 0.252163
60 50 0.222165
60 55 0.179934
60 60 0.133649
60 65 0.086351
60 70 0.044285
60 75 0.017590
60 80 0.004646
60 85 0.000337
60 90 0.002004
60 95 0.004378
60 100 0.007555
60 105 0.010285
60 110 0.011030
60 115 0.009305
60 120 0.006166
60 125 0.003204
60 130 0.001195
60 135 0.000000
60 140 0.000000
60 145 0.000000
60 150 0.000000
60 155 0.000000
60 160 0.000000
60 165 0.000000
60 170 0.000000
60 175 0.000000
65 -180 0.000000
65 -175 0.000000
65 -170 0.000000
65 -165 0.000000
65 -160 0.000000
65 -155 0.000000
65 -150 0.000000
65 -145 0.000000
65 -140 0.000000
65 -135 0.000000
65 -130 0.000000
65 -125 0.000000
65 -120 0.000000
65 -115 0.000000
65 -110 0.000000
65 -105 0.000000
65 -100 0.000000
65 -95 0.000000
65 -90 0.000000
65 -85 0.000256
65 -80 0.003557
65 -75 0.008207
65 -70 0.014858
65 -65 0.021082
65 -60 0.023415
65 -55 0.020338
65 -50 0.013804
65 -45 0.007316
65 -40 0.002943
65 -35 0.000000
65 -30 0.000000
65 -25 0.000000
65 -20 0.001315
65 -15 0.006550
65 -10 0.019289
65 -5 0.043240
65 0 0.080091
65 5 0.123110
65 10 0.174345
65 15 0.220154
65 20 0.252940
65 25 0.270335
65 30 0.267008
65 35 0.246596
65 40 0.219351
65 45 0.194269
65 50 0.174892
65 55 0.147329
65 60 0.114678
65 65 0.077341
65 70 0.041587
65 75 0.017427
65 80 0.004522
65 85 0.000655
65 90 0.003892
65 95 0.008504
65 100 0.014674
65 105 0.019976
65 110 0.021424
65 115 0.018073
65 120 0.011975
65 125 0.006224
65 130 0.002322
65 135 0.000000
65 140 0.000000
65 145 0.000000
65 150 0.000000
65 155 0.000000
65 160 0.000000
65 165 0.000000
65 170 0.000000
65 175 0.000000
70 -180 0.000000
70 -175 0.000000
70 -170 0.000000
70 -165 0.000000
70 -160 0.000000
70 -155 0.000000
70 -150 0.000000
70 -145 0.000000
70 -140 0.000000
70 -135 0.000000
70 -130 0.000000
70 -125 0.000000
70 -120 0.000000
70 -115 0.000000
70 -110 0.000000
70 -105 0.000000
70 -100 0.000000
70 -95 0.000000
70 -90 0.000000
70 -85 0.000381
70 -80 0.005293
70 -75 0.012213
70 -70 0.022111
70 -65 0.031372
70 -60 0.034844
70 -55 0.030265
70 -50 0.020541
70 -45 0.010887
70 -40 0.004380
70 -35 0.000000
70 -30 0.000000
70 -25 0.000000
70 -20 0.001546
70 -15 0.007716
70 -10 0.022323
70 -5 0.048139
70 0 0.085863
70 5 0.126194
70 10 0.167232
70 15 0.196868
70 20 0.210506
70 25 0.209196
70 30 0.193138
70 35 0.168887
70 40 0.144557
70 45 0.126370
70 50 0.117055
70 55 0.103056
70 60 0.083956
70 65 0.058747
70 70 0.032802
70 75 0.014311
70 80 0.003637
70 85 0.000999
70 90 0.005940
70 95 0.012978
70 100 0.022395
70 105 0.030488
70 110 0.032697
70 115 0.027582
70 120 0.018276
70 125 0.009499
70 130 0.003543
70 135 0.000000
70 140 0.000000
70 145 0.000000
70 150 0.000000
70 155 0.000000
70 160 0.000000
70 165 0.000000
70 170 0.000000
70 175 0.000000
75 -180 0.000000
75 -175 0.000000
75 -170 0.000000
75 -165 0.000000
75 -160 0.000000
75 -155 0.000000
75 -150 0.000000
75 -145 0.000000
75 -140 0.000000
75 -135 0.000000
75 -130 0.000000
75 -125 0.000000
75 -120 0.000000
75 -115 0.000000
75 -110 0.000000
75 -105 0.000000
75 -100 0.000000
75 -95 0.000000
75 -90 0.000000
75 -85 0.000444
75 -80 0.006169
75 -75 0.014234
75 -70 0.025771
75 -65 0.036565
75 -60 0.040612
75 -55 0.035275
75 -50 0.023942
75 -45 0.012689
75 -40 0.005104
75 -35 0.000000
75 -30 0.000000
75 -25 0.000000
75 -20 0.001427
75 -15 0.007155
75 -10 0.021331
75 -5 0.044937
75 0 0.078076
75 5 0.110884
75 10 0.138461
75 15 0.151669
75 20 0.149481
75 25 0.136063
75 30 0.115192
75 35 0.093322
75 40 0.076093
75 45 0.065634
75 50 0.063579
75 55 0.059391
75 60 0.051047
75 65 0.037141
75 70 0.021500
75 75 0.009746
75 80 0.002424
75 85 0.001200
75 90 0.007135
75 95 0.015587
75 100 0.026898
75 105 0.036617
75 110 0.039269
75 115 0.033127
75 120 0.021950
75 125 0.011408
75 130 0.004255
75 135 0.000000
75 140 0.000000
75 145 0.000000
75 150 0.000000
75 155 0.000000
75 160 0.000000
75 165 0.000000
75 170 0.000000
75 175 0.000000
80 -180 0.000000
80 -175 0.000000
80 -170 0.000000
80 -165 0.000000
80 -160 0.000000
80 -155 0.000000
80 -150 0.000000
80 -145 0.000000
80 -140 0.000000
80 -135 0.000000
80 -130 0.000000
80 -125 0.000000
80 -120 0.000000
80 -115 0.000000
80 -110 0.000000
80 -105 0.000000
80 -100 0.000000
80 -95 0.000000
80 -90 0.000000
80 -85 0.000406
80 -80 0.005639
80 -75 0.013010
80 -70 0.023554
80 -65 0.033420
80 -60 0.037118
80 -55 0.032240
80 -50 0.021882
80 -45 0.011597
80 -40 0.004665
80 -35 0.000000
80 -30 0.000000
80 -25 0.000000
80 -20 0.001036
80 -15 0.005244
80 -10 0.017444
80 -5 0.036621
80 0 0.062993
80 5 0.087761
80 10 0.104023
80 15 0.105493
80 20 0.093964
80 25 0.075712
80 30 0.056355
80 35 0.040059
80 40 0.030807
80 45 0.026502
80 50 0.027689
80 55 0.027998
80 60 0.025436
80 65 0.019142
80 70 0.011443
80 75 0.005329
80 80 0.001297
80 85 0.001136
80 90 0.006753
80 95 0.014754
80 100 0.025459
80 105 0.034659
80 110 0.037170
80 115 0.031356
80 120 0.020777
80 125 0.010798
80 130 0.004028
80 135 0.000000
80 140 0.000000
80 145 0.000000
80 150 0.000000
80 155 0.000000
80 160 0.000000
80 165 0.000000
80 170 0.000000
80 175 0.000000
85 -180 0.000000
85 -175 0.000000
85 -170 0.000000
85 -165 0.000000
85 -160 0.000000
85 -155 0.000000
85 -150 0.000000
85 -145 0.000000
85 -140 0.000000
85 -135 0.000000
85 -130 0.000000
85 -125 0.000000
85 -120 0.000000
85 -115 0.000000
85 -110 0.000000
85 -105 0.000000
85 -100 0.000000
85 -95 0.000000
85 -90 0.000000
85 -85 0.000291
85 -80 0.004047
85 -75 0.009337
85 -70 0.016905
85 -65 0.023985
85 -60 0.026639
85 -55 0.023139
85 -50 0.015705
85 -45 0.008323
85 -40 0.003348
85 -35 0.000000
85 -30 0.000000
85 -25 0.000000
85 -20 0.000593
85 -15 0.003057
85 -10 0.012681
85 -5 0.027003
85 0 0.046601
85 5 0.064510
85 10 0.073576
85 15 0.069492
85 20 0.055653
85 25 0.039121
85 30 0.025007
85 35 0.014525
85 40 0.010780
85 45 0.009248
85 50 0.010045
85 55 0.010477
85 60 0.009717
85 65 0.007377
85 70 0.004429
85 75 0.002104
85 80 0.000485
85 85 0.000849
85 90 0.005045
85 95 0.011021
85 100 0.019018
85 105 0.025890
85 110 0.027766
85 115 0.023423
85 120 0.015520
85 125 0.008066
85 130 0.003009
85 135 0.000000
85 140 0.000000
85 145 0.000000
85 150 0.000000
85 155 0.000000
85 160 0.000000
85 165 0.000000
85 170 0.000000
85 175 0.000000
90 -180 0.000000
90 -175 0.000000
90 -170 0.000000
90 -165 0.000000
90 -160 0.000000
90 -155 0.000000
90 -150 0.000000
90 -145 0.000000
90 -140 0.000000
90 -135 0.000000
90 -130 0.000000
90 -125 0.000000
90 -120 0.000000
90 -115 0.000000
90 -110 0.000000
90 -105 0.000000
90 -100 0.000000
90 -95 0.000000
90 -90 0.000000
90 -85 0.000164
90 -80 0.002284
90 -75 0.005270
90 -70 0.009541
90 -65 0.013537
90 -60 0.015035
90 -55 0.013059
90 -50 0.008863
90 -45 0.004697
90 -40 0.001890
90 -35 0.000000
90 -30 0.000000
90 -25 0.000000
90 -20 0.000268
90 -15 0.001433
90 -10 0.008195
90 -5 0.017826
90 0 0.031158
90 5 0.043260
90 10 0.048019
90 15 0.042640
90 20 0.030420
90 25 0.017516
90 30 0.008123
90 35 0.001989
90 40 0.001596
90 45 0.001938
90 50 0.002832
90 55 0.003378
90 60 0.003226
90 65 0.002450
90 70 0.001471
90 75 0.000698
90 80 0.000161
90 85 0.000501
90 90 0.002977
90 95 0.006505
90 100 0.011225
90 105 0.015280
90 110 0.016387
90 115 0.013824
90 120 0.009160
90 125 0.004761
90 130 0.001776
90 135 0.000000
90 140 0.000000
90 145 0.000000
90 150 0.000000
90 155 0.000000
90 160 0.000000
90 165 0.000000
90 170 0.000000
90 175 0.000000
95 -180 0.000000
95 -175 0.000000
95 -170 0.000000
95 -165 0.000000
95 -160 0.000000
95 -155 0.000000
95 -150 0.000000
95 -145 0.000000
95 -140 0.000000
95 -135 0.000000
95 -130 0.000000
95 -125 0.000000
95 -120 0.000000
95 -115 0.000000
95 -110 0.000000
95 -105 0.000000
95 -100 0.000000
95 -95 0.000000
95 -90 0.000000
95 -85 0.000073
95 -80 0.001015
95 -75 0.002342
95 -70 0.004241
95 -65 0.006017
95 -60 0.006683
95 -55 0.005804
95 -50 0.003939
95 -45 0.002088
95 -40 0.000840
95 -35 0.000000
95 -30 0.000000
95 -25 0.000000
95 -20 0.000038
95 -15 0.000267
95 -10 0.004311
95 -5 0.009957
95 0 0.018093
95 5 0.025795
95 10 0.028795
95 15 0.025129
95 20 0.017126
95 25 0.009097
95 30 0.003719
95 35 0.000000
95 40 0.000000
95 45 0.000000
95 50 0.000000
95 55 0.000000
95 60 0.000000
95 65 0.000000
95 70 0.000000
95 75 0.000000
95 80 0.000000
95 85 0.000234
95 90 0.001389
95 95 0.003036
95 100 0.005238
95 105 0.007131
95 110 0.007648
95 115 0.006452
95 120 0.004275
95 125 0.002222
95 130 0.000829
95 135 0.000000
95 140 0.000000
95 145 0.000000
95 150 0.000000
95 155 0.000000
95 160 0.000000
95 165 0.000000
95 170 0.000000
95 175 0.000000
100 -180 0.000000
100 -175 0.000000
100 -170 0.000000
100 -165 0.000000
100 -160 0.000000
100 -155 0.000000
100 -150 0.000000
100 -145 0.000000
100 -140 0.000000
100 -135 0.000000
100 -130 0.000000
100 -125 0.000000
100 -120 0.000000
100 -115 0.000000
100 -110 0.000000
100 -105 0.000000
100 -100 0.000000
100 -95 0.000000
100 -90 0.000000
100 -85 0.000009
100 -80 0.000119
100 -75 0.000274
100 -70 0.000496
100 -65 0.000704
100 -60 0.000782
100 -55 0.000680
100 -50 0.000461
100 -45 0.000244
100 -40 0.000098
100 -35 0.000000
100 -30 0.000000
100 -25 0.000000
100 -20 0.000000
100 -15 0.000044
100 -10 0.002275
100 -5 0.005401
100 0 0.010008
100 5 0.014469
100 10 0.016314
100 15 0.014341
100 20 0.009826
100 25 0.005247
100 30 0.002169
100 35 0.000000
100 40 0.000000
100 45 0.000000
100 50 0.000000
100 55 0.000000
100 60 0.000000
100 65 0.000000
100 70 0.000000
100 75 0.000000
100 80 0.000000
100 85 0.000047
100 90 0.000280
100 95 0.000611
100 100 0.001054
100 105 0.001435
100 110 0.001539
100 115 0.001298
100 120 0.000860
100 125 0.000447
100 130 0.000167
100 135 0.000000
100 140 0.000000
100 145 0.000000
100 150 0.000000
100 155 0.000000
100 160 0.000000
100 165 0.000000
100 170 0.000000
100 175 0.000000
105 -180 0.000000
105 -175 0.000000
105 -170 0.000000
105 -165 0.000000
105 -160 0.000000
105 -155 0.000000
105 -150 0.000000
105 -145 0.000000
105 -140 0.000000
105 -135 0.000000
105 -130 0.000000
105 -125 0.000000
105 -120 0.000000
105 -115 0.000000
105 -110 0.000000
105 -105 0.000000
105 -100 0.000000
105 -95 0.000000
105 -90 0.000000
105 -85 0.000000
105 -80 0.000000
105 -75 0.000000
105 -70 0.000000
105 -65 0.000000
105 -60 0.000000
105 -55 0.000000
105 -50 0.000000
105 -45 0.000000
105 -40 0.000000
105 -35 0.000000
105 -30 0.000000
105 -25 0.000000
105 -20 0.000000
105 -15 0.000020
105 -10 0.001048
105 -5 0.002489
105 0 0.004612
105 5 0.006667
105 10 0.007517
105 15 0.006608
105 20 0.004528
105 25 0.002418
105 30 0.000999
105 35 0.000000
105 40 0.000000
105 45 0.000000
105 50 0.000000
105 55 0.000000
105 60 0.000000
105 65 0.000000
105 70 0.000000
105 75 0.000000
105 80 0.000000
105 85 0.000000
105 90 0.000000
105 95 0.000000
105 100 0.000000
105 105 0.000000
105 110 0.000000
105 115 0.000000
105 120 0.000000
105 125 0.000000
105 130 0.000000
105 135 0.000000
105 140 0.000000
105 145 0.000000
105 150 0.000000
105 155 0.000000
105 160 0.000000
105 165 0.000000
105 170 0.000000
105 175 0.000000
110 -180 0.000000
110 -175 0.000000
110 -170 0.000000
110 -165 0.000000
110 -160 0.000000
110 -155 0.000000
110 -150 0.000000
110 -145 0.000000
110 -140 0.000000
110 -135 0.000000
110 -130 0.000000
110 -125 0.000000
110 -120 0.000000
110 -115 0.000000
110 -110 0.000000
110 -105 0.000000
110 -100 0.000000
110 -95 0.000000
110 -90 0.000000
110 -85 0.000000
110 -80 0.000000
110 -75 0.000000
110 -70 0.000000
110 -65 0.000000
110 -60 0.000000
110 -55 0.000000
110 -50 0.000000
110 -45 0.000000
110 -40 0.000000
110 -35 0.000000
110 -30 0.000000
110 -25 0.000000
110 -20 0.000000
110 -15 0.000004
110 -10 0.000188
110 -5 0.000447
110 0 0.000829
110 5 0.001198
110 10 0.001351
110 15 0.001187
110 20 0.000814
110 25 0.000434
110 30 0.000180
110 35 0.000000
110 40 0.000000
110 45 0.000000
110 50 0.000000
110 55 0.000000
110 60 0.000000
110 65 0.000000
110 70 0.000000
110 75 0.000000
110 80 0.000000
110 85 0.000000
110 90 0.000000
110 95 0.000000
110 100 0.000000
110 105 0.000000
110 110 0.000000
110 115 0.000000
110 120 0.000000
110 125 0.000000
110 130 0.000000
110 135 0.000000
110 140 0.000000
110 145 0.000000
110 150 0.000000
110 155 0.000000
110 160 0.000000
110 165 0.000000
110 170 0.000000
110 175 0.000000
115 -180 0.000000
115 -175 0.000000
115 -170 0.000000
115 -165 0.000000
115 -160 0.000000
115 -155 0.000000
115 -150 0.000000
115 -145 0.000000
115 -140 0.000000
115 -135 0.000000
115 -130 0.000000
115 -125 0.000000
115 -120 0.000000
115 -115 0.000000
115 -110 0.000000
115 -105 0.000000
115 -100 0.000000
115 -95 0.000000
115 -90 0.000000
115 -85 0.000000
115 -80 0.000000
115 -75 0.000000
115 -70 0.000000
115 -65 0.000000
115 -60 0.000000
115 -55 0.000000
115 -50 0.000000
115 -45 0.000000
115 -40 0.000000
115 -35 0.000000
115 -30 0.000000
115 -25 0.000000
115 -20 0.000000
115 -15 0.000000
115 -10 0.000000
115 -5 0.000000
115 0 0.000000
115 5 0.000000
115 10 0.000000
115 15 0.000000
115 20 0.000000
115 25 0.000000
115 30 0.000000
115 35 0.000000
115 40 0.000000
115 45 0.000000
115 50 0.000000
115 55 0.000000
115 60 0.000000
115 65 0.000000
115 70 0.000000
115 75 0.000000
115 80 0.000000
115 85 0.000000
115 90 0.000000
115 95 0.000000
115 100 0.000000
115 105 0.000000
115 110 0.000000
115 115 0.000000
115 120 0.000000
115 125 0.000000
115 130 0.000000
115 135 0.000000
115 140 0.000000
115 145 0.000000
115 150 0.000000
115 155 0.000000
115 160 0.000000
115 165 0.000000
115 170 0.000000
115 175 0.000000
120 -180 0.000000
120 -175 0.000000
120 -170 0.000000
120 -165 0.000000
120 -160 0.000000
120 -155 0.000000
120 -150 0.000000
120 -145 0.000000
120 -140 0.000000
120 -135 0.000000
120 -130 0.000000
120 -125 0.000000
120 -120 0.000000
120 -115 0.000000
120 -110 0.000000
120 -105 0.000000
120 -100 0.000000
120 -95 0.000000
120 -90 0.000000
120 -85 0.000000
120 -80 0.000000
120 -75 0.000000
120 -70 0.000000
120 -65 0.000000
120 -60 0.000000
120 -55 0.000000
120 -50 0.000000
120 -45 0.000000
120 -40 0.000000
120 -35 0.000000
120 -30 0.000000
120 -25 0.000000
120 -20 0.000000
120 -15 0.000000
120 -10 0.000000
120 -5 0.000000
120 0 0.000000
120 5 0.000000
120 10 0.000000
120 15 0.000000
120 20 0.000000
120 25 0.000000
120 30 0.000000
120 35 0.000000
120 40 0.000000
120 45 0.000000
120 50 0.000000
120 55 0.000000
120 60 0.000000
120 65 0.000000
120 70 0.000000
120 75 0.000000
120 80 0.000000
120 85 0.000000
120 90 0.000000
120 95 0.000000
120 100 0.000000
120 105 0.000000
120 110 0.000000
120 115 0.000000
120 120 0.000000
120 125 0.000000
120 130 0.000000
120 135 0.000000
120 140 0.000000
120 145 0.000000
120 150 0.000000
120 155 0.000000
120 160 0.000000
120 165 0.000000
120 170 0.000000
120 175 0.000000
125 -180 0.000000
125 -175 0.000000
125 -170 0.000000
125 -165 0.000000
125 -160 0.000000
125 -155 0.000000
125 -150 0.000000
125 -145 0.000000
125 -140 0.000000
125 -135 0.000000
125 -130 0.000000
125 -125 0.000000
125 -120 0.000000
125 -115 0.000000
125 -110 0.000000
125 -105 0.000000
125 -100 0.000000
125 -95 0.000000
125 -90 0.000000
125 -85 0.000000
125 -80 0.000000
125 -75 0.000000
125 -70 0.000000
125 -65 0.000000
125 -60 0.000000
125 -55 0.000000
125 -50 0.000000
125 -45 0.000000
125 -40 0.000000
125 -35 0.000000
125 -30 0.000000
125 -25 0.000000
125 -20 0.000000
125 -15 0.000000
125 -10 0.000000
125 -5 0.000000
125 0 0.000000
125 5 0.000000
125 10 0.000000
125 15 0.000000
125 20 0.000000
125 25 0.000000
125 30 0.000000
125 35 0.000000
125 40 0.000000
125 45 0.000000
125 50 0.000000
125 55 0.000000
125 60 0.000000
125 65 0.000000
125 70 0.000000
125 75 0.000000
125 80 0.000000
125 85 0.000000
125 90 0.000000
125 95 0.000000
125 100 0.000000
125 105 0.000000
125 110 0.000000
125 115 0.000000
125 120 0.000000
125 125 0.000000
125 130 0.000000
125 135 0.000000
125 140 0.000000
125 145 0.000000
125 150 0.000000
125 155 0.000000
125 160 0.000000
125 165 0.000000
125 170 0.000000
125 175 0.000000
130 -180 0.000000
130 -175 0.000000
130 -170 0.000000
130 -165 0.000000
130 -160 0.000000
130 -155 0.000000
130 -150 0.000000
130 -145 0.000000
130 -140 0.000000
130 -135 0.000000
130 -130 0.000000
130 -125 0.000000
130 -120 0.000000
130 -115 0.000000
130 -110 0.000000
130 -105 0.000000
130 -100 0.000000
130 -95 0.000000
130 -90 0.000000
130 -85 0.000000
130 -80 0.000000
130 -75 0.000000
130 -70 0.000000
130 -65 0.000000
130 -60 0.000000
130 -55 0.000000
130 -50 0.000000
130 -45 0.000000
130 -40 0.000000
130 -35 0.000000
130 -30 0.000000
130 -25 0.000000
130 -20 0.000000
130 -15 0.000000
130 -10 0.000000
130 -5 0.000000
130 0 0.000000
130 5 0.000000
130 10 0.000000
130 15 0.000000
130 20 0.000000
130 25 0.000000
130 30 0.000000
130 35 0.000000
130 40 0.000000
130 45 0.000000
130 50 0.000000
130 55 0.000000
130 60 0.000000
130 65 0.000000
130 70 0.000000
130 75 0.000000
130 80 0.000000
130 85 0.000000
130 90 0.000000
130 95 0.000000
130 100 0.000000
130 105 0.000000
130 110 0.000000
130 115 0.000000
130 120 0.000000
130 125 0.000000
130 130 0.000000
130 135 0.000000
130 140 0.000000
130 145 0.000000
130 150 0.000000
130 155 0.000000
130 160 0.000000
130 165 0.000000
130 170 0.000000
130 175 0.000000
135 -180 0.000000
135 -175 0.000000
135 -170 0.000000
135 -165 0.000000
135 -160 0.000000
135 -155 0.000000
135 -150 0.000000
135 -145 0.000000
135 -140 0.000000
135 -135 0.000000
135 -130 0.000000
135 -125 0.000000
135 -120 0.000000
135 -115 0.000000
135 -110 0.000000
135 -105 0.000000
135 -100 0.000000
135 -95 0.000000
135 -90 0.000000
135 -85 0.000000
135 -80 0.000000
135 -75 0.000000
135 -70 0.000000
135 -65 0.000000
135 -60 0.000000
135 -55 0.000000
135 -50 0.000000
135 -45 0.000000
135 -40 0.000000
135 -35 0.000000
135 -30 0.000000
135 -25 0.000000
135 -20 0.000000
135 -15 0.000000
135 -10 0.000000
135 -5 0.000000
135 0 0.000000
135 5 0.000000
135 10 0.000000
135 15 0.000000
135 20 0.000000
135 25 0.000000
135 30 0.000000
135 35 0.000000
135 40 0.000000
135 45 0.000000
135 50 0.000000
135 55 0.000000
135 60 0.000000
135 65 0.000000
135 70 0.000000
135 75 0.000000
135 80 0.000000
135 85 0.000000
135 90 0.000000
135 95 0.000000
135 100 0.000000
135 105 0.000000
135 110 0.000000
135 115 0.000000
135 120 0.000000
135 125 0.000000
135 130 0.000000
135 135 0.000000
135 140 0.000000
135 145 0.000000
135 150 0.000000
135 155 0.000000
135 160 0.000000
135 165 0.000000
135 170 0.000000
135 175 0.000000
140 -180 0.000000
140 -175 0.000000
140 -170 0.000000
140 -165 0.000000
140 -160 0.000000
140 -155 0.000000
140 -150 0.000000
140 -145 0.000000
140 -140 0.000000
140 -135 0.000000
140 -130 0.000000
140 -125 0.000000
140 -120 0.000000
140 -115 0.000000
140 -110 0.000000
140 -105 0.000000
140 -100 0.000000
140 -95 0.000000
140 -90 0.000000
140 -85 0.000000
140 -80 0.000000
140 -75 0.000000
140 -70 0.000000
140 -65 0.000000
140 -60 0.000000
140 -55 0.000000
140 -50 0.000000
140 -45 0.000000
140 -40 0.000000
140 -35 0.000000
140 -30 0.000000
140 -25 0.000000
140 -20 0.000000
140 -15 0.000000
140 -10 0.000000
140 -5 0.000000
140 0 0.000000
140 5 0.000000
140 10 0.000000
140 15 0.000000
140 20 0.000000
140 25 0.000000
140 30 0.000000
140 35 0.000000
140 40 0.000000
140 45 0.000000
140 50 0.000000
140 55 0.000000
140 60 0.000000
140 65 0.000000
140 70 0.000000
140 75 0.000000
140 80 0.000000
140 85 0.000000
140 90 0.000000
140 95 0.000000
140 100 0.000000
140 105 0.000000
140 110 0.000000
140 115 0.000000
140 120 0.000000
140 125 0.000000
140 130 0.000000
140 135 0.000000
140 140 0.000000
140 145 0.000000
140 150 0.000000
140 155 0.000000
140 160 0.000000
140 165 0.000000
140 170 0.000000
140 175 0.000000
145 -180 0.000000
145 -175 0.000000
145 -170 0.000000
145 -165 0.000000
145 -160 0.000000
145 -155 0.000000
145 -150 0.000000
145 -145 0.000000
145 -140 0.000000
145 -135 0.000000
145 -130 0.000000
145 -125 0.000000
145 -120 0.000000
145 -115 0.000000
145 -110 0.000000
145 -105 0.000000
145 -100 0.000000
145 -95 0.000000
145 -90 0.000000
145 -85 0.000000
145 -80 0.000000
145 -75 0.000000
145 -70 0.000000
145 -65 0.000000
145 -60 0.000000
145 -55 0.000000
145 -50 0.000000
145 -45 0.000000
145 -40 0.000000
145 -35 0.000000
145 -30 0.000000
145 -25 0.000000
145 -20 0.000000
145 -15 0.000000
145 -10 0.000000
145 -5 0.000000
145 0 0.000000
145 5 0.000000
145 10 0.000000
145 15 0.000000
145 20 0.000000
145 25 0.000000
145 30 0.000000
145 35 0.000000
145 40 0.000000
145 45 0.000000
145 50 0.000000
145 55 0.000000
145 60 0.000000
145 65 0.000000
145 70 0.000000
145 75 0.000000
145 80 0.000000
145 85 0.000000
145 90 0.000000
145 95 0.000000
145 100 0.000000
145 105 0.000000
145 110 0.000000
145 115 0.000000
145 120 0.000000
145 125 0.000000
145 130 0.000000
145 135 0.000000
145 140 0.000000
145 145 0.000000
145 150 0.000000
145 155 0.000000
145 160 0.000000
145 165 0.000000
145 170 0.000000
145 175 0.000000
150 -180 0.000000
150 -175 0.000000
150 -170 0.000000
150 -165 0.000000
150 -160 0.000000
150 -155 0.000000
150 -150 0.000000
150 -145 0.000000
150 -140 0.000000
150 -135 0.000000
150 -130 0.000000
150 -125 0.000000
150 -120 0.000000
150 -115 0.000000
150 -110 0.000000
150 -105 0.000000
150 -100 0.000000
150 -95 0.000000
150 -90 0.000000
150 -85 0.000000
150 -80 0.000000
150 -75 0.000000
150 -70 0.000000
150 -65 0.000000
150 -60 0.000000
150 -55 0.000000
150 -50 0.000000
150 -45 0.000000
150 -40 0.000000
150 -35 0.000000
150 -30 0.000000
150 -25 0.000000
150 -20 0.000000
150 -15 0.000000
150 -10 0.000000
150 -5 0.000000
150 0 0.000000
150 5 0.000000
150 10 0.000000
150 15 0.000000
150 20 0.000000
150 25 0.000000
150 30 0.000000
150 35 0.000000
150 40 0.000000
150 45 0.000000
150 50 0.000000
150 55 0.000000
150 60 0.000000
150 65 0.000000
150 70 0.000000
150 75 0.000000
150 80 0.000000
150 85 0.000000
150 90 0.000000
150 95 0.000000
150 100 0.000000
150 105 0.000000
150 110 0.000000
150 115 0.000000
150 120 0.000000
150 125 0.000000
150 130 0.000000
150 135 0.000000
150 140 0.000000
150 145 0.000000
150 150 0.000000
150 155 0.000000
150 160 0.000000
150 165 0.000000
150 170 0.000000
150 175 0.000000
155 -180 0.000000
155 -175 0.000000
155 -170 0.000000
155 -165 0.000000
155 -160 0.000000
155 -155 0.000000
155 -150 0.000000
155 -145 0.000000
155 -140 0.000000
155 -135 0.000000
155 -130 0.000000
155 -125 0.000000
155 -120 0.000000
155 -115 0.000000
155 -110 0.000000
155 -105 0.000000
155 -100 0.000000
155 -95 0.000000
155 -90 0.000000
155 -85 0.000000
155 -80 0.000000
155 -75 0.000000
155 -70 0.000000
155 -65 0.000000
155 -60 0.000000
155 -55 0.000000
155 -50 0.000000
155 -45 0.000000
155 -40 0.000000
155 -35 0.000000
155 -30 0.000000
155 -25 0.000000
155 -20 0.000000
155 -15 0.000000
155 -10 0.000000
155 -5 0.000000
155 0 0.000000
155 5 0.000000
155 10 0.000000
155 15 0.000000
155 20 0.000000
155 25 0.000000
155 30 0.000000
155 35 0.000000
155 40 0.000000
155 45 0.000000
155 50 0.000000
155 55 0.000000
155 60 0.000000
155 65 0.000000
155 70 0.000000
155 75 0.000000
155 80 0.000000
155 85 0.000000
155 90 0.000000
155 95 0.000000
155 100 0.000000
155 105 0.000000
155 110 0.000000
155 115 0.000000
155 120 0.000000
155 125 0.000000
155 130 0.000000
155 135 0.000000
155 140 0.000000
155 145 0.000000
155 150 0.000000
155 155 0.000000
155 160 0.000000
155 165 0.000000
155 170 0.000000
155 175 0.000000
160 -180 0.000000
160 -175 0.000000
160 -170 0.000000
160 -165 0.000000
160 -160 0.000000
160 -155 0.000000
160 -150 0.000000
160 -145 0.000000
160 -140 0.000000
160 -135 0.000000
160 -130 0.000000
160 -125 0.000000
160 -120 0.000000
160 -115 0.000000
160 -110 0.000000
160 -105 0.000000
160 -100 0.000000
160 -95 0.000000
160 -90 0.000000
160 -85 0.000000
160 -80 0.000000
160 -75 0.000000
160 -70 0.000000
160 -65 0.000000
160 -60 0.000000
160 -55 0.000000
160 -50 0.000000
160 -45 0.000000
160 -40 0.000000
160 -35 0.000000
160 -30 0.000000
160 -25 0.000000
160 -20 0.000000
160 -15 0.000000
160 -10 0.000000
160 -5 0.000000
160 0 0.000000
160 5 0.000000
160 10 0.000000
160 15 0.000000
160 20 0.000000
160 25 0.000000
160 30 0.000000
160 35 0.000000
160 40 0.000000
160 45 0.000000
160 50 0.000000
160 55 0.000000
160 60 0.000000
160 65 0.000000
160 70 0.000000
160 75 0.000000
160 80 0.000000
160 85 0.000000
160 90 0.000000
160 95 0.000000
160 100 0.000000
160 105 0.000000
160 110 0.000000
160 115 0.000000
160 120 0.000000
160 125 0.000000
160 130 0.000000
160 135 0.000000
160 140 0.000000
160 145 0.000000
160 150 0.000000
160 155 0.000000
160 160 0.000000
160 165 0.000000
160 170 0.000000
160 175 0.000000
165 -180 0.000000
165 -175 0.000000
165 -170 0.000000
165 -165 0.000000
165 -160 0.000000
165 -155 0.000000
165 -150 0.000000
165 -145 0.000000
165 -140 0.000000
165 -135 0.000000
165 -130 0.000000
165 -125 0.000000
165 -120 0.000000
165 -115 0.000000
165 -110 0.000000
165 -105 0.000000
165 -100 0.000000
165 -95 0.000000
165 -90 0.000000
165 -85 0.000000
165 -80 0.000000
165 -75 0.000000
165 -70 0.000000
165 -65 0.000000
165 -60 0.000000
165 -55 0.000000
165 -50 0.000000
165 -45 0.000000
165 -40 0.000000
165 -35 0.000000
165 -30 0.000000
165 -25 0.000000
165 -20 0.000000
165 -15 0.000000
165 -10 0.000000
165 -5 0.000000
165 0 0.000000
165 5 0.000000
165 10 0.000000
165 15 0.000000
165 20 0.000000
165 25 0.000000
165 30 0.000000
165 35 0.000000
165 40 0.000000
165 45 0.000000
165 50 0.000000
165 55 0.000000
165 60 0.000000
165 65 0.000000
165 70 0.000000
165 75 0.000000
165 80 0.000000
165 85 0.000000
165 90 0.000000
165 95 0.000000
165 100 0.000000
165 105 0.000000
165 110 0.000000
165 115 0.000000
165 120 0.000000
165 125 0.000000
165 130 0.000000
165 135 0.000000
165 140 0.000000
165 145 0.000000
165 150 0.000000
165 155 0.000000
165 160 0.000000
165 165 0.000000
165 170 0.000000
165 175 0.000000
170 -180 0.004760
170 -175 0.003199
170 -170 0.001682
170 -165 0.000657
170 -160 0.000000
170 -155 0.000000
170 -150 0.000000
170 -145 0.000000
170 -140 0.000000
170 -135 0.000000
170 -130 0.000000
170 -125 0.000000
170 -120 0.000000
170 -115 0.000000
170 -110 0.000000
170 -105 0.000000
170 -100 0.000000
170 -95 0.000000
170 -90 0.000000
170 -85 0.000000
170 -80 0.000000
170 -75 0.000000
170 -70 0.000000
170 -65 0.000000
170 -60 0.000000
170 -55 0.000000
170 -50 0.000000
170 -45 0.000000
170 -40 0.000000
170 -35 0.000000
170 -30 0.000000
170 -25 0.000000
170 -20 0.000000
170 -15 0.000000
170 -10 0.000000
170 -5 0.000000
170 0 0.000000
170 5 0.000000
170 10 0.000000
170 15 0.000000
170 20 0.000000
170 25 0.000000
170 30 0.000000
170 35 0.000000
170 40 0.000000
170 45 0.000000
170 50 0.000000
170 55 0.000000
170 60 0.000000
170 65 0.000000
170 70 0.000000
170 75 0.000000
170 80 0.000000
170 85 0.000000
170 90 0.000000
170 95 0.000000
170 100 0.000000
170 105 0.000000
170 110 0.000000
170 115 0.000000
170 120 0.000000
170 125 0.000000
170 130 0.000000
170 135 0.000000
170 140 0.000000
170 145 0.000000
170 150 0.000107
170 155 0.000913
170 160 0.002054
170 165 0.003639
170 170 0.005071
170 175 0.005548
175 -180 0.015376
175 -175 0.010927
175 -170 0.006312
175 -165 0.002903
175 -160 0.000612
175 -155 0.000110
175 -150 0.000000
175 -145 0.000000
175 -140 0.000000
175 -135 0.000000
175 -130 0.000000
175 -125 0.000000
175 -120 0.000000
175 -115 0.000000
175 -110 0.000000
175 -105 0.000000
175 -100 0.000000
175 -95 0.000000
175 -90 0.000000
175 -85 0.000000
175 -80 0.000000
175 -75 0.000000
175 -70 0.000000
175 -65 0.000000
175 -60 0.000000
175 -55 0.000000
175 -50 0.000000
175 -45 0.000000
175 -40 0.000000
175 -35 0.000000
175 -30 0.000000
175 -25 0.000000
175 -20 0.000000
175 -15 0.000000
175 -10 0.000000
175 -5 0.000000
175 0 0.000000
175 5 0.000000
175 10 0.000000
175 15 0.000000
175 20 0.000000
175 25 0.000000
175 30 0.000000
175 35 0.000645
175 40 0.001574
175 45 0.002955
175 50 0.004326
175 55 0.004941
175 60 0.004404
175 65 0.003066
175 70 0.001668
175 75 0.000709
175 80 0.000027
175 85 0.000000
175 90 0.000252
175 95 0.000734
175 100 0.001674
175 105 0.002811
175 110 0.003817
175 115 0.004245
175 120 0.004213
175 125 0.003885
175 130 0.003699
175 135 0.003756
175 140 0.004128
175 145 0.004235
175 150 0.004406
175 155 0.006179
175 160 0.009019
175 165 0.012778
175 170 0.016254
175 175 0.017454
