-180 -180 0.101308
-180 -175 0.046639
-180 -170 0.016452
-180 -165 0.003590
-180 -160 0.000032
-180 -155 0.000000
-180 -150 0.000000
-180 -145 0.000000
-180 -140 0.000000
-180 -135 0.000000
-180 -130 0.000000
-180 -125 0.000000
-180 -120 0.000000
-180 -115 0.000000
-180 -110 0.000000
-180 -105 0.000000
-180 -100 0.000000
-180 -95 0.000000
-180 -90 0.000000
-180 -85 0.000000
-180 -80 0.000000
-180 -75 0.000000
-180 -70 0.000000
-180 -65 0.000000
-180 -60 0.000000
-180 -55 0.000000
-180 -50 0.000000
-180 -45 0.000000
-180 -40 0.000000
-180 -35 0.000000
-180 -30 0.000000
-180 -25 0.000000
-180 -20 0.000000
-180 -15 0.000000
-180 -10 0.000000
-180 -5 0.000000
-180 0 0.000000
-180 5 0.000000
-180 10 0.000000
-180 15 0.000000
-180 20 0.000000
-180 25 0.000000
-180 30 0.000000
-180 35 0.000000
-180 40 0.000000
-180 45 0.000000
-180 50 0.000000
-180 55 0.000722
-180 60 0.001795
-180 65 0.003387
-180 70 0.005109
-180 75 0.006034
-180 80 0.005714
-180 85 0.008239
-180 90 0.013369
-180 95 0.022070
-180 100 0.032150
-180 105 0.039926
-180 110 0.042283
-180 115 0.042111
-180 120 0.042029
-180 125 0.044106
-180 130 0.045249
-180 135 0.047237
-180 140 0.060758
-180 145 0.092042
-180 150 0.145957
-180 155 0.210859
-180 160 0.259730
-180 165 0.269885
-180 170 0.234039
-180 175 0.169144
-175 -180 0.203984
-175 -175 0.098568
-175 -170 0.036809
-175 -165 0.008972
-175 -160 0.000234
-175 -155 0.000000
-175 -150 0.000000
-175 -145 0.000000
-175 -140 0.000000
-175 -135 0.000000
-175 -130 0.000000
-175 -125 0.000000
-175 -120 0.000000
-175 -115 0.000000
-175 -110 0.000000
-175 -105 0.000000
-175 -100 0.000000
-175 -95 0.000055
-175 -90 0.000764
-175 -85 0.001763
-175 -80 0.003191
-175 -75 0.004528
-175 -70 0.005029
-175 -65 0.004368
-175 -60 0.002965
-175 -55 0.001571
-175 -50 0.000632
-175 -45 0.000000
-175 -40 0.000000
-175 -35 0.000000
-175 -30 0.000000
-175 -25 0.000000
-175 -20 0.000000
-175 -15 0.000000
-175 -10 0.000000
-175 -5 0.000000
-175 0 0.000000
-175 5 0.000000
-175 10 0.000000
-175 15 0.000000
-175 20 0.000000
-175 25 0.000000
-175 30 0.000000
-175 35 0.000000
-175 40 0.000000
-175 45 0.000000
-175 50 0.000000
-175 55 0.001714
-175 60 0.004261
-175 65 0.008040
-175 70 0.012761
-175 75 0.015853
-175 80 0.016428
-175 85 0.018766
-175 90 0.022825
-175 95 0.030412
-175 100 0.040138
-175 105 0.051485
-175 110 0.061292
-175 115 0.072810
-175 120 0.085593
-175 125 0.097143
-175 130 0.101379
-175 135 0.102380
-175 140 0.121827
-175 145 0.175344
-175 150 0.271402
-175 155 0.390452
-175 160 0.482695
-175 165 0.507115
-175 170 0.447770
-175 175 0.331375
-170 -180 0.327960
-170 -175 0.162187
-170 -170 0.062077
-170 -165 0.015938
-170 -160 0.000575
-170 -155 0.000000
-170 -150 0.000000
-170 -145 0.000000
-170 -140 0.000000
-170 -135 0.000000
-170 -130 0.000000
-170 -125 0.000000
-170 -120 0.000000
-170 -115 0.000000
-170 -110 0.000000
-170 -105 0.000000
-170 -100 0.000000
-170 -95 0.000138
-170 -90 0.001918
-170 -85 0.004425
-170 -80 0.008011
-170 -75 0.011366
-170 -70 0.012623
-170 -65 0.010965
-170 -60 0.007442
-170 -55 0.003944
-170 -50 0.001587
-170 -45 0.000003
-170 -40 0.000035
-170 -35 0.000080
-170 -30 0.000143
-170 -25 0.000306
-170 -20 0.000628
-170 -15 0.001032
-170 -10 0.001506
-170 -5 0.001852
-170 0 0.001855
-170 5 0.001481
-170 10 0.000947
-170 15 0.000477
-170 20 0.000186
-170 25 0.000195
-170 30 0.000430
-170 35 0.000747
-170 40 0.001022
-170 45 0.001102
-170 50 0.000933
-170 55 0.004323
-170 60 0.009597
-170 65 0.017654
-170 70 0.027941
-170 75 0.035262
-170 80 0.037445
-170 85 0.038308
-170 90 0.039122
-170 95 0.043180
-170 100 0.050307
-170 105 0.066888
-170 110 0.089355
-170 115 0.120732
-170 120 0.154375
-170 125 0.180483
-170 130 0.189270
-170 135 0.188926
-170 140 0.214382
-170 145 0.294013
-170 150 0.438360
-170 155 0.618875
-170 160 0.758175
-170 165 0.795430
-170 170 0.705627
-170 175 0.526995
-165 -180 0.469305
-165 -175 0.237627
-165 -170 0.093166
-165 -165 0.025074
-165 -160 0.001444
-165 -155 0.000000
-165 -150 0.000000
-165 -145 0.000000
-165 -140 0.000000
-165 -135 0.000000
-165 -130 0.000000
-165 -125 0.000000
-165 -120 0.000000
-165 -115 0.000000
-165 -110 0.000000
-165 -105 0.000000
-165 -100 0.000000
-165 -95 0.000261
-165 -90 0.003628
-165 -85 0.008370
-165 -80 0.015299
-165 -75 0.021918
-165 -70 0.024696
-165 -65 0.021997
-165 -60 0.015598
-165 -55 0.008915
-165 -50 0.004099
-165 -45 0.001109
-165 -40 0.002147
-165 -35 0.003900
-165 -30 0.006318
-165 -25 0.008690
-165 -20 0.010253
-165 -15 0.010561
-165 -10 0.010415
-165 -5 0.010005
-165 0 0.009102
-165 5 0.007413
-165 10 0.005969
-165 15 0.005076
-165 20 0.004695
-165 25 0.005408
-165 30 0.006728
-165 35 0.008149
-165 40 0.009016
-165 45 0.008921
-165 50 0.007865
-165 55 0.012389
-165 60 0.020255
-165 65 0.032828
-165 70 0.048871
-165 75 0.060692
-165 80 0.064691
-165 85 0.063907
-165 90 0.061109
-165 95 0.061111
-165 100 0.065020
-165 105 0.087874
-165 110 0.125619
-165 115 0.179879
-165 120 0.237176
-165 125 0.279253
-165 130 0.293492
-165 135 0.292700
-165 140 0.324380
-165 145 0.430572
-165 150 0.622387
-165 155 0.863762
-165 160 1.051403
-165 165 1.104170
-165 170 0.986245
-165 175 0.744437
-160 -180 0.595797
-160 -175 0.306505
-160 -170 0.122265
-160 -165 0.033841
-160 -160 0.002886
-160 -155 0.000000
-160 -150 0.000000
-160 -145 0.000000
-160 -140 0.000000
-160 -135 0.000000
-160 -130 0.000000
-160 -125 0.000000
-160 -120 0.000000
-160 -115 0.000000
-160 -110 0.000000
-160 -105 0.000000
-160 -100 0.000000
-160 -95 0.000404
-160 -90 0.005464
-160 -85 0.012594
-160 -80 0.023502
-160 -75 0.034369
-160 -70 0.039901
-160 -65 0.037356
-160 -60 0.028670
-160 -55 0.018410
-160 -50 0.009950
-160 -45 0.004686
-160 -40 0.006751
-160 -35 0.011026
-160 -30 0.017318
-160 -25 0.023146
-160 -20 0.026206
-160 -15 0.025709
-160 -10 0.023992
-160 -5 0.022055
-160 0 0.019881
-160 5 0.016806
-160 10 0.014845
-160 15 0.014483
-160 20 0.014870
-160 25 0.017122
-160 30 0.020045
-160 35 0.022685
-160 40 0.023713
-160 45 0.022908
-160 50 0.021122
-160 55 0.027521
-160 60 0.039071
-160 65 0.057564
-160 70 0.079469
-160 75 0.095297
-160 80 0.100147
-160 85 0.096891
-160 90 0.089959
-160 95 0.085966
-160 100 0.087421
-160 105 0.118151
-160 110 0.172984
-160 115 0.251497
-160 120 0.333367
-160 125 0.391870
-160 130 0.412458
-160 135 0.412558
-160 140 0.449940
-160 145 0.577855
-160 150 0.806720
-160 155 1.093875
-160 160 1.317482
-160 165 1.379223
-160 170 1.234967
-160 175 0.937508
-155 -180 0.680943
-155 -175 0.352907
-155 -170 0.142603
-155 -165 0.040352
-155 -160 0.004670
-155 -155 0.000000
-155 -150 0.000000
-155 -145 0.000000
-155 -140 0.000000
-155 -135 0.000000
-155 -130 0.000000
-155 -125 0.000000
-155 -120 0.000000
-155 -115 0.000000
-155 -110 0.000000
-155 -105 0.000000
-155 -100 0.000021
-155 -95 0.000899
-155 -90 0.007918
-155 -85 0.017827
-155 -80 0.033181
-155 -75 0.048599
-155 -70 0.057091
-155 -65 0.054966
-155 -60 0.044194
-155 -55 0.030216
-155 -50 0.017479
-155 -45 0.009826
-155 -40 0.013421
-155 -35 0.021393
-155 -30 0.033333
-155 -25 0.044104
-155 -20 0.049074
-155 -15 0.047015
-155 -10 0.042526
-155 -5 0.038232
-155 0 0.034502
-155 5 0.030223
-155 10 0.028483
-155 15 0.029521
-155 20 0.031074
-155 25 0.035267
-155 30 0.040396
-155 35 0.045536
-155 40 0.048297
-155 45 0.049417
-155 50 0.051335
-155 55 0.064532
-155 60 0.084957
-155 65 0.113120
-155 70 0.139452
-155 75 0.153323
-155 80 0.150024
-155 85 0.136136
-155 90 0.119825
-155 95 0.110132
-155 100 0.110520
-155 105 0.149609
-155 110 0.219175
-155 115 0.316883
-155 120 0.417310
-155 125 0.489007
-155 130 0.521470
-155 135 0.534840
-155 140 0.594260
-155 145 0.753062
-155 150 1.013147
-155 155 1.322340
-155 160 1.551000
-155 165 1.595992
-155 170 1.416165
-155 175 1.070142
-150 -180 0.721800
-150 -175 0.377167
-150 -170 0.156881
-150 -165 0.047278
-150 -160 0.008637
-150 -155 0.001061
-150 -150 0.000289
-150 -145 0.000000
-150 -140 0.000000
-150 -135 0.000000
-150 -130 0.000000
-150 -125 0.000000
-150 -120 0.000000
-150 -115 0.000000
-150 -110 0.000000
-150 -105 0.000000
-150 -100 0.000106
-150 -95 0.002092
-150 -90 0.011038
-150 -85 0.023691
-150 -80 0.043001
-150 -75 0.062665
-150 -70 0.075089
-150 -65 0.076136
-150 -60 0.067264
-150 -55 0.052560
-150 -50 0.035711
-150 -45 0.024173
-150 -40 0.026892
-150 -35 0.037310
-150 -30 0.055392
-150 -25 0.072586
-150 -20 0.080664
-150 -15 0.077542
-150 -10 0.069967
-150 -5 0.063599
-150 0 0.059656
-150 5 0.056055
-150 10 0.056773
-150 15 0.060733
-150 20 0.063434
-150 25 0.068773
-150 30 0.074723
-150 35 0.081658
-150 40 0.085394
-150 45 0.089907
-150 50 0.102097
-150 55 0.132836
-150 60 0.177614
-150 65 0.231264
-150 70 0.270018
-150 75 0.278365
-150 80 0.252270
-150 85 0.208308
-150 90 0.165284
-150 95 0.139134
-150 100 0.135369
-150 105 0.180308
-150 110 0.260163
-150 115 0.369030
-150 120 0.479128
-150 125 0.560385
-150 130 0.612565
-150 135 0.656948
-150 140 0.760715
-150 145 0.962923
-150 150 1.249162
-150 155 1.553432
-150 160 1.750905
-150 165 1.748830
-150 170 1.522157
-150 175 1.136420
-145 -180 0.726585
-145 -175 0.385673
-145 -170 0.169396
-145 -165 0.057995
-145 -160 0.016625
-145 -155 0.004344
-145 -150 0.001369
-145 -145 0.000000
-145 -140 0.000000
-145 -135 0.000000
-145 -130 0.000000
-145 -125 0.000000
-145 -120 0.000000
-145 -115 0.000000
-145 -110 0.000000
-145 -105 0.000000
-145 -100 0.000228
-145 -95 0.003740
-145 -90 0.014717
-145 -85 0.030465
-145 -80 0.054297
-145 -75 0.079312
-145 -70 0.097986
-145 -65 0.105428
-145 -60 0.102019
-145 -55 0.089362
-145 -50 0.069223
-145 -45 0.054152
-145 -40 0.055621
-145 -35 0.068081
-145 -30 0.091771
-145 -25 0.114504
-145 -20 0.124395
-145 -15 0.119808
-145 -10 0.109088
-145 -5 0.101575
-145 0 0.099333
-145 5 0.099862
-145 10 0.106785
-145 15 0.117199
-145 20 0.122816
-145 25 0.129730
-145 30 0.134461
-145 35 0.141486
-145 40 0.144691
-145 45 0.153360
-145 50 0.181561
-145 55 0.241854
-145 60 0.328253
-145 65 0.426582
-145 70 0.489343
-145 75 0.491208
-145 80 0.427923
-145 85 0.332845
-145 90 0.242846
-145 95 0.185934
-145 100 0.171104
-145 105 0.217441
-145 110 0.302960
-145 115 0.417527
-145 120 0.533115
-145 125 0.624332
-145 130 0.705215
-145 135 0.796420
-145 140 0.961745
-145 145 1.215825
-145 150 1.520915
-145 155 1.794642
-145 160 1.927105
-145 165 1.849505
-145 170 1.565390
-145 175 1.147237
-140 -180 0.687473
-140 -175 0.371510
-140 -170 0.174372
-140 -165 0.069028
-140 -160 0.026477
-140 -155 0.009105
-140 -150 0.002928
-140 -145 0.000000
-140 -140 0.000000
-140 -135 0.000000
-140 -130 0.000000
-140 -125 0.000000
-140 -120 0.000000
-140 -115 0.000000
-140 -110 0.000000
-140 -105 0.000000
-140 -100 0.000386
-140 -95 0.005767
-140 -90 0.019151
-140 -85 0.039099
-140 -80 0.068346
-140 -75 0.100395
-140 -70 0.127363
-140 -65 0.143692
-140 -60 0.148884
-140 -55 0.142152
-140 -50 0.122525
-140 -45 0.107113
-140 -40 0.108896
-140 -35 0.123753
-140 -30 0.150859
-140 -25 0.176194
-140 -20 0.185256
-140 -15 0.178972
-140 -10 0.166595
-140 -5 0.161165
-140 0 0.166803
-140 5 0.179920
-140 10 0.200622
-140 15 0.223224
-140 20 0.233095
-140 25 0.237691
-140 30 0.232119
-140 35 0.229458
-140 40 0.224553
-140 45 0.232665
-140 50 0.277655
-140 55 0.374498
-140 60 0.514558
-140 65 0.672658
-140 70 0.773218
-140 75 0.775155
-140 80 0.670048
-140 85 0.509593
-140 90 0.354762
-140 95 0.251028
-140 100 0.215031
-140 105 0.257582
-140 110 0.347743
-140 115 0.469625
-140 120 0.595257
-140 125 0.703632
-140 130 0.822408
-140 135 0.970147
-140 140 1.200730
-140 145 1.499735
-140 150 1.804055
-140 155 2.019022
-140 160 2.056188
-140 165 1.881280
-140 170 1.534162
-140 175 1.094335
-135 -180 0.622920
-135 -175 0.345208
-135 -170 0.175487
-135 -165 0.081071
-135 -160 0.037609
-135 -155 0.015063
-135 -150 0.004942
-135 -145 0.000000
-135 -140 0.000000
-135 -135 0.000000
-135 -130 0.000000
-135 -125 0.000000
-135 -120 0.000000
-135 -115 0.000000
-135 -110 0.000000
-135 -105 0.000000
-135 -100 0.000516
-135 -95 0.007294
-135 -90 0.022187
-135 -85 0.045374
-135 -80 0.078802
-135 -75 0.117564
-135 -70 0.153699
-135 -65 0.180774
-135 -60 0.197177
-135 -55 0.200665
-135 -50 0.187410
-135 -45 0.178081
-135 -40 0.185729
-135 -35 0.206920
-135 -30 0.238017
-135 -25 0.264825
-135 -20 0.272920
-135 -15 0.266868
-135 -10 0.256953
-135 -5 0.259047
-135 0 0.281633
-135 5 0.319403
-135 10 0.365847
-135 15 0.411145
-135 20 0.429787
-135 25 0.429705
-135 30 0.404550
-135 35 0.377035
-135 40 0.346865
-135 45 0.335880
-135 50 0.381188
-135 55 0.502722
-135 60 0.689317
-135 65 0.906515
-135 70 1.050682
-135 75 1.063468
-135 80 0.927270
-135 85 0.708070
-135 90 0.490333
-135 95 0.337527
-135 100 0.274255
-135 105 0.303693
-135 110 0.389905
-135 115 0.511835
-135 120 0.644933
-135 125 0.776355
-135 130 0.942747
-135 135 1.156027
-135 140 1.450495
-135 145 1.782660
-135 150 2.066437
-135 155 2.203148
-135 160 2.131390
-135 165 1.855382
-135 170 1.450592
-135 175 1.002075
-130 -180 0.553137
-130 -175 0.317105
-130 -170 0.174605
-130 -165 0.092130
-130 -160 0.047412
-130 -155 0.020251
-130 -150 0.006597
-130 -145 0.000000
-130 -140 0.000000
-130 -135 0.000000
-130 -130 0.000000
-130 -125 0.000328
-130 -120 0.001023
-130 -115 0.002038
-130 -110 0.003200
-130 -105 0.003968
-130 -100 0.004436
-130 -95 0.010398
-130 -90 0.023131
-130 -85 0.045373
-130 -80 0.078521
-130 -75 0.121033
-130 -70 0.165132
-130 -65 0.203395
-130 -60 0.232187
-130 -55 0.249438
-130 -50 0.249435
-130 -45 0.255183
-130 -40 0.276915
-130 -35 0.310032
-130 -30 0.346485
-130 -25 0.374855
-130 -20 0.384855
-130 -15 0.386018
-130 -10 0.391008
-130 -5 0.413573
-130 0 0.467620
-130 5 0.544922
-130 10 0.628997
-130 15 0.706703
-130 20 0.737488
-130 25 0.727290
-130 30 0.669022
-130 35 0.594132
-130 40 0.514875
-130 45 0.457215
-130 50 0.472703
-130 55 0.588318
-130 60 0.788560
-130 65 1.037650
-130 70 1.213712
-130 75 1.246870
-130 80 1.106455
-130 85 0.860440
-130 90 0.607077
-130 95 0.422013
-130 100 0.336228
-130 105 0.351080
-130 110 0.432450
-130 115 0.558273
-130 120 0.708692
-130 125 0.878075
-130 130 1.101412
-130 135 1.379140
-130 140 1.718117
-130 145 2.054705
-130 150 2.290017
-130 155 2.334627
-130 160 2.155520
-130 165 1.790650
-130 170 1.342490
-130 175 0.898510
-125 -180 0.502170
-125 -175 0.293563
-125 -170 0.166976
-125 -165 0.094151
-125 -160 0.050168
-125 -155 0.021721
-125 -150 0.006959
-125 -145 0.000000
-125 -140 0.000000
-125 -135 0.000000
-125 -130 0.000000
-125 -125 0.000901
-125 -120 0.002814
-125 -115 0.005604
-125 -110 0.008801
-125 -105 0.010914
-125 -100 0.011152
-125 -95 0.014255
-125 -90 0.022006
-125 -85 0.039576
-125 -80 0.068253
-125 -75 0.110134
-125 -70 0.157322
-125 -65 0.201803
-125 -60 0.238242
-125 -55 0.267480
-125 -50 0.284448
-125 -45 0.312227
-125 -40 0.355347
-125 -35 0.405983
-125 -30 0.450315
-125 -25 0.484655
-125 -20 0.505668
-125 -15 0.529558
-125 -10 0.573010
-125 -5 0.640968
-125 0 0.750585
-125 5 0.886728
-125 10 1.019925
-125 15 1.132508
-125 20 1.166055
-125 25 1.126472
-125 30 1.010110
-125 35 0.856750
-125 40 0.699695
-125 45 0.566930
-125 50 0.522195
-125 55 0.594660
-125 60 0.763470
-125 65 0.999165
-125 70 1.179530
-125 75 1.234888
-125 80 1.123715
-125 85 0.900925
-125 90 0.659953
-125 95 0.476230
-125 100 0.383712
-125 105 0.388260
-125 110 0.466813
-125 115 0.601867
-125 120 0.778105
-125 125 0.992513
-125 130 1.269050
-125 135 1.593905
-125 140 1.948355
-125 145 2.263060
-125 150 2.437385
-125 155 2.401085
-125 160 2.145440
-125 165 1.727635
-125 170 1.258500
-125 175 0.823742
-120 -180 0.474945
-120 -175 0.276650
-120 -170 0.154311
-120 -165 0.087006
-120 -160 0.045801
-120 -155 0.019154
-120 -150 0.005794
-120 -145 0.000000
-120 -140 0.000000
-120 -135 0.000000
-120 -130 0.000059
-120 -125 0.001918
-120 -120 0.005791
-120 -115 0.011380
-120 -110 0.017687
-120 -105 0.021756
-120 -100 0.021488
-120 -95 0.020153
-120 -90 0.020816
-120 -85 0.030506
-120 -80 0.050842
-120 -75 0.086412
-120 -70 0.129543
-120 -65 0.172902
-120 -60 0.210901
-120 -55 0.249171
-120 -50 0.285243
-120 -45 0.338977
-120 -40 0.406950
-120 -35 0.476403
-120 -30 0.529407
-120 -25 0.572833
-120 -20 0.614090
-120 -15 0.678187
-120 -10 0.785720
-120 -5 0.928218
-120 0 1.119915
-120 5 1.331662
-120 10 1.516757
-120 15 1.651150
-120 20 1.663890
-120 25 1.565585
-120 30 1.364605
-120 35 1.109655
-120 40 0.857975
-120 45 0.637698
-120 50 0.518435
-120 55 0.524155
-120 60 0.627902
-120 65 0.810490
-120 70 0.965270
-120 75 1.033265
-120 80 0.970255
-120 85 0.810825
-120 90 0.628097
-120 95 0.486200
-120 100 0.415577
-120 105 0.427503
-120 110 0.512443
-120 115 0.660785
-120 120 0.860137
-120 125 1.109557
-120 130 1.421007
-120 135 1.771165
-120 140 2.123343
-120 145 2.410895
-120 150 2.534250
-120 155 2.440453
-120 160 2.138313
-120 165 1.694775
-120 170 1.216150
-120 175 0.786732
-115 -180 0.474622
-115 -175 0.272655
-115 -170 0.144231
-115 -165 0.076700
-115 -160 0.037984
-115 -155 0.014368
-115 -150 0.003804
-115 -145 0.000000
-115 -140 0.000000
-115 -135 0.000000
-115 -130 0.000571
-115 -125 0.004343
-115 -120 0.011612
-115 -115 0.021656
-115 -110 0.032216
-115 -105 0.038219
-115 -100 0.036295
-115 -95 0.029481
-115 -90 0.022976
-115 -85 0.024641
-115 -80 0.036672
-115 -75 0.063264
-115 -70 0.097034
-115 -65 0.132773
-115 -60 0.167062
-115 -55 0.210266
-115 -50 0.263060
-115 -45 0.339120
-115 -40 0.428170
-115 -35 0.512748
-115 -30 0.576533
-115 -25 0.638140
-115 -20 0.717597
-115 -15 0.848895
-115 -10 1.052360
-115 -5 1.300733
-115 0 1.592247
-115 5 1.874120
-115 10 2.084365
-115 15 2.196067
-115 20 2.142640
-115 25 1.949190
-115 30 1.644500
-115 35 1.286558
-115 40 0.949823
-115 45 0.659637
-115 50 0.482100
-115 55 0.427067
-115 60 0.462100
-115 65 0.574875
-115 70 0.682410
-115 75 0.743043
-115 80 0.722213
-115 85 0.637503
-115 90 0.538510
-115 95 0.471293
-115 100 0.454960
-115 105 0.498613
-115 110 0.600123
-115 115 0.756347
-115 120 0.958538
-115 125 1.213877
-115 130 1.531090
-115 135 1.882355
-115 140 2.221340
-115 145 2.484500
-115 150 2.571900
-115 155 2.444667
-115 160 2.124265
-115 165 1.681288
-115 170 1.207745
-115 175 0.784908
-110 -180 0.482165
-110 -175 0.271917
-110 -170 0.135862
-110 -165 0.065571
-110 -160 0.029841
-110 -155 0.009570
-110 -150 0.001967
-110 -145 0.000000
-110 -140 0.000000
-110 -135 0.000000
-110 -130 0.001294
-110 -125 0.007005
-110 -120 0.017453
-110 -115 0.031427
-110 -110 0.045288
-110 -105 0.052234
-110 -100 0.048258
-110 -95 0.037132
-110 -90 0.026135
-110 -85 0.022918
-110 -80 0.031104
-110 -75 0.052669
-110 -70 0.080430
-110 -65 0.111110
-110 -60 0.143125
-110 -55 0.189280
-110 -50 0.253472
-110 -45 0.344313
-110 -40 0.450425
-110 -35 0.549450
-110 -30 0.631090
-110 -25 0.722230
-110 -20 0.851870
-110 -15 1.063560
-110 -10 1.371710
-110 -5 1.730690
-110 0 2.111925
-110 5 2.432845
-110 10 2.624125
-110 15 2.659975
-110 20 2.496403
-110 25 2.180912
-110 30 1.766983
-110 35 1.326155
-110 40 0.938860
-110 45 0.623280
-110 50 0.430990
-110 55 0.349917
-110 60 0.341605
-110 65 0.394815
-110 70 0.451257
-110 75 0.487205
-110 80 0.486235
-110 85 0.458627
-110 90 0.437325
-110 95 0.453380
-110 100 0.510822
-110 105 0.610920
-110 110 0.747330
-110 115 0.915508
-110 120 1.107782
-110 125 1.339412
-110 130 1.622700
-110 135 1.935915
-110 140 2.233893
-110 145 2.459963
-110 150 2.518600
-110 155 2.379522
-110 160 2.069503
-110 165 1.652405
-110 170 1.201242
-110 175 0.792125
-105 -180 0.471560
-105 -175 0.262462
-105 -170 0.126469
-105 -165 0.055475
-105 -160 0.023190
-105 -155 0.006048
-105 -150 0.000706
-105 -145 0.000000
-105 -140 0.000000
-105 -135 0.000000
-105 -130 0.002309
-105 -125 0.009826
-105 -120 0.022795
-105 -115 0.039459
-105 -110 0.054710
-105 -105 0.060837
-105 -100 0.054285
-105 -95 0.040680
-105 -90 0.029094
-105 -85 0.025863
-105 -80 0.036439
-105 -75 0.058889
-105 -70 0.085695
-105 -65 0.115674
-105 -60 0.148718
-105 -55 0.198400
-105 -50 0.271873
-105 -45 0.373538
-105 -40 0.495940
-105 -35 0.613657
-105 -30 0.725562
-105 -25 0.861225
-105 -20 1.053895
-105 -15 1.350498
-105 -10 1.751437
-105 -5 2.194667
-105 0 2.619500
-105 5 2.916275
-105 10 3.021925
-105 15 2.924450
-105 20 2.619925
-105 25 2.180555
-105 30 1.682847
-105 35 1.208375
-105 40 0.827588
-105 45 0.548045
-105 50 0.397217
-105 55 0.338925
-105 60 0.326672
-105 65 0.344278
-105 70 0.354090
-105 75 0.349367
-105 80 0.336860
-105 85 0.331793
-105 90 0.361492
-105 95 0.448405
-105 100 0.581675
-105 105 0.751217
-105 110 0.935638
-105 115 1.120807
-105 120 1.297305
-105 125 1.485932
-105 130 1.707702
-105 135 1.951997
-105 140 2.183308
-105 145 2.352945
-105 150 2.375680
-105 155 2.228230
-105 160 1.938638
-105 165 1.560242
-105 170 1.148018
-105 175 0.768092
-100 -180 0.428743
-100 -175 0.239835
-100 -170 0.117457
-100 -165 0.050617
-100 -160 0.021339
-100 -155 0.005698
-100 -150 0.000688
-100 -145 0.000013
-100 -140 0.000000
-100 -135 0.000000
-100 -130 0.003237
-100 -125 0.011805
-100 -120 0.025806
-100 -115 0.043069
-100 -110 0.057465
-100 -105 0.061440
-100 -100 0.052726
-100 -95 0.039113
-100 -90 0.030470
-100 -85 0.031469
-100 -80 0.048818
-100 -75 0.077312
-100 -70 0.108947
-100 -65 0.145228
-100 -60 0.185862
-100 -55 0.243240
-100 -50 0.326462
-100 -45 0.435735
-100 -40 0.572550
-100 -35 0.713722
-100 -30 0.867628
-100 -25 1.059852
-100 -20 1.320952
-100 -15 1.687490
-100 -10 2.138902
-100 -5 2.601425
-100 0 2.992300
-100 5 3.189400
-100 10 3.153925
-100 15 2.900225
-100 20 2.468093
-100 25 1.944800
-100 30 1.420960
-100 35 0.974858
-100 40 0.655635
-100 45 0.459522
-100 50 0.390640
-100 55 0.393340
-100 60 0.413840
-100 65 0.427183
-100 70 0.408178
-100 75 0.360760
-100 80 0.313033
-100 85 0.293068
-100 90 0.334998
-100 95 0.461470
-100 100 0.651035
-100 105 0.885410
-100 110 1.124313
-100 115 1.336027
-100 120 1.506605
-100 125 1.658955
-100 130 1.819255
-100 135 1.987895
-100 140 2.140287
-100 145 2.236058
-100 150 2.203235
-100 155 2.028268
-100 160 1.743680
-100 165 1.395645
-100 170 1.027180
-100 175 0.692210
-95 -180 0.381697
-95 -175 0.220586
-95 -170 0.115879
-95 -165 0.053753
-95 -160 0.024947
-95 -155 0.008477
-95 -150 0.001729
-95 -145 0.000034
-95 -140 0.000000
-95 -135 0.000000
-95 -130 0.003559
-95 -125 0.011843
-95 -120 0.024821
-95 -115 0.040280
-95 -110 0.052072
-95 -105 0.053773
-95 -100 0.044465
-95 -95 0.032784
-95 -90 0.028317
-95 -85 0.034539
-95 -80 0.059132
-95 -75 0.095894
-95 -70 0.137607
-95 -65 0.186670
-95 -60 0.240428
-95 -55 0.308152
-95 -50 0.399338
-95 -45 0.513547
-95 -40 0.665413
-95 -35 0.840427
-95 -30 1.053860
-95 -25 1.320995
-95 -20 1.657843
-95 -15 2.071520
-95 -10 2.516900
-95 -5 2.913000
-95 0 3.175125
-95 5 3.198300
-95 10 2.987875
-95 15 2.592775
-95 20 2.084010
-95 25 1.547090
-95 30 1.068563
-95 35 0.705442
-95 40 0.482505
-95 45 0.387818
-95 50 0.408485
-95 55 0.481630
-95 60 0.548872
-95 65 0.577538
-95 70 0.546612
-95 75 0.465260
-95 80 0.376220
-95 85 0.321270
-95 90 0.345310
-95 95 0.476190
-95 100 0.687283
-95 105 0.960770
-95 110 1.245615
-95 115 1.495925
-95 120 1.689125
-95 125 1.843482
-95 130 1.977917
-95 135 2.093985
-95 140 2.174787
-95 145 2.191642
-95 150 2.089995
-95 155 1.868027
-95 160 1.566763
-95 165 1.231968
-95 170 0.898120
-95 175 0.607183
-90 -180 0.340673
-90 -175 0.206350
-90 -170 0.118863
-90 -165 0.061313
-90 -160 0.031539
-90 -155 0.012961
-90 -150 0.003288
-90 -145 0.000064
-90 -140 0.000000
-90 -135 0.000000
-90 -130 0.003067
-90 -125 0.009685
-90 -120 0.019767
-90 -115 0.031482
-90 -110 0.039804
-90 -105 0.040055
-90 -100 0.032160
-90 -95 0.023727
-90 -90 0.022850
-90 -85 0.032596
-90 -80 0.060238
-90 -75 0.101970
-90 -70 0.152548
-90 -65 0.215281
-90 -60 0.284488
-90 -55 0.366007
-90 -50 0.469405
-90 -45 0.597172
-90 -40 0.775988
-90 -35 1.003947
-90 -30 1.294190
-90 -25 1.643420
-90 -20 2.039602
-90 -15 2.452492
-90 -10 2.818925
-90 -5 3.062800
-90 0 3.123650
-90 5 2.942050
-90 10 2.571050
-90 15 2.088198
-90 20 1.573175
-90 25 1.091685
-90 30 0.708902
-90 35 0.451990
-90 40 0.327043
-90 45 0.319870
-90 50 0.409155
-90 55 0.537663
-90 60 0.647305
-90 65 0.700195
-90 70 0.675207
-90 75 0.580800
-90 80 0.464817
-90 85 0.378383
-90 90 0.372985
-90 95 0.483915
-90 100 0.685415
-90 105 0.968640
-90 110 1.285203
-90 115 1.585063
-90 120 1.836450
-90 125 2.046382
-90 130 2.212083
-90 135 2.325152
-90 140 2.366585
-90 145 2.316215
-90 150 2.136858
-90 155 1.841230
-90 160 1.486180
-90 165 1.128787
-90 170 0.800738
-90 175 0.535942
-85 -180 0.316845
-85 -175 0.196219
-85 -170 0.120032
-85 -165 0.066844
-85 -160 0.037180
-85 -155 0.017109
-85 -150 0.004894
-85 -145 0.000095
-85 -140 0.000000
-85 -135 0.000000
-85 -130 0.002068
-85 -125 0.006238
-85 -120 0.012416
-85 -115 0.019411
-85 -110 0.023987
-85 -105 0.023471
-85 -100 0.018217
-85 -95 0.013509
-85 -90 0.014899
-85 -85 0.025413
-85 -80 0.050897
-85 -75 0.091811
-85 -70 0.147304
-85 -65 0.221803
-85 -60 0.308773
-85 -55 0.412383
-85 -50 0.542423
-85 -45 0.704982
-85 -40 0.932460
-85 -35 1.233163
-85 -30 1.605157
-85 -25 2.017867
-85 -20 2.426115
-85 -15 2.766275
-85 -10 2.973375
-85 -5 2.998425
-85 0 2.830575
-85 5 2.470040
-85 10 2.001387
-85 15 1.509690
-85 20 1.057823
-85 25 0.680435
-85 30 0.413490
-85 35 0.256210
-85 40 0.203659
-85 45 0.246143
-85 50 0.362838
-85 55 0.512142
-85 60 0.644038
-85 65 0.718995
-85 70 0.713182
-85 75 0.629622
-85 80 0.511772
-85 85 0.413815
-85 90 0.385742
-85 95 0.468867
-85 100 0.642407
-85 105 0.910185
-85 110 1.238110
-85 115 1.584670
-85 120 1.913678
-85 125 2.220730
-85 130 2.474778
-85 135 2.647625
-85 140 2.704625
-85 145 2.624375
-85 150 2.380958
-85 155 2.000852
-85 160 1.562105
-85 165 1.143090
-85 170 0.780060
-85 175 0.506020
-80 -180 0.303090
-80 -175 0.186530
-80 -170 0.116224
-80 -165 0.066765
-80 -160 0.038640
-80 -155 0.018692
-80 -150 0.005704
-80 -145 0.000111
-80 -140 0.000000
-80 -135 0.000000
-80 -130 0.001090
-80 -125 0.003228
-80 -120 0.006356
-80 -115 0.009856
-80 -110 0.012053
-80 -105 0.011639
-80 -100 0.008884
-80 -95 0.006691
-80 -90 0.008263
-80 -85 0.017029
-80 -80 0.037075
-80 -75 0.073599
-80 -70 0.132025
-80 -65 0.217379
-80 -60 0.325675
-80 -55 0.462055
-80 -50 0.637393
-80 -45 0.862633
-80 -40 1.166555
-80 -35 1.556588
-80 -30 2.002955
-80 -25 2.435850
-80 -20 2.784075
-80 -15 2.971775
-80 -10 2.956900
-80 -5 2.738475
-80 0 2.365147
-80 5 1.891010
-80 10 1.403330
-80 15 0.970130
-80 20 0.625365
-80 25 0.368760
-80 30 0.209225
-80 35 0.128451
-80 40 0.117323
-80 45 0.171564
-80 50 0.276375
-80 55 0.409523
-80 60 0.534145
-80 65 0.615360
-80 70 0.628530
-80 75 0.570362
-80 80 0.473608
-80 85 0.387688
-80 90 0.354127
-80 95 0.417173
-80 100 0.564128
-80 105 0.809940
-80 110 1.140688
-80 115 1.534677
-80 120 1.956570
-80 125 2.392218
-80 130 2.781425
-80 135 3.063800
-80 140 3.171150
-80 145 3.074025
-80 150 2.760725
-80 155 2.277570
-80 160 1.729505
-80 165 1.223460
-80 170 0.803485
-80 175 0.500835
-75 -180 0.266538
-75 -175 0.157262
-75 -170 0.095714
-75 -165 0.054785
-75 -160 0.032528
-75 -155 0.016202
-75 -150 0.005213
-75 -145 0.000101
-75 -140 0.000000
-75 -135 0.000000
-75 -130 0.000430
-75 -125 0.001273
-75 -120 0.002507
-75 -115 0.003888
-75 -110 0.004754
-75 -105 0.004591
-75 -100 0.003504
-75 -95 0.002727
-75 -90 0.003802
-75 -85 0.010538
-75 -80 0.025893
-75 -75 0.058522
-75 -70 0.121750
-75 -65 0.221234
-75 -60 0.359897
-75 -55 0.547790
-75 -50 0.793175
-75 -45 1.107380
-75 -40 1.502415
-75 -35 1.968580
-75 -30 2.444398
-75 -25 2.827425
-75 -20 3.041100
-75 -15 3.024625
-75 -10 2.777350
-75 -5 2.353248
-75 0 1.846383
-75 5 1.340845
-75 10 0.902115
-75 15 0.563885
-75 20 0.330385
-75 25 0.175933
-75 30 0.091876
-75 35 0.055779
-75 40 0.059804
-75 45 0.102106
-75 50 0.174812
-75 55 0.270072
-75 60 0.365503
-75 65 0.435078
-75 70 0.457945
-75 75 0.427287
-75 80 0.363340
-75 85 0.304353
-75 90 0.280255
-75 95 0.334512
-75 100 0.463828
-75 105 0.690695
-75 110 1.022773
-75 115 1.460797
-75 120 1.975693
-75 125 2.541800
-75 130 3.072100
-75 135 3.466575
-75 140 3.615100
-75 145 3.483300
-75 150 3.083225
-75 155 2.490385
-75 160 1.837682
-75 165 1.254147
-75 170 0.789915
-75 175 0.467683
-70 -180 0.208883
-70 -175 0.115123
-70 -170 0.066215
-70 -165 0.036257
-70 -160 0.021845
-70 -155 0.011127
-70 -150 0.003741
-70 -145 0.000073
-70 -140 0.000000
-70 -135 0.000000
-70 -130 0.000000
-70 -125 0.000000
-70 -120 0.000000
-70 -115 0.000000
-70 -110 0.000000
-70 -105 0.000000
-70 -100 0.000000
-70 -95 0.000110
-70 -90 0.000878
-70 -85 0.006271
-70 -80 0.018798
-70 -75 0.048821
-70 -70 0.119952
-70 -65 0.240216
-70 -60 0.422620
-70 -55 0.683350
-70 -50 1.020215
-70 -45 1.433395
-70 -40 1.904435
-70 -35 2.398275
-70 -30 2.829275
-70 -25 3.083075
-70 -20 3.104075
-70 -15 2.869950
-70 -10 2.428158
-70 -5 1.878998
-70 0 1.333827
-70 5 0.876613
-70 10 0.533875
-70 15 0.302035
-70 20 0.162264
-70 25 0.078387
-70 30 0.036144
-70 35 0.019295
-70 40 0.023655
-70 45 0.047037
-70 50 0.086065
-70 55 0.140422
-70 60 0.199193
-70 65 0.246605
-70 70 0.268693
-70 75 0.258390
-70 80 0.225341
-70 85 0.194925
-70 90 0.185110
-70 95 0.236205
-70 100 0.353220
-70 105 0.562482
-70 110 0.892355
-70 115 1.363722
-70 120 1.956545
-70 125 2.631675
-70 130 3.275575
-70 135 3.746700
-70 140 3.896450
-70 145 3.696175
-70 150 3.196150
-70 155 2.507575
-70 160 1.787190
-70 165 1.171095
-70 170 0.705327
-70 175 0.395040
-65 -180 0.138803
-65 -175 0.070927
-65 -170 0.038115
-65 -165 0.019527
-65 -160 0.011787
-65 -155 0.006054
-65 -150 0.002112
-65 -145 0.000041
-65 -140 0.000000
-65 -135 0.000000
-65 -130 0.000000
-65 -125 0.000000
-65 -120 0.000000
-65 -115 0.000000
-65 -110 0.000000
-65 -105 0.000000
-65 -100 0.000000
-65 -95 0.000000
-65 -90 0.000405
-65 -85 0.005172
-65 -80 0.017090
-65 -75 0.045770
-65 -70 0.125987
-65 -65 0.270267
-65 -60 0.502263
-65 -55 0.841507
-65 -50 1.267283
-65 -45 1.755370
-65 -40 2.248633
-65 -35 2.691475
-65 -30 2.994700
-65 -25 3.062300
-65 -20 2.883675
-65 -15 2.482115
-65 -10 1.940890
-65 -5 1.378073
-65 0 0.888330
-65 5 0.531652
-65 10 0.294967
-65 15 0.152602
-65 20 0.076166
-65 25 0.033206
-65 30 0.012351
-65 35 0.004060
-65 40 0.006157
-65 45 0.015457
-65 50 0.031042
-65 55 0.055170
-65 60 0.083921
-65 65 0.109519
-65 70 0.124301
-65 75 0.123503
-65 80 0.110836
-65 85 0.100786
-65 90 0.102786
-65 95 0.150480
-65 100 0.253320
-65 105 0.438088
-65 110 0.749092
-65 115 1.224125
-65 120 1.851855
-65 125 2.582175
-65 130 3.278475
-65 135 3.763375
-65 140 3.867000
-65 145 3.579025
-65 150 2.994325
-65 155 2.258365
-65 160 1.537373
-65 165 0.956760
-65 170 0.545233
-65 175 0.286400
-60 -180 0.073545
-60 -175 0.033195
-60 -170 0.016114
-60 -165 0.007443
-60 -160 0.004605
-60 -155 0.002427
-60 -150 0.000939
-60 -145 0.000018
-60 -140 0.000000
-60 -135 0.000000
-60 -130 0.000000
-60 -125 0.000000
-60 -120 0.000000
-60 -115 0.000000
-60 -110 0.000000
-60 -105 0.000000
-60 -100 0.000000
-60 -95 0.000000
-60 -90 0.000657
-60 -85 0.006180
-60 -80 0.019843
-60 -75 0.049847
-60 -70 0.140141
-60 -65 0.307765
-60 -60 0.582400
-60 -55 0.981703
-60 -50 1.461213
-60 -45 1.966098
-60 -40 2.406550
-60 -35 2.720725
-60 -30 2.841475
-60 -25 2.716350
-60 -20 2.386073
-60 -15 1.908965
-60 -10 1.377335
-60 -5 0.895960
-60 0 0.521927
-60 5 0.283948
-60 10 0.144600
-60 15 0.071463
-60 20 0.036172
-60 25 0.016160
-60 30 0.005473
-60 35 0.000271
-60 40 0.000557
-60 45 0.002267
-60 50 0.005772
-60 55 0.012535
-60 60 0.021900
-60 65 0.031553
-60 70 0.038626
-60 75 0.040601
-60 80 0.038161
-60 85 0.037717
-60 90 0.043844
-60 95 0.082302
-60 100 0.163166
-60 105 0.313738
-60 110 0.587087
-60 115 1.031543
-60 120 1.638298
-60 125 2.349203
-60 130 3.012650
-60 135 3.436300
-60 140 3.458475
-60 145 3.099925
-60 150 2.491378
-60 155 1.793568
-60 160 1.156630
-60 165 0.677882
-60 170 0.360662
-60 175 0.173905
-55 -180 0.031654
-55 -175 0.011533
-55 -170 0.004198
-55 -165 0.000960
-55 -160 0.000483
-55 -155 0.000261
-55 -150 0.000110
-55 -145 0.000002
-55 -140 0.000000
-55 -135 0.000000
-55 -130 0.000000
-55 -125 0.000000
-55 -120 0.000000
-55 -115 0.000000
-55 -110 0.000000
-55 -105 0.000000
-55 -100 0.000000
-55 -95 0.000000
-55 -90 0.000843
-55 -85 0.006954
-55 -80 0.021576
-55 -75 0.051560
-55 -70 0.144577
-55 -65 0.321050
-55 -60 0.610332
-55 -55 1.023208
-55 -50 1.494927
-55 -45 1.945995
-55 -40 2.272200
-55 -35 2.423147
-55 -30 2.371622
-55 -25 2.116112
-55 -20 1.732705
-55 -15 1.290725
-55 -10 0.863325
-55 -5 0.520345
-55 0 0.278105
-55 5 0.141521
-55 10 0.069316
-55 15 0.035526
-55 20 0.019384
-55 25 0.009405
-55 30 0.003347
-55 35 0.000000
-55 40 0.000000
-55 45 0.000024
-55 50 0.000079
-55 55 0.000454
-55 60 0.001216
-55 65 0.002252
-55 70 0.003383
-55 75 0.004091
-55 80 0.004358
-55 85 0.006169
-55 90 0.011189
-55 95 0.037122
-55 100 0.091874
-55 105 0.200435
-55 110 0.416050
-55 115 0.788960
-55 120 1.308763
-55 125 1.917045
-55 130 2.465730
-55 135 2.775825
-55 140 2.719975
-55 145 2.347090
-55 150 1.800623
-55 155 1.228552
-55 160 0.744528
-55 165 0.409807
-55 170 0.203229
-55 175 0.089640
-50 -180 0.008806
-50 -175 0.002045
-50 -170 0.000636
-50 -165 0.000034
-50 -160 0.000000
-50 -155 0.000000
-50 -150 0.000000
-50 -145 0.000000
-50 -140 0.000000
-50 -135 0.000000
-50 -130 0.000000
-50 -125 0.000000
-50 -120 0.000000
-50 -115 0.000000
-50 -110 0.000000
-50 -105 0.000000
-50 -100 0.000000
-50 -95 0.000000
-50 -90 0.000856
-50 -85 0.006591
-50 -80 0.019639
-50 -75 0.045518
-50 -70 0.128075
-50 -65 0.288913
-50 -60 0.551673
-50 -55 0.919135
-50 -50 1.319525
-50 -45 1.664510
-50 -40 1.857502
-50 -35 1.869758
-50 -30 1.711703
-50 -25 1.418033
-50 -20 1.073347
-50 -15 0.737155
-50 -10 0.450980
-50 -5 0.248224
-50 0 0.119207
-50 5 0.056425
-50 10 0.026879
-50 15 0.015049
-50 20 0.008954
-50 25 0.004573
-50 30 0.001669
-50 35 0.000000
-50 40 0.000000
-50 45 0.000000
-50 50 0.000000
-50 55 0.000000
-50 60 0.000000
-50 65 0.000000
-50 70 0.000000
-50 75 0.000000
-50 80 0.000151
-50 85 0.001275
-50 90 0.004017
-50 95 0.019207
-50 100 0.050985
-50 105 0.119506
-50 110 0.268902
-50 115 0.540968
-50 120 0.924952
-50 125 1.372337
-50 130 1.759942
-50 135 1.948210
-50 140 1.854500
-50 145 1.537338
-50 150 1.121105
-50 155 0.719120
-50 160 0.403910
-50 165 0.205363
-50 170 0.092113
-50 175 0.035474
-45 -180 0.002199
-45 -175 0.000057
-45 -170 0.000000
-45 -165 0.000000
-45 -160 0.000000
-45 -155 0.000000
-45 -150 0.000000
-45 -145 0.000000
-45 -140 0.000000
-45 -135 0.000000
-45 -130 0.000000
-45 -125 0.000000
-45 -120 0.000000
-45 -115 0.000000
-45 -110 0.000000
-45 -105 0.000000
-45 -100 0.000000
-45 -95 0.000000
-45 -90 0.000687
-45 -85 0.005254
-45 -80 0.015056
-45 -75 0.034227
-45 -70 0.096977
-45 -65 0.221616
-45 -60 0.423782
-45 -55 0.700050
-45 -50 0.987243
-45 -45 1.207745
-45 -40 1.289802
-45 -35 1.225718
-45 -30 1.046650
-45 -25 0.799035
-45 -20 0.552292
-45 -15 0.343855
-45 -10 0.187211
-45 -5 0.090191
-45 0 0.035421
-45 5 0.013648
-45 10 0.005224
-45 15 0.003416
-45 20 0.002327
-45 25 0.001245
-45 30 0.000519
-45 35 0.000000
-45 40 0.000000
-45 45 0.000000
-45 50 0.000000
-45 55 0.000000
-45 60 0.000000
-45 65 0.000000
-45 70 0.000000
-45 75 0.000000
-45 80 0.000000
-45 85 0.000105
-45 90 0.000584
-45 95 0.007017
-45 100 0.021171
-45 105 0.057433
-45 110 0.145906
-45 115 0.315613
-45 120 0.556360
-45 125 0.834260
-45 130 1.064000
-45 135 1.155382
-45 140 1.066023
-45 145 0.846978
-45 150 0.585400
-45 155 0.352098
-45 160 0.183055
-45 165 0.087681
-45 170 0.036950
-45 175 0.013241
-40 -180 0.000786
-40 -175 0.000000
-40 -170 0.000000
-40 -165 0.000000
-40 -160 0.000000
-40 -155 0.000000
-40 -150 0.000000
-40 -145 0.000000
-40 -140 0.000000
-40 -135 0.000000
-40 -130 0.000000
-40 -125 0.000000
-40 -120 0.000000
-40 -115 0.000000
-40 -110 0.000000
-40 -105 0.000000
-40 -100 0.000000
-40 -95 0.000000
-40 -90 0.000435
-40 -85 0.003331
-40 -80 0.009204
-40 -75 0.020884
-40 -70 0.060611
-40 -65 0.140905
-40 -60 0.269840
-40 -55 0.441412
-40 -50 0.611215
-40 -45 0.725670
-40 -40 0.742618
-40 -35 0.666400
-40 -30 0.529787
-40 -25 0.369470
-40 -20 0.228916
-40 -15 0.125954
-40 -10 0.058851
-40 -5 0.023814
-40 0 0.006667
-40 5 0.001599
-40 10 0.000102
-40 15 0.000000
-40 20 0.000000
-40 25 0.000000
-40 30 0.000000
-40 35 0.000000
-40 40 0.000000
-40 45 0.000000
-40 50 0.000000
-40 55 0.000000
-40 60 0.000000
-40 65 0.000000
-40 70 0.000000
-40 75 0.000000
-40 80 0.000000
-40 85 0.000000
-40 90 0.000000
-40 95 0.002432
-40 100 0.007609
-40 105 0.023738
-40 110 0.067514
-40 115 0.155225
-40 120 0.279168
-40 125 0.420177
-40 130 0.530230
-40 135 0.561850
-40 140 0.499150
-40 145 0.376560
-40 150 0.243262
-40 155 0.134367
-40 160 0.062822
-40 165 0.028707
-40 170 0.012034
-40 175 0.004559
-35 -180 0.000213
-35 -175 0.000000
-35 -170 0.000000
-35 -165 0.000000
-35 -160 0.000000
-35 -155 0.000000
-35 -150 0.000000
-35 -145 0.000000
-35 -140 0.000000
-35 -135 0.000000
-35 -130 0.000000
-35 -125 0.000000
-35 -120 0.000000
-35 -115 0.000000
-35 -110 0.000000
-35 -105 0.000000
-35 -100 0.000000
-35 -95 0.000000
-35 -90 0.000218
-35 -85 0.001666
-35 -80 0.004437
-35 -75 0.010089
-35 -70 0.030442
-35 -65 0.072440
-35 -60 0.139352
-35 -55 0.226341
-35 -50 0.307980
-35 -45 0.354200
-35 -40 0.345732
-35 -35 0.289675
-35 -30 0.209775
-35 -25 0.128615
-35 -20 0.067322
-35 -15 0.030315
-35 -10 0.010757
-35 -5 0.003266
-35 0 0.000481
-35 5 0.000000
-35 10 0.000000
-35 15 0.000000
-35 20 0.000000
-35 25 0.000000
-35 30 0.000000
-35 35 0.000000
-35 40 0.000000
-35 45 0.000000
-35 50 0.000000
-35 55 0.000000
-35 60 0.000000
-35 65 0.000000
-35 70 0.000000
-35 75 0.000000
-35 80 0.000000
-35 85 0.000000
-35 90 0.000000
-35 95 0.000872
-35 100 0.002509
-35 105 0.008613
-35 110 0.026131
-35 115 0.060939
-35 120 0.109059
-35 125 0.161873
-35 130 0.199220
-35 135 0.203498
-35 140 0.171826
-35 145 0.121149
-35 150 0.071356
-35 155 0.034632
-35 160 0.013623
-35 165 0.005946
-35 170 0.002640
-35 175 0.001213
-30 -180 0.000000
-30 -175 0.000000
-30 -170 0.000000
-30 -165 0.000000
-30 -160 0.000000
-30 -155 0.000000
-30 -150 0.000000
-30 -145 0.000000
-30 -140 0.000000
-30 -135 0.000000
-30 -130 0.000000
-30 -125 0.000000
-30 -120 0.000000
-30 -115 0.000000
-30 -110 0.000000
-30 -105 0.000000
-30 -100 0.000000
-30 -95 0.000000
-30 -90 0.000068
-30 -85 0.000523
-30 -80 0.001168
-30 -75 0.002693
-30 -70 0.010091
-30 -65 0.026299
-30 -60 0.052278
-30 -55 0.085002
-30 -50 0.113755
-30 -45 0.125989
-30 -40 0.115946
-30 -35 0.089523
-30 -30 0.058112
-30 -25 0.030378
-30 -20 0.012628
-30 -15 0.004247
-30 -10 0.001014
-30 -5 0.000187
-30 0 0.000000
-30 5 0.000000
-30 10 0.000000
-30 15 0.000000
-30 20 0.000000
-30 25 0.000000
-30 30 0.000000
-30 35 0.000000
-30 40 0.000000
-30 45 0.000000
-30 50 0.000000
-30 55 0.000000
-30 60 0.000000
-30 65 0.000000
-30 70 0.000000
-30 75 0.000000
-30 80 0.000000
-30 85 0.000000
-30 90 0.000000
-30 95 0.000209
-30 100 0.000567
-30 105 0.002155
-30 110 0.006994
-30 115 0.016426
-30 120 0.029098
-30 125 0.042653
-30 130 0.051427
-30 135 0.050920
-30 140 0.041275
-30 145 0.027519
-30 150 0.014772
-30 155 0.005864
-30 160 0.001357
-30 165 0.000307
-30 170 0.000000
-30 175 0.000000
-25 -180 0.000000
-25 -175 0.000000
-25 -170 0.000000
-25 -165 0.000000
-25 -160 0.000000
-25 -155 0.000000
-25 -150 0.000000
-25 -145 0.000000
-25 -140 0.000000
-25 -135 0.000000
-25 -130 0.000000
-25 -125 0.000000
-25 -120 0.000000
-25 -115 0.000000
-25 -110 0.000000
-25 -105 0.000000
-25 -100 0.000000
-25 -95 0.000000
-25 -90 0.000000
-25 -85 0.000000
-25 -80 0.000000
-25 -75 0.000118
-25 -70 0.001814
-25 -65 0.005633
-25 -60 0.011731
-25 -55 0.018876
-25 -50 0.024418
-25 -45 0.025462
-25 -40 0.021441
-25 -35 0.014593
-25 -30 0.007988
-25 -25 0.003055
-25 -20 0.000680
-25 -15 0.000005
-25 -10 0.000000
-25 -5 0.000000
-25 0 0.000000
-25 5 0.000000
-25 10 0.000000
-25 15 0.000000
-25 20 0.000000
-25 25 0.000000
-25 30 0.000000
-25 35 0.000000
-25 40 0.000000
-25 45 0.000000
-25 50 0.000000
-25 55 0.000000
-25 60 0.000000
-25 65 0.000000
-25 70 0.000000
-25 75 0.000000
-25 80 0.000000
-25 85 0.000000
-25 90 0.000000
-25 95 0.000000
-25 100 0.000000
-25 105 0.000159
-25 110 0.000559
-25 115 0.001159
-25 120 0.001891
-25 125 0.002447
-25 130 0.002524
-25 135 0.002083
-25 140 0.001381
-25 145 0.000738
-25 150 0.000269
-25 155 0.000043
-25 160 0.000009
-25 165 0.000000
-25 170 0.000000
-25 175 0.000000
-20 -180 0.000000
-20 -175 0.000000
-20 -170 0.000000
-20 -165 0.000000
-20 -160 0.000000
-20 -155 0.000000
-20 -150 0.000000
-20 -145 0.000000
-20 -140 0.000000
-20 -135 0.000000
-20 -130 0.000000
-20 -125 0.000000
-20 -120 0.000000
-20 -115 0.000000
-20 -110 0.000000
-20 -105 0.000000
-20 -100 0.000000
-20 -95 0.000000
-20 -90 0.000000
-20 -85 0.000000
-20 -80 0.000000
-20 -75 0.000000
-20 -70 0.000362
-20 -65 0.000994
-20 -60 0.001925
-20 -55 0.002927
-20 -50 0.003500
-20 -45 0.003296
-20 -40 0.002449
-20 -35 0.001437
-20 -30 0.000666
-20 -25 0.000127
-20 -20 0.000000
-20 -15 0.000000
-20 -10 0.000000
-20 -5 0.000000
-20 0 0.000000
-20 5 0.000000
-20 10 0.000000
-20 15 0.000000
-20 20 0.000000
-20 25 0.000000
-20 30 0.000000
-20 35 0.000000
-20 40 0.000000
-20 45 0.000000
-20 50 0.000000
-20 55 0.000000
-20 60 0.000000
-20 65 0.000000
-20 70 0.000000
-20 75 0.000000
-20 80 0.000000
-20 85 0.000000
-20 90 0.000000
-20 95 0.000000
-20 100 0.000000
-20 105 0.000000
-20 110 0.000000
-20 115 0.000000
-20 120 0.000000
-20 125 0.000000
-20 130 0.000000
-20 135 0.000000
-20 140 0.000000
-20 145 0.000000
-20 150 0.000000
-20 155 0.000000
-20 160 0.000000
-20 165 0.000000
-20 170 0.000000
-20 175 0.000000
-15 -180 0.000000
-15 -175 0.000000
-15 -170 0.000000
-15 -165 0.000000
-15 -160 0.000000
-15 -155 0.000000
-15 -150 0.000000
-15 -145 0.000000
-15 -140 0.000000
-15 -135 0.000000
-15 -130 0.000000
-15 -125 0.000000
-15 -120 0.000000
-15 -115 0.000000
-15 -110 0.000000
-15 -105 0.000000
-15 -100 0.000000
-15 -95 0.000000
-15 -90 0.000000
-15 -85 0.000000
-15 -80 0.000000
-15 -75 0.000000
-15 -70 0.000000
-15 -65 0.000000
-15 -60 0.000000
-15 -55 0.000000
-15 -50 0.000000
-15 -45 0.000000
-15 -40 0.000000
-15 -35 0.000000
-15 -30 0.000000
-15 -25 0.000000
-15 -20 0.000000
-15 -15 0.000000
-15 -10 0.000000
-15 -5 0.000000
-15 0 0.000000
-15 5 0.000000
-15 10 0.000000
-15 15 0.000000
-15 20 0.000000
-15 25 0.000000
-15 30 0.000000
-15 35 0.000000
-15 40 0.000000
-15 45 0.000000
-15 50 0.000000
-15 55 0.000000
-15 60 0.000000
-15 65 0.000000
-15 70 0.000000
-15 75 0.000000
-15 80 0.000000
-15 85 0.000000
-15 90 0.000000
-15 95 0.000000
-15 100 0.000000
-15 105 0.000000
-15 110 0.000000
-15 115 0.000000
-15 120 0.000000
-15 125 0.000000
-15 130 0.000000
-15 135 0.000000
-15 140 0.000000
-15 145 0.000000
-15 150 0.000000
-15 155 0.000000
-15 160 0.000000
-15 165 0.000000
-15 170 0.000000
-15 175 0.000000
-10 -180 0.000000
-10 -175 0.000000
-10 -170 0.000000
-10 -165 0.000000
-10 -160 0.000000
-10 -155 0.000000
-10 -150 0.000000
-10 -145 0.000000
-10 -140 0.000000
-10 -135 0.000000
-10 -130 0.000000
-10 -125 0.000000
-10 -120 0.000000
-10 -115 0.000000
-10 -110 0.000000
-10 -105 0.000000
-10 -100 0.000000
-10 -95 0.000000
-10 -90 0.000000
-10 -85 0.000000
-10 -80 0.000000
-10 -75 0.000000
-10 -70 0.000000
-10 -65 0.000000
-10 -60 0.000000
-10 -55 0.000000
-10 -50 0.000000
-10 -45 0.000000
-10 -40 0.000000
-10 -35 0.000000
-10 -30 0.000000
-10 -25 0.000000
-10 -20 0.000000
-10 -15 0.000000
-10 -10 0.000000
-10 -5 0.000000
-10 0 0.000000
-10 5 0.000000
-10 10 0.000000
-10 15 0.000000
-10 20 0.000000
-10 25 0.000000
-10 30 0.000000
-10 35 0.000000
-10 40 0.000000
-10 45 0.000000
-10 50 0.000000
-10 55 0.000000
-10 60 0.000000
-10 65 0.000000
-10 70 0.000000
-10 75 0.000000
-10 80 0.000000
-10 85 0.000000
-10 90 0.000000
-10 95 0.000000
-10 100 0.000000
-10 105 0.000000
-10 110 0.000000
-10 115 0.000000
-10 120 0.000000
-10 125 0.000000
-10 130 0.000000
-10 135 0.000000
-10 140 0.000000
-10 145 0.000000
-10 150 0.000000
-10 155 0.000000
-10 160 0.000000
-10 165 0.000000
-10 170 0.000000
-10 175 0.000000
-5 -180 0.000000
-5 -175 0.000000
-5 -170 0.000000
-5 -165 0.000000
-5 -160 0.000000
-5 -155 0.000000
-5 -150 0.000000
-5 -145 0.000000
-5 -140 0.000000
-5 -135 0.000000
-5 -130 0.000000
-5 -125 0.000000
-5 -120 0.000000
-5 -115 0.000000
-5 -110 0.000000
-5 -105 0.000000
-5 -100 0.000000
-5 -95 0.000000
-5 -90 0.000000
-5 -85 0.000000
-5 -80 0.000000
-5 -75 0.000000
-5 -70 0.000000
-5 -65 0.000000
-5 -60 0.000000
-5 -55 0.000000
-5 -50 0.000000
-5 -45 0.000000
-5 -40 0.000000
-5 -35 0.000000
-5 -30 0.000000
-5 -25 0.000000
-5 -20 0.000000
-5 -15 0.000000
-5 -10 0.000000
-5 -5 0.000000
-5 0 0.000000
-5 5 0.000000
-5 10 0.000000
-5 15 0.000000
-5 20 0.000000
-5 25 0.000000
-5 30 0.000000
-5 35 0.000000
-5 40 0.000000
-5 45 0.000000
-5 50 0.000000
-5 55 0.000000
-5 60 0.000000
-5 65 0.000000
-5 70 0.000000
-5 75 0.000000
-5 80 0.000000
-5 85 0.000000
-5 90 0.000000
-5 95 0.000000
-5 100 0.000000
-5 105 0.000000
-5 110 0.000000
-5 115 0.000000
-5 120 0.000000
-5 125 0.000000
-5 130 0.000000
-5 135 0.000000
-5 140 0.000000
-5 145 0.000000
-5 150 0.000000
-5 155 0.000000
-5 160 0.000000
-5 165 0.000000
-5 170 0.000000
-5 175 0.000000
0 -180 0.000000
0 -175 0.000000
0 -170 0.000000
0 -165 0.000000
0 -160 0.000000
0 -155 0.000000
0 -150 0.000000
0 -145 0.000000
0 -140 0.000000
0 -135 0.000000
0 -130 0.000000
0 -125 0.000000
0 -120 0.000000
0 -115 0.000000
0 -110 0.000000
0 -105 0.000000
0 -100 0.000000
0 -95 0.000000
0 -90 0.000000
0 -85 0.000000
0 -80 0.000000
0 -75 0.000000
0 -70 0.000000
0 -65 0.000000
0 -60 0.000000
0 -55 0.000000
0 -50 0.000000
0 -45 0.000000
0 -40 0.000000
0 -35 0.000000
0 -30 0.000000
0 -25 0.000000
0 -20 0.000000
0 -15 0.000000
0 -10 0.000000
0 -5 0.000000
0 0 0.000000
0 5 0.000000
0 10 0.000000
0 15 0.000000
0 20 0.000000
0 25 0.000000
0 30 0.000000
0 35 0.000000
0 40 0.000000
0 45 0.000000
0 50 0.000000
0 55 0.000000
0 60 0.000000
0 65 0.000000
0 70 0.000000
0 75 0.000000
0 80 0.000000
0 85 0.000000
0 90 0.000000
0 95 0.000000
0 100 0.000000
0 105 0.000000
0 110 0.000000
0 115 0.000000
0 120 0.000000
0 125 0.000000
0 130 0.000000
0 135 0.000000
0 140 0.000000
0 145 0.000000
0 150 0.000000
0 155 0.000000
0 160 0.000000
0 165 0.000000
0 170 0.000000
0 175 0.000000
5 -180 0.000000
5 -175 0.000000
5 -170 0.000000
5 -165 0.000000
5 -160 0.000000
5 -155 0.000000
5 -150 0.000000
5 -145 0.000000
5 -140 0.000000
5 -135 0.000000
5 -130 0.000000
5 -125 0.000000
5 -120 0.000000
5 -115 0.000000
5 -110 0.000000
5 -105 0.000000
5 -100 0.000000
5 -95 0.000000
5 -90 0.000000
5 -85 0.000000
5 -80 0.000000
5 -75 0.000000
5 -70 0.000000
5 -65 0.000000
5 -60 0.000000
5 -55 0.000000
5 -50 0.000000
5 -45 0.000000
5 -40 0.000000
5 -35 0.000000
5 -30 0.000000
5 -25 0.000000
5 -20 0.000000
5 -15 0.000000
5 -10 0.000000
5 -5 0.000000
5 0 0.000000
5 5 0.000000
5 10 0.000000
5 15 0.000000
5 20 0.000000
5 25 0.000000
5 30 0.000000
5 35 0.000000
5 40 0.000000
5 45 0.000000
5 50 0.000000
5 55 0.000000
5 60 0.000000
5 65 0.000000
5 70 0.000000
5 75 0.000000
5 80 0.000000
5 85 0.000000
5 90 0.000000
5 95 0.000000
5 100 0.000000
5 105 0.000000
5 110 0.000000
5 115 0.000000
5 120 0.000000
5 125 0.000000
5 130 0.000000
5 135 0.000000
5 140 0.000000
5 145 0.000000
5 150 0.000000
5 155 0.000000
5 160 0.000000
5 165 0.000000
5 170 0.000000
5 175 0.000000
10 -180 0.000000
10 -175 0.000000
10 -170 0.000000
10 -165 0.000000
10 -160 0.000000
10 -155 0.000000
10 -150 0.000000
10 -145 0.000000
10 -140 0.000000
10 -135 0.000000
10 -130 0.000000
10 -125 0.000000
10 -120 0.000000
10 -115 0.000000
10 -110 0.000000
10 -105 0.000000
10 -100 0.000000
10 -95 0.000000
10 -90 0.000000
10 -85 0.000000
10 -80 0.000000
10 -75 0.000000
10 -70 0.000000
10 -65 0.000000
10 -60 0.000000
10 -55 0.000000
10 -50 0.000000
10 -45 0.000000
10 -40 0.000000
10 -35 0.000000
10 -30 0.000000
10 -25 0.000000
10 -20 0.000000
10 -15 0.000000
10 -10 0.000000
10 -5 0.000000
10 0 0.000000
10 5 0.000000
10 10 0.000000
10 15 0.000000
10 20 0.000000
10 25 0.000000
10 30 0.000000
10 35 0.000000
10 40 0.000000
10 45 0.000000
10 50 0.000000
10 55 0.000000
10 60 0.000000
10 65 0.000000
10 70 0.000000
10 75 0.000000
10 80 0.000000
10 85 0.000000
10 90 0.000000
10 95 0.000000
10 100 0.000000
10 105 0.000000
10 110 0.000000
10 115 0.000000
10 120 0.000000
10 125 0.000000
10 130 0.000000
10 135 0.000000
10 140 0.000000
10 145 0.000000
10 150 0.000000
10 155 0.000000
10 160 0.000000
10 165 0.000000
10 170 0.000000
10 175 0.000000
15 -180 0.000000
15 -175 0.000000
15 -170 0.000000
15 -165 0.000000
15 -160 0.000000
15 -155 0.000000
15 -150 0.000000
15 -145 0.000000
15 -140 0.000000
15 -135 0.000000
15 -130 0.000000
15 -125 0.000000
15 -120 0.000000
15 -115 0.000000
15 -110 0.000000
15 -105 0.000000
15 -100 0.000000
15 -95 0.000000
15 -90 0.000000
15 -85 0.000000
15 -80 0.000000
15 -75 0.000000
15 -70 0.000000
15 -65 0.000000
15 -60 0.000000
15 -55 0.000000
15 -50 0.000000
15 -45 0.000000
15 -40 0.000000
15 -35 0.000000
15 -30 0.000000
15 -25 0.000000
15 -20 0.000000
15 -15 0.000000
15 -10 0.000000
15 -5 0.000000
15 0 0.000000
15 5 0.000000
15 10 0.000000
15 15 0.000000
15 20 0.000000
15 25 0.000000
15 30 0.000000
15 35 0.000000
15 40 0.000000
15 45 0.000000
15 50 0.000000
15 55 0.000000
15 60 0.000000
15 65 0.000000
15 70 0.000000
15 75 0.000000
15 80 0.000000
15 85 0.000000
15 90 0.000000
15 95 0.000000
15 100 0.000000
15 105 0.000000
15 110 0.000000
15 115 0.000000
15 120 0.000000
15 125 0.000000
15 130 0.000000
15 135 0.000000
15 140 0.000000
15 145 0.000000
15 150 0.000000
15 155 0.000000
15 160 0.000000
15 165 0.000000
15 170 0.000000
15 175 0.000000
20 -180 0.000000
20 -175 0.000000
20 -170 0.000000
20 -165 0.000000
20 -160 0.000000
20 -155 0.000000
20 -150 0.000000
20 -145 0.000000
20 -140 0.000000
20 -135 0.000000
20 -130 0.000000
20 -125 0.000000
20 -120 0.000000
20 -115 0.000000
20 -110 0.000000
20 -105 0.000000
20 -100 0.000000
20 -95 0.000000
20 -90 0.000000
20 -85 0.000000
20 -80 0.000000
20 -75 0.000000
20 -70 0.000000
20 -65 0.000000
20 -60 0.000000
20 -55 0.000000
20 -50 0.000000
20 -45 0.000000
20 -40 0.000000
20 -35 0.000000
20 -30 0.000000
20 -25 0.000000
20 -20 0.000000
20 -15 0.000000
20 -10 0.000000
20 -5 0.000000
20 0 0.000000
20 5 0.000000
20 10 0.000000
20 15 0.000000
20 20 0.000000
20 25 0.000000
20 30 0.000079
20 35 0.000767
20 40 0.001739
20 45 0.003103
20 50 0.004350
20 55 0.004783
20 60 0.004121
20 65 0.002778
20 70 0.001465
20 75 0.000578
20 80 0.000000
20 85 0.000000
20 90 0.000000
20 95 0.000000
20 100 0.000000
20 105 0.000000
20 110 0.000000
20 115 0.000000
20 120 0.000000
20 125 0.000000
20 130 0.000000
20 135 0.000000
20 140 0.000000
20 145 0.000000
20 150 0.000000
20 155 0.000000
20 160 0.000000
20 165 0.000000
20 170 0.000000
20 175 0.000000
25 -180 0.000000
25 -175 0.000000
25 -170 0.000000
25 -165 0.000000
25 -160 0.000000
25 -155 0.000000
25 -150 0.000000
25 -145 0.000000
25 -140 0.000000
25 -135 0.000000
25 -130 0.000000
25 -125 0.000000
25 -120 0.000000
25 -115 0.000000
25 -110 0.000000
25 -105 0.000000
25 -100 0.000000
25 -95 0.000000
25 -90 0.000000
25 -85 0.000000
25 -80 0.000000
25 -75 0.000000
25 -70 0.000000
25 -65 0.000000
25 -60 0.000000
25 -55 0.000000
25 -50 0.000000
25 -45 0.000000
25 -40 0.000000
25 -35 0.000000
25 -30 0.000000
25 -25 0.000000
25 -20 0.000000
25 -15 0.000000
25 -10 0.000000
25 -5 0.000000
25 0 0.000000
25 5 0.000000
25 10 0.000000
25 15 0.000000
25 20 0.000257
25 25 0.000728
25 30 0.001868
25 35 0.004865
25 40 0.008782
25 45 0.013314
25 50 0.016943
25 55 0.017751
25 60 0.015083
25 65 0.010209
25 70 0.005550
25 75 0.002273
25 80 0.000275
25 85 0.000000
25 90 0.000000
25 95 0.000000
25 100 0.000000
25 105 0.000000
25 110 0.000000
25 115 0.000000
25 120 0.000000
25 125 0.000000
25 130 0.000000
25 135 0.000000
25 140 0.000000
25 145 0.000000
25 150 0.000000
25 155 0.000000
25 160 0.000000
25 165 0.000000
25 170 0.000000
25 175 0.000000
30 -180 0.000000
30 -175 0.000000
30 -170 0.000000
30 -165 0.000000
30 -160 0.000000
30 -155 0.000015
30 -150 0.000174
30 -145 0.000398
30 -140 0.000715
30 -135 0.001009
30 -130 0.001115
30 -125 0.000965
30 -120 0.000653
30 -115 0.000345
30 -110 0.000137
30 -105 0.000000
30 -100 0.000000
30 -95 0.000000
30 -90 0.000000
30 -85 0.000000
30 -80 0.000000
30 -75 0.000000
30 -70 0.000000
30 -65 0.000000
30 -60 0.000000
30 -55 0.000000
30 -50 0.000000
30 -45 0.000000
30 -40 0.000000
30 -35 0.000000
30 -30 0.000000
30 -25 0.000000
30 -20 0.000000
30 -15 0.000000
30 -10 0.000000
30 -5 0.000000
30 0 0.000000
30 5 0.000059
30 10 0.000204
30 15 0.000415
30 20 0.002890
30 25 0.008381
30 30 0.018198
30 35 0.033686
30 40 0.050370
30 45 0.063478
30 50 0.069034
30 55 0.064358
30 60 0.051627
30 65 0.035031
30 70 0.020721
30 75 0.010683
30 80 0.004146
30 85 0.001629
30 90 0.000673
30 95 0.000000
30 100 0.000000
30 105 0.000000
30 110 0.000000
30 115 0.000000
30 120 0.000000
30 125 0.000000
30 130 0.000000
30 135 0.000000
30 140 0.000000
30 145 0.000000
30 150 0.000000
30 155 0.000000
30 160 0.000000
30 165 0.000000
30 170 0.000000
30 175 0.000000
35 -180 0.000000
35 -175 0.000000
35 -170 0.000000
35 -165 0.000000
35 -160 0.000000
35 -155 0.000098
35 -150 0.001114
35 -145 0.002547
35 -140 0.004578
35 -135 0.006456
35 -130 0.007135
35 -125 0.006172
35 -120 0.004175
35 -115 0.002207
35 -110 0.000879
35 -105 0.000000
35 -100 0.000000
35 -95 0.000000
35 -90 0.000000
35 -85 0.000000
35 -80 0.000000
35 -75 0.000000
35 -70 0.000000
35 -65 0.000000
35 -60 0.000000
35 -55 0.000000
35 -50 0.000000
35 -45 0.000000
35 -40 0.000000
35 -35 0.000000
35 -30 0.000000
35 -25 0.000000
35 -20 0.000000
35 -15 0.000000
35 -10 0.000000
35 -5 0.000029
35 0 0.000442
35 5 0.003002
35 10 0.007587
35 15 0.014423
35 20 0.028903
35 25 0.051011
35 30 0.080749
35 35 0.118648
35 40 0.153809
35 45 0.173495
35 50 0.171141
35 55 0.147683
35 60 0.112141
35 65 0.073381
35 70 0.043025
35 75 0.023100
35 80 0.010034
35 85 0.004089
35 90 0.001690
35 95 0.000000
35 100 0.000000
35 105 0.000000
35 110 0.000000
35 115 0.000000
35 120 0.000000
35 125 0.000000
35 130 0.000000
35 135 0.000000
35 140 0.000000
35 145 0.000000
35 150 0.000000
35 155 0.000000
35 160 0.000000
35 165 0.000000
35 170 0.000000
35 175 0.000000
40 -180 0.000000
40 -175 0.000000
40 -170 0.000000
40 -165 0.000000
40 -160 0.000000
40 -155 0.000215
40 -150 0.002450
40 -145 0.005604
40 -140 0.010071
40 -135 0.014203
40 -130 0.015696
40 -125 0.013578
40 -120 0.009185
40 -115 0.004856
40 -110 0.001934
40 -105 0.000000
40 -100 0.000000
40 -95 0.000000
40 -90 0.000000
40 -85 0.000000
40 -80 0.000000
40 -75 0.000000
40 -70 0.000000
40 -65 0.000000
40 -60 0.000087
40 -55 0.000290
40 -50 0.000585
40 -45 0.000931
40 -40 0.001171
40 -35 0.001165
40 -30 0.000917
40 -25 0.000571
40 -20 0.000281
40 -15 0.000081
40 -10 0.000000
40 -5 0.000766
40 0 0.003742
40 5 0.015028
40 10 0.033716
40 15 0.059973
40 20 0.101763
40 25 0.154777
40 30 0.215231
40 35 0.281353
40 40 0.334367
40 45 0.351460
40 50 0.324752
40 55 0.265107
40 60 0.192636
40 65 0.122184
40 70 0.071135
40 75 0.039300
40 80 0.018468
40 85 0.007735
40 90 0.003197
40 95 0.000000
40 100 0.000000
40 105 0.000000
40 110 0.000000
40 115 0.000000
40 120 0.000000
40 125 0.000000
40 130 0.000000
40 135 0.000000
40 140 0.000000
40 145 0.000000
40 150 0.000000
40 155 0.000000
40 160 0.000000
40 165 0.000000
40 170 0.000000
40 175 0.000000
45 -180 0.000000
45 -175 0.000000
45 -170 0.000000
45 -165 0.000000
45 -160 0.000000
45 -155 0.000373
45 -150 0.004255
45 -145 0.009732
45 -140 0.017491
45 -135 0.024666
45 -130 0.027258
45 -125 0.023580
45 -120 0.015952
45 -115 0.008433
45 -110 0.003360
45 -105 0.000000
45 -100 0.000000
45 -95 0.000000
45 -90 0.000000
45 -85 0.000000
45 -80 0.000000
45 -75 0.000000
45 -70 0.000000
45 -65 0.000000
45 -60 0.000519
45 -55 0.001725
45 -50 0.003476
45 -45 0.005533
45 -40 0.006983
45 -35 0.007063
45 -30 0.005753
45 -25 0.003916
45 -20 0.002641
45 -15 0.002477
45 -10 0.004239
45 -5 0.009387
45 0 0.021203
45 5 0.052032
45 10 0.098715
45 15 0.160310
45 20 0.245052
45 25 0.339065
45 30 0.430790
45 35 0.516188
45 40 0.571925
45 45 0.567320
45 50 0.496780
45 55 0.386987
45 60 0.270352
45 65 0.166100
45 70 0.095540
45 75 0.053911
45 80 0.026727
45 85 0.011434
45 90 0.004726
45 95 0.000000
45 100 0.000000
45 105 0.000000
45 110 0.000000
45 115 0.000000
45 120 0.000000
45 125 0.000000
45 130 0.000000
45 135 0.000000
45 140 0.000000
45 145 0.000000
45 150 0.000000
45 155 0.000000
45 160 0.000000
45 165 0.000000
45 170 0.000000
45 175 0.000000
50 -180 0.000000
50 -175 0.000000
50 -170 0.000000
50 -165 0.000000
50 -160 0.000000
50 -155 0.000511
50 -150 0.005826
50 -145 0.013325
50 -140 0.023948
50 -135 0.033771
50 -130 0.037321
50 -125 0.032285
50 -120 0.021841
50 -115 0.011545
50 -110 0.004600
50 -105 0.000000
50 -100 0.000000
50 -95 0.000000
50 -90 0.000000
50 -85 0.000000
50 -80 0.000000
50 -75 0.000000
50 -70 0.000000
50 -65 0.000000
50 -60 0.001134
50 -55 0.003768
50 -50 0.007595
50 -45 0.012089
50 -40 0.015391
50 -35 0.016301
50 -30 0.014536
50 -25 0.012046
50 -20 0.010771
50 -15 0.012399
50 -10 0.018970
50 -5 0.033984
50 0 0.063720
50 5 0.127492
50 10 0.216304
50 15 0.326440
50 20 0.460693
50 25 0.591408
50 30 0.697270
50 35 0.775270
50 40 0.804930
50 45 0.756012
50 50 0.628903
50 55 0.468335
50 60 0.313745
50 65 0.185273
50 70 0.104045
50 75 0.059276
50 80 0.030407
50 85 0.013217
50 90 0.005463
50 95 0.000000
50 100 0.000000
50 105 0.000000
50 110 0.000000
50 115 0.000000
50 120 0.000000
50 125 0.000000
50 130 0.000000
50 135 0.000000
50 140 0.000000
50 145 0.000000
50 150 0.000000
50 155 0.000000
50 160 0.000000
50 165 0.000000
50 170 0.000000
50 175 0.000000
55 -180 0.000000
55 -175 0.000000
55 -170 0.000000
55 -165 0.000000
55 -160 0.000000
55 -155 0.000551
55 -150 0.006279
55 -145 0.014362
55 -140 0.025811
55 -135 0.036399
55 -130 0.040225
55 -125 0.034797
55 -120 0.023540
55 -115 0.012444
55 -110 0.004958
55 -105 0.000000
55 -100 0.000000
55 -95 0.000000
55 -90 0.000000
55 -85 0.000000
55 -80 0.000000
55 -75 0.000000
55 -70 0.000000
55 -65 0.000000
55 -60 0.001957
55 -55 0.006502
55 -50 0.013106
55 -45 0.020860
55 -40 0.026655
55 -35 0.028742
55 -30 0.026871
55 -25 0.024573
55 -20 0.025346
55 -15 0.032204
55 -10 0.048656
55 -5 0.079268
55 0 0.132964
55 5 0.233926
55 10 0.366978
55 15 0.524155
55 20 0.698425
55 25 0.846405
55 30 0.937335
55 35 0.972503
55 40 0.945287
55 45 0.838110
55 50 0.661227
55 55 0.470740
55 60 0.303160
55 65 0.172813
55 70 0.095693
55 75 0.055652
55 80 0.029708
55 85 0.013300
55 90 0.005497
55 95 0.000000
55 100 0.000000
55 105 0.000000
55 110 0.000000
55 115 0.000000
55 120 0.000000
55 125 0.000000
55 130 0.000000
55 135 0.000000
55 140 0.000000
55 145 0.000000
55 150 0.000000
55 155 0.000000
55 160 0.000000
55 165 0.000000
55 170 0.000000
55 175 0.000000
60 -180 0.000000
60 -175 0.000000
60 -170 0.000000
60 -165 0.000000
60 -160 0.000000
60 -155 0.000467
60 -150 0.005320
60 -145 0.012167
60 -140 0.021867
60 -135 0.030838
60 -130 0.034079
60 -125 0.029481
60 -120 0.019944
60 -115 0.010543
60 -110 0.004200
60 -105 0.000000
60 -100 0.000000
60 -95 0.000000
60 -90 0.000000
60 -85 0.000000
60 -80 0.000000
60 -75 0.000000
60 -70 0.000000
60 -65 0.000000
60 -60 0.002665
60 -55 0.008851
60 -50 0.017842
60 -45 0.028398
60 -40 0.036455
60 -35 0.040272
60 -30 0.040189
60 -25 0.040900
60 -20 0.047324
60 -15 0.063553
60 -10 0.094481
60 -5 0.144835
60 0 0.225372
60 5 0.359530
60 10 0.524895
60 15 0.707405
60 20 0.889645
60 25 1.018962
60 30 1.062058
60 35 1.028520
60 40 0.932635
60 45 0.776092
60 50 0.578067
60 55 0.392973
60 60 0.244427
60 65 0.136304
60 70 0.076364
60 75 0.046330
60 80 0.026036
60 85 0.012165
60 90 0.005028
60 95 0.000000
60 100 0.000000
60 105 0.000000
60 110 0.000000
60 115 0.000000
60 120 0.000000
60 125 0.000000
60 130 0.000000
60 135 0.000000
60 140 0.000000
60 145 0.000000
60 150 0.000000
60 155 0.000000
60 160 0.000000
60 165 0.000000
60 170 0.000000
60 175 0.000000
65 -180 0.000000
65 -175 0.000000
65 -170 0.000000
65 -165 0.000000
65 -160 0.000000
65 -155 0.000310
65 -150 0.003538
65 -145 0.008091
65 -140 0.014542
65 -135 0.020507
65 -130 0.022663
65 -125 0.019605
65 -120 0.013263
65 -115 0.007011
65 -110 0.002793
65 -105 0.000000
65 -100 0.000000
65 -95 0.000000
65 -90 0.000000
65 -85 0.000000
65 -80 0.000000
65 -75 0.000000
65 -70 0.000000
65 -65 0.000000
65 -60 0.002858
65 -55 0.009493
65 -50 0.019134
65 -45 0.030455
65 -40 0.039329
65 -35 0.044782
65 -30 0.048366
65 -25 0.054990
65 -20 0.070291
65 -15 0.098397
65 -10 0.144334
65 -5 0.211128
65 0 0.309338
65 5 0.456527
65 10 0.626340
65 15 0.799740
65 20 0.954355
65 25 1.038758
65 30 1.024088
65 35 0.927325
65 40 0.781353
65 45 0.604660
65 50 0.421457
65 55 0.272735
65 60 0.166654
65 65 0.095643
65 70 0.058808
65 75 0.039378
65 80 0.023956
65 85 0.011851
65 90 0.004899
65 95 0.000000
65 100 0.000000
65 105 0.000000
65 110 0.000000
65 115 0.000000
65 120 0.000000
65 125 0.000000
65 130 0.000000
65 135 0.000000
65 140 0.000000
65 145 0.000000
65 150 0.000000
65 155 0.000000
65 160 0.000000
65 165 0.000000
65 170 0.000000
65 175 0.000000
70 -180 0.000000
70 -175 0.000000
70 -170 0.000000
70 -165 0.000000
70 -160 0.000000
70 -155 0.000162
70 -150 0.001844
70 -145 0.004218
70 -140 0.007580
70 -135 0.010690
70 -130 0.011814
70 -125 0.010220
70 -120 0.006914
70 -115 0.003655
70 -110 0.001456
70 -105 0.000000
70 -100 0.000000
70 -95 0.000000
70 -90 0.000000
70 -85 0.000000
70 -80 0.000000
70 -75 0.000000
70 -70 0.000000
70 -65 0.000000
70 -60 0.002411
70 -55 0.008008
70 -50 0.016142
70 -45 0.025692
70 -40 0.033432
70 -35 0.039582
70 -30 0.047616
70 -25 0.061274
70 -20 0.086193
70 -15 0.124936
70 -10 0.181174
70 -5 0.254600
70 0 0.353692
70 5 0.488260
70 10 0.633285
70 15 0.767385
70 20 0.871317
70 25 0.904510
70 30 0.847360
70 35 0.719675
70 40 0.562280
70 45 0.400967
70 50 0.259430
70 55 0.160301
70 60 0.101260
70 65 0.066828
70 70 0.050068
70 75 0.038111
70 80 0.024843
70 85 0.012907
70 90 0.005335
70 95 0.000000
70 100 0.000000
70 105 0.000000
70 110 0.000000
70 115 0.000000
70 120 0.000000
70 125 0.000000
70 130 0.000000
70 135 0.000000
70 140 0.000000
70 145 0.000000
70 150 0.000000
70 155 0.000000
70 160 0.000000
70 165 0.000000
70 170 0.000000
70 175 0.000000
75 -180 0.000000
75 -175 0.000000
75 -170 0.000000
75 -165 0.000000
75 -160 0.000000
75 -155 0.000061
75 -150 0.000696
75 -145 0.001592
75 -140 0.002862
75 -135 0.004036
75 -130 0.004460
75 -125 0.003858
75 -120 0.002610
75 -115 0.001380
75 -110 0.000550
75 -105 0.000000
75 -100 0.000000
75 -95 0.000000
75 -90 0.000000
75 -85 0.000000
75 -80 0.000000
75 -75 0.000000
75 -70 0.000000
75 -65 0.000000
75 -60 0.001597
75 -55 0.005306
75 -50 0.010696
75 -45 0.017024
75 -40 0.022369
75 -35 0.027878
75 -30 0.038939
75 -25 0.057237
75 -20 0.087909
75 -15 0.130989
75 -10 0.187993
75 -5 0.255202
75 0 0.338278
75 5 0.441035
75 10 0.544272
75 15 0.627543
75 20 0.679550
75 25 0.673980
75 30 0.601213
75 35 0.478370
75 40 0.343320
75 45 0.220219
75 50 0.128393
75 55 0.075046
75 60 0.053825
75 65 0.046460
75 70 0.043523
75 75 0.036484
75 80 0.024720
75 85 0.013147
75 90 0.005434
75 95 0.000000
75 100 0.000000
75 105 0.000000
75 110 0.000000
75 115 0.000000
75 120 0.000000
75 125 0.000000
75 130 0.000000
75 135 0.000000
75 140 0.000000
75 145 0.000000
75 150 0.000000
75 155 0.000000
75 160 0.000000
75 165 0.000000
75 170 0.000000
75 175 0.000000
80 -180 0.000000
80 -175 0.000000
80 -170 0.000000
80 -165 0.000000
80 -160 0.000000
80 -155 0.000000
80 -150 0.000000
80 -145 0.000000
80 -140 0.000000
80 -135 0.000000
80 -130 0.000000
80 -125 0.000000
80 -120 0.000000
80 -115 0.000000
80 -110 0.000000
80 -105 0.000000
80 -100 0.000000
80 -95 0.000000
80 -90 0.000000
80 -85 0.000000
80 -80 0.000000
80 -75 0.000000
80 -70 0.000000
80 -65 0.000000
80 -60 0.000830
80 -55 0.002758
80 -50 0.005559
80 -45 0.008848
80 -40 0.011771
80 -35 0.015724
80 -30 0.026923
80 -25 0.045163
80 -20 0.074721
80 -15 0.113548
80 -10 0.161375
80 -5 0.212723
80 0 0.270785
80 5 0.335902
80 10 0.396100
80 15 0.434412
80 20 0.447873
80 25 0.423507
80 30 0.360040
80 35 0.268827
80 40 0.177148
80 45 0.100957
80 50 0.052967
80 55 0.031085
80 60 0.030567
80 65 0.035836
80 70 0.038438
80 75 0.033376
80 80 0.022869
80 85 0.012212
80 90 0.005048
80 95 0.000000
80 100 0.000000
80 105 0.000000
80 110 0.000000
80 115 0.000000
80 120 0.000000
80 125 0.000000
80 130 0.000000
80 135 0.000000
80 140 0.000000
80 145 0.000000
80 150 0.000000
80 155 0.000000
80 160 0.000000
80 165 0.000000
80 170 0.000000
80 175 0.000000
85 -180 0.000000
85 -175 0.000000
85 -170 0.000000
85 -165 0.000000
85 -160 0.000000
85 -155 0.000000
85 -150 0.000000
85 -145 0.000000
85 -140 0.000000
85 -135 0.000000
85 -130 0.000000
85 -125 0.000000
85 -120 0.000000
85 -115 0.000000
85 -110 0.000000
85 -105 0.000000
85 -100 0.000000
85 -95 0.000000
85 -90 0.000000
85 -85 0.000000
85 -80 0.000000
85 -75 0.000000
85 -70 0.000000
85 -65 0.000000
85 -60 0.000310
85 -55 0.001029
85 -50 0.002073
85 -45 0.003300
85 -40 0.004488
85 -35 0.006791
85 -30 0.015706
85 -25 0.030008
85 -20 0.052782
85 -15 0.081264
85 -10 0.114379
85 -5 0.146853
85 0 0.180347
85 5 0.214152
85 10 0.242134
85 15 0.252462
85 20 0.247352
85 25 0.222459
85 30 0.180200
85 35 0.126524
85 40 0.076853
85 45 0.038615
85 50 0.018550
85 55 0.012205
85 60 0.017853
85 65 0.025086
85 70 0.028223
85 75 0.024795
85 80 0.016989
85 85 0.009072
85 90 0.003750
85 95 0.000000
85 100 0.000000
85 105 0.000000
85 110 0.000000
85 115 0.000000
85 120 0.000000
85 125 0.000000
85 130 0.000000
85 135 0.000000
85 140 0.000000
85 145 0.000000
85 150 0.000000
85 155 0.000000
85 160 0.000000
85 165 0.000000
85 170 0.000000
85 175 0.000000
90 -180 0.000000
90 -175 0.000000
90 -170 0.000000
90 -165 0.000000
90 -160 0.000000
90 -155 0.000000
90 -150 0.000000
90 -145 0.000000
90 -140 0.000000
90 -135 0.000000
90 -130 0.000000
90 -125 0.000000
90 -120 0.000000
90 -115 0.000000
90 -110 0.000000
90 -105 0.000000
90 -100 0.000000
90 -95 0.000000
90 -90 0.000000
90 -85 0.000000
90 -80 0.000000
90 -75 0.000000
90 -70 0.000000
90 -65 0.000000
90 -60 0.000000
90 -55 0.000000
90 -50 0.000000
90 -45 0.000000
90 -40 0.000131
90 -35 0.001204
90 -30 0.007019
90 -25 0.016176
90 -20 0.030357
90 -15 0.047157
90 -10 0.065292
90 -5 0.081385
90 0 0.096299
90 5 0.109900
90 10 0.119708
90 15 0.118991
90 20 0.110846
90 25 0.094691
90 30 0.073506
90 35 0.049481
90 40 0.028923
90 45 0.013995
90 50 0.007348
90 55 0.005990
90 60 0.010152
90 65 0.014677
90 70 0.016548
90 75 0.014547
90 80 0.009967
90 85 0.005322
90 90 0.002200
90 95 0.000000
90 100 0.000000
90 105 0.000000
90 110 0.000000
90 115 0.000000
90 120 0.000000
90 125 0.000000
90 130 0.000000
90 135 0.000000
90 140 0.000000
90 145 0.000000
90 150 0.000000
90 155 0.000000
90 160 0.000000
90 165 0.000000
90 170 0.000000
90 175 0.000000
95 -180 0.000000
95 -175 0.000000
95 -170 0.000000
95 -165 0.000000
95 -160 0.000000
95 -155 0.000000
95 -150 0.000000
95 -145 0.000000
95 -140 0.000000
95 -135 0.000000
95 -130 0.000000
95 -125 0.000000
95 -120 0.000000
95 -115 0.000000
95 -110 0.000000
95 -105 0.000000
95 -100 0.000000
95 -95 0.000000
95 -90 0.000000
95 -85 0.000000
95 -80 0.000000
95 -75 0.000000
95 -70 0.000000
95 -65 0.000000
95 -60 0.000000
95 -55 0.000000
95 -50 0.000000
95 -45 0.000000
95 -40 0.000000
95 -35 0.000205
95 -30 0.002744
95 -25 0.006747
95 -20 0.013271
95 -15 0.020809
95 -10 0.028583
95 -5 0.034548
95 0 0.039056
95 5 0.042365
95 10 0.044302
95 15 0.041785
95 20 0.037123
95 25 0.030211
95 30 0.022735
95 35 0.014816
95 40 0.008532
95 45 0.004130
95 50 0.002641
95 55 0.002579
95 60 0.004708
95 65 0.006807
95 70 0.007675
95 75 0.006746
95 80 0.004623
95 85 0.002468
95 90 0.001020
95 95 0.000000
95 100 0.000000
95 105 0.000000
95 110 0.000000
95 115 0.000000
95 120 0.000000
95 125 0.000000
95 130 0.000000
95 135 0.000000
95 140 0.000000
95 145 0.000000
95 150 0.000000
95 155 0.000000
95 160 0.000000
95 165 0.000000
95 170 0.000000
95 175 0.000000
100 -180 0.000000
100 -175 0.000000
100 -170 0.000000
100 -165 0.000000
100 -160 0.000000
100 -155 0.000000
100 -150 0.000000
100 -145 0.000000
100 -140 0.000000
100 -135 0.000000
100 -130 0.000000
100 -125 0.000000
100 -120 0.000000
100 -115 0.000000
100 -110 0.000000
100 -105 0.000000
100 -100 0.000000
100 -95 0.000000
100 -90 0.000000
100 -85 0.000000
100 -80 0.000000
100 -75 0.000000
100 -70 0.000000
100 -65 0.000000
100 -60 0.000000
100 -55 0.000000
100 -50 0.000000
100 -45 0.000000
100 -40 0.000000
100 -35 0.000091
100 -30 0.001041
100 -25 0.002405
100 -20 0.004465
100 -15 0.006670
100 -10 0.008767
100 -5 0.010346
100 0 0.011779
100 5 0.013169
100 10 0.013936
100 15 0.012819
100 20 0.010500
100 25 0.007314
100 30 0.004437
100 35 0.002202
100 40 0.000984
100 45 0.000414
100 50 0.000377
100 55 0.000488
100 60 0.000898
100 65 0.001298
100 70 0.001463
100 75 0.001286
100 80 0.000881
100 85 0.000471
100 90 0.000195
100 95 0.000000
100 100 0.000000
100 105 0.000000
100 110 0.000000
100 115 0.000000
100 120 0.000000
100 125 0.000000
100 130 0.000000
100 135 0.000000
100 140 0.000000
100 145 0.000000
100 150 0.000000
100 155 0.000000
100 160 0.000000
100 165 0.000000
100 170 0.000000
100 175 0.000000
105 -180 0.000000
105 -175 0.000000
105 -170 0.000000
105 -165 0.000000
105 -160 0.000000
105 -155 0.000000
105 -150 0.000000
105 -145 0.000000
105 -140 0.000000
105 -135 0.000000
105 -130 0.000000
105 -125 0.000000
105 -120 0.000000
105 -115 0.000000
105 -110 0.000000
105 -105 0.000000
105 -100 0.000000
105 -95 0.000000
105 -90 0.000000
105 -85 0.000000
105 -80 0.000000
105 -75 0.000000
105 -70 0.000000
105 -65 0.000000
105 -60 0.000000
105 -55 0.000000
105 -50 0.000000
105 -45 0.000000
105 -40 0.000000
105 -35 0.000011
105 -30 0.000122
105 -25 0.000279
105 -20 0.000501
105 -15 0.000706
105 -10 0.000781
105 -5 0.000675
105 0 0.000457
105 5 0.000241
105 10 0.000096
105 15 0.000000
105 20 0.000000
105 25 0.000000
105 30 0.000000
105 35 0.000000
105 40 0.000000
105 45 0.000000
105 50 0.000000
105 55 0.000000
105 60 0.000000
105 65 0.000000
105 70 0.000000
105 75 0.000000
105 80 0.000000
105 85 0.000000
105 90 0.000000
105 95 0.000000
105 100 0.000000
105 105 0.000000
105 110 0.000000
105 115 0.000000
105 120 0.000000
105 125 0.000000
105 130 0.000000
105 135 0.000000
105 140 0.000000
105 145 0.000000
105 150 0.000000
105 155 0.000000
105 160 0.000000
105 165 0.000000
105 170 0.000000
105 175 0.000000
110 -180 0.000000
110 -175 0.000000
110 -170 0.000000
110 -165 0.000000
110 -160 0.000000
110 -155 0.000000
110 -150 0.000000
110 -145 0.000000
110 -140 0.000000
110 -135 0.000000
110 -130 0.000000
110 -125 0.000000
110 -120 0.000000
110 -115 0.000000
110 -110 0.000000
110 -105 0.000000
110 -100 0.000000
110 -95 0.000000
110 -90 0.000000
110 -85 0.000000
110 -80 0.000000
110 -75 0.000000
110 -70 0.000000
110 -65 0.000000
110 -60 0.000000
110 -55 0.000000
110 -50 0.000000
110 -45 0.000000
110 -40 0.000000
110 -35 0.000000
110 -30 0.000000
110 -25 0.000000
110 -20 0.000000
110 -15 0.000000
110 -10 0.000000
110 -5 0.000000
110 0 0.000000
110 5 0.000000
110 10 0.000000
110 15 0.000000
110 20 0.000000
110 25 0.000000
110 30 0.000000
110 35 0.000000
110 40 0.000000
110 45 0.000000
110 50 0.000000
110 55 0.000000
110 60 0.000000
110 65 0.000000
110 70 0.000000
110 75 0.000000
110 80 0.000000
110 85 0.000000
110 90 0.000000
110 95 0.000000
110 100 0.000000
110 105 0.000000
110 110 0.000000
110 115 0.000000
110 120 0.000000
110 125 0.000000
110 130 0.000000
110 135 0.000000
110 140 0.000000
110 145 0.000000
110 150 0.000000
110 155 0.000000
110 160 0.000000
110 165 0.000000
110 170 0.000000
110 175 0.000000
115 -180 0.000000
115 -175 0.000000
115 -170 0.000000
115 -165 0.000000
115 -160 0.000000
115 -155 0.000000
115 -150 0.000000
115 -145 0.000000
115 -140 0.000000
115 -135 0.000000
115 -130 0.000000
115 -125 0.000000
115 -120 0.000000
115 -115 0.000000
115 -110 0.000000
115 -105 0.000000
115 -100 0.000000
115 -95 0.000000
115 -90 0.000000
115 -85 0.000000
115 -80 0.000000
115 -75 0.000000
115 -70 0.000000
115 -65 0.000000
115 -60 0.000000
115 -55 0.000000
115 -50 0.000000
115 -45 0.000000
115 -40 0.000000
115 -35 0.000000
115 -30 0.000000
115 -25 0.000000
115 -20 0.000000
115 -15 0.000000
115 -10 0.000000
115 -5 0.000000
115 0 0.000000
115 5 0.000000
115 10 0.000000
115 15 0.000000
115 20 0.000000
115 25 0.000000
115 30 0.000000
115 35 0.000000
115 40 0.000000
115 45 0.000000
115 50 0.000000
115 55 0.000000
115 60 0.000000
115 65 0.000000
115 70 0.000000
115 75 0.000000
115 80 0.000000
115 85 0.000000
115 90 0.000000
115 95 0.000000
115 100 0.000000
115 105 0.000000
115 110 0.000000
115 115 0.000000
115 120 0.000000
115 125 0.000000
115 130 0.000000
115 135 0.000000
115 140 0.000000
115 145 0.000000
115 150 0.000000
115 155 0.000000
115 160 0.000000
115 165 0.000000
115 170 0.000000
115 175 0.000000
120 -180 0.000000
120 -175 0.000000
120 -170 0.000000
120 -165 0.000000
120 -160 0.000000
120 -155 0.000000
120 -150 0.000000
120 -145 0.000000
120 -140 0.000000
120 -135 0.000000
120 -130 0.000000
120 -125 0.000000
120 -120 0.000000
120 -115 0.000000
120 -110 0.000000
120 -105 0.000000
120 -100 0.000000
120 -95 0.000000
120 -90 0.000000
120 -85 0.000000
120 -80 0.000000
120 -75 0.000000
120 -70 0.000000
120 -65 0.000000
120 -60 0.000000
120 -55 0.000000
120 -50 0.000000
120 -45 0.000000
120 -40 0.000000
120 -35 0.000000
120 -30 0.000000
120 -25 0.000000
120 -20 0.000000
120 -15 0.000000
120 -10 0.000000
120 -5 0.000000
120 0 0.000000
120 5 0.000000
120 10 0.000000
120 15 0.000000
120 20 0.000000
120 25 0.000000
120 30 0.000000
120 35 0.000000
120 40 0.000000
120 45 0.000000
120 50 0.000000
120 55 0.000000
120 60 0.000000
120 65 0.000000
120 70 0.000000
120 75 0.000000
120 80 0.000000
120 85 0.000000
120 90 0.000000
120 95 0.000000
120 100 0.000000
120 105 0.000000
120 110 0.000000
120 115 0.000000
120 120 0.000000
120 125 0.000000
120 130 0.000000
120 135 0.000000
120 140 0.000000
120 145 0.000000
120 150 0.000000
120 155 0.000000
120 160 0.000000
120 165 0.000000
120 170 0.000000
120 175 0.000000
125 -180 0.000000
125 -175 0.000000
125 -170 0.000000
125 -165 0.000000
125 -160 0.000000
125 -155 0.000000
125 -150 0.000000
125 -145 0.000000
125 -140 0.000000
125 -135 0.000000
125 -130 0.000000
125 -125 0.000000
125 -120 0.000000
125 -115 0.000000
125 -110 0.000000
125 -105 0.000000
125 -100 0.000000
125 -95 0.000000
125 -90 0.000000
125 -85 0.000000
125 -80 0.000000
125 -75 0.000000
125 -70 0.000000
125 -65 0.000000
125 -60 0.000000
125 -55 0.000000
125 -50 0.000000
125 -45 0.000000
125 -40 0.000000
125 -35 0.000000
125 -30 0.000000
125 -25 0.000000
125 -20 0.000000
125 -15 0.000000
125 -10 0.000000
125 -5 0.000000
125 0 0.000000
125 5 0.000000
125 10 0.000000
125 15 0.000000
125 20 0.000000
125 25 0.000000
125 30 0.000000
125 35 0.000000
125 40 0.000000
125 45 0.000000
125 50 0.000000
125 55 0.000000
125 60 0.000000
125 65 0.000000
125 70 0.000000
125 75 0.000000
125 80 0.000000
125 85 0.000000
125 90 0.000000
125 95 0.000000
125 100 0.000000
125 105 0.000000
125 110 0.000000
125 115 0.000000
125 120 0.000000
125 125 0.000000
125 130 0.000000
125 135 0.000000
125 140 0.000000
125 145 0.000000
125 150 0.000000
125 155 0.000000
125 160 0.000000
125 165 0.000000
125 170 0.000000
125 175 0.000000
130 -180 0.000000
130 -175 0.000000
130 -170 0.000000
130 -165 0.000000
130 -160 0.000000
130 -155 0.000000
130 -150 0.000000
130 -145 0.000000
130 -140 0.000000
130 -135 0.000000
130 -130 0.000000
130 -125 0.000000
130 -120 0.000000
130 -115 0.000000
130 -110 0.000000
130 -105 0.000000
130 -100 0.000000
130 -95 0.000000
130 -90 0.000000
130 -85 0.000000
130 -80 0.000000
130 -75 0.000000
130 -70 0.000000
130 -65 0.000000
130 -60 0.000000
130 -55 0.000000
130 -50 0.000000
130 -45 0.000000
130 -40 0.000000
130 -35 0.000000
130 -30 0.000000
130 -25 0.000000
130 -20 0.000000
130 -15 0.000000
130 -10 0.000000
130 -5 0.000000
130 0 0.000000
130 5 0.000000
130 10 0.000000
130 15 0.000000
130 20 0.000000
130 25 0.000000
130 30 0.000000
130 35 0.000000
130 40 0.000000
130 45 0.000000
130 50 0.000000
130 55 0.000000
130 60 0.000000
130 65 0.000000
130 70 0.000000
130 75 0.000000
130 80 0.000000
130 85 0.000000
130 90 0.000000
130 95 0.000000
130 100 0.000000
130 105 0.000000
130 110 0.000000
130 115 0.000000
130 120 0.000000
130 125 0.000000
130 130 0.000000
130 135 0.000000
130 140 0.000000
130 145 0.000000
130 150 0.000000
130 155 0.000000
130 160 0.000000
130 165 0.000000
130 170 0.000000
130 175 0.000000
135 -180 0.000000
135 -175 0.000000
135 -170 0.000000
135 -165 0.000000
135 -160 0.000000
135 -155 0.000000
135 -150 0.000000
135 -145 0.000000
135 -140 0.000000
135 -135 0.000000
135 -130 0.000000
135 -125 0.000000
135 -120 0.000000
135 -115 0.000000
135 -110 0.000000
135 -105 0.000000
135 -100 0.000000
135 -95 0.000000
135 -90 0.000000
135 -85 0.000000
135 -80 0.000000
135 -75 0.000000
135 -70 0.000000
135 -65 0.000000
135 -60 0.000000
135 -55 0.000000
135 -50 0.000000
135 -45 0.000000
135 -40 0.000000
135 -35 0.000000
135 -30 0.000000
135 -25 0.000000
135 -20 0.000000
135 -15 0.000000
135 -10 0.000000
135 -5 0.000000
135 0 0.000000
135 5 0.000000
135 10 0.000000
135 15 0.000000
135 20 0.000000
135 25 0.000000
135 30 0.000000
135 35 0.000000
135 40 0.000000
135 45 0.000000
135 50 0.000000
135 55 0.000000
135 60 0.000000
135 65 0.000000
135 70 0.000000
135 75 0.000000
135 80 0.000000
135 85 0.000000
135 90 0.000000
135 95 0.000000
135 100 0.000000
135 105 0.000000
135 110 0.000000
135 115 0.000000
135 120 0.000000
135 125 0.000000
135 130 0.000000
135 135 0.000000
135 140 0.000000
135 145 0.000000
135 150 0.000000
135 155 0.000000
135 160 0.000000
135 165 0.000000
135 170 0.000000
135 175 0.000000
140 -180 0.000000
140 -175 0.000000
140 -170 0.000000
140 -165 0.000000
140 -160 0.000000
140 -155 0.000000
140 -150 0.000000
140 -145 0.000000
140 -140 0.000000
140 -135 0.000000
140 -130 0.000000
140 -125 0.000000
140 -120 0.000000
140 -115 0.000000
140 -110 0.000000
140 -105 0.000000
140 -100 0.000000
140 -95 0.000000
140 -90 0.000000
140 -85 0.000000
140 -80 0.000000
140 -75 0.000000
140 -70 0.000000
140 -65 0.000000
140 -60 0.000000
140 -55 0.000000
140 -50 0.000000
140 -45 0.000000
140 -40 0.000000
140 -35 0.000000
140 -30 0.000000
140 -25 0.000000
140 -20 0.000000
140 -15 0.000000
140 -10 0.000000
140 -5 0.000000
140 0 0.000000
140 5 0.000000
140 10 0.000000
140 15 0.000000
140 20 0.000000
140 25 0.000000
140 30 0.000000
140 35 0.000000
140 40 0.000000
140 45 0.000000
140 50 0.000000
140 55 0.000000
140 60 0.000000
140 65 0.000000
140 70 0.000000
140 75 0.000000
140 80 0.000000
140 85 0.000000
140 90 0.000000
140 95 0.000000
140 100 0.000000
140 105 0.000000
140 110 0.000000
140 115 0.000000
140 120 0.000000
140 125 0.000000
140 130 0.000000
140 135 0.000000
140 140 0.000000
140 145 0.000000
140 150 0.000000
140 155 0.000000
140 160 0.000000
140 165 0.000000
140 170 0.000000
140 175 0.000000
145 -180 0.000000
145 -175 0.000000
145 -170 0.000000
145 -165 0.000000
145 -160 0.000000
145 -155 0.000000
145 -150 0.000000
145 -145 0.000000
145 -140 0.000000
145 -135 0.000000
145 -130 0.000000
145 -125 0.000000
145 -120 0.000000
145 -115 0.000000
145 -110 0.000000
145 -105 0.000000
145 -100 0.000000
145 -95 0.000000
145 -90 0.000000
145 -85 0.000000
145 -80 0.000000
145 -75 0.000000
145 -70 0.000000
145 -65 0.000000
145 -60 0.000000
145 -55 0.000000
145 -50 0.000000
145 -45 0.000000
145 -40 0.000000
145 -35 0.000000
145 -30 0.000000
145 -25 0.000000
145 -20 0.000000
145 -15 0.000000
145 -10 0.000000
145 -5 0.000000
145 0 0.000000
145 5 0.000000
145 10 0.000000
145 15 0.000000
145 20 0.000000
145 25 0.000000
145 30 0.000000
145 35 0.000000
145 40 0.000000
145 45 0.000000
145 50 0.000000
145 55 0.000000
145 60 0.000000
145 65 0.000000
145 70 0.000000
145 75 0.000000
145 80 0.000000
145 85 0.000000
145 90 0.000000
145 95 0.000000
145 100 0.000000
145 105 0.000000
145 110 0.000000
145 115 0.000000
145 120 0.000000
145 125 0.000000
145 130 0.000000
145 135 0.000000
145 140 0.000000
145 145 0.000000
145 150 0.000000
145 155 0.000000
145 160 0.000000
145 165 0.000000
145 170 0.000000
145 175 0.000000
150 -180 0.000000
150 -175 0.000000
150 -170 0.000000
150 -165 0.000000
150 -160 0.000000
150 -155 0.000000
150 -150 0.000000
150 -145 0.000000
150 -140 0.000000
150 -135 0.000000
150 -130 0.000000
150 -125 0.000000
150 -120 0.000000
150 -115 0.000000
150 -110 0.000000
150 -105 0.000000
150 -100 0.000000
150 -95 0.000000
150 -90 0.000000
150 -85 0.000000
150 -80 0.000000
150 -75 0.000000
150 -70 0.000000
150 -65 0.000000
150 -60 0.000000
150 -55 0.000000
150 -50 0.000000
150 -45 0.000000
150 -40 0.000000
150 -35 0.000000
150 -30 0.000000
150 -25 0.000000
150 -20 0.000000
150 -15 0.000000
150 -10 0.000000
150 -5 0.000000
150 0 0.000000
150 5 0.000000
150 10 0.000000
150 15 0.000000
150 20 0.000000
150 25 0.000000
150 30 0.000000
150 35 0.000000
150 40 0.000000
150 45 0.000000
150 50 0.000000
150 55 0.000000
150 60 0.000000
150 65 0.000000
150 70 0.000000
150 75 0.000000
150 80 0.000000
150 85 0.000000
150 90 0.000000
150 95 0.000000
150 100 0.000000
150 105 0.000000
150 110 0.000000
150 115 0.000000
150 120 0.000000
150 125 0.000000
150 130 0.000000
150 135 0.000000
150 140 0.000000
150 145 0.000000
150 150 0.000000
150 155 0.000000
150 160 0.000000
150 165 0.000000
150 170 0.000000
150 175 0.000000
155 -180 0.000000
155 -175 0.000000
155 -170 0.000000
155 -165 0.000000
155 -160 0.000000
155 -155 0.000000
155 -150 0.000000
155 -145 0.000000
155 -140 0.000000
155 -135 0.000000
155 -130 0.000000
155 -125 0.000000
155 -120 0.000000
155 -115 0.000000
155 -110 0.000000
155 -105 0.000000
155 -100 0.000000
155 -95 0.000000
155 -90 0.000000
155 -85 0.000000
155 -80 0.000000
155 -75 0.000000
155 -70 0.000000
155 -65 0.000000
155 -60 0.000000
155 -55 0.000000
155 -50 0.000000
155 -45 0.000000
155 -40 0.000000
155 -35 0.000000
155 -30 0.000000
155 -25 0.000000
155 -20 0.000000
155 -15 0.000000
155 -10 0.000000
155 -5 0.000000
155 0 0.000000
155 5 0.000000
155 10 0.000000
155 15 0.000000
155 20 0.000000
155 25 0.000000
155 30 0.000000
155 35 0.000000
155 40 0.000000
155 45 0.000000
155 50 0.000000
155 55 0.000000
155 60 0.000000
155 65 0.000000
155 70 0.000000
155 75 0.000000
155 80 0.000000
155 85 0.000000
155 90 0.000000
155 95 0.000000
155 100 0.000000
155 105 0.000000
155 110 0.000000
155 115 0.000000
155 120 0.000000
155 125 0.000000
155 130 0.000000
155 135 0.000000
155 140 0.000000
155 145 0.000000
155 150 0.000000
155 155 0.000000
155 160 0.000000
155 165 0.000000
155 170 0.000000
155 175 0.000000
160 -180 0.000000
160 -175 0.000000
160 -170 0.000000
160 -165 0.000000
160 -160 0.000000
160 -155 0.000000
160 -150 0.000000
160 -145 0.000000
160 -140 0.000000
160 -135 0.000000
160 -130 0.000000
160 -125 0.000000
160 -120 0.000000
160 -115 0.000000
160 -110 0.000000
160 -105 0.000000
160 -100 0.000000
160 -95 0.000000
160 -90 0.000000
160 -85 0.000000
160 -80 0.000000
160 -75 0.000000
160 -70 0.000000
160 -65 0.000000
160 -60 0.000000
160 -55 0.000000
160 -50 0.000000
160 -45 0.000000
160 -40 0.000000
160 -35 0.000000
160 -30 0.000000
160 -25 0.000000
160 -20 0.000000
160 -15 0.000000
160 -10 0.000000
160 -5 0.000000
160 0 0.000000
160 5 0.000000
160 10 0.000000
160 15 0.000000
160 20 0.000000
160 25 0.000000
160 30 0.000000
160 35 0.000000
160 40 0.000000
160 45 0.000000
160 50 0.000000
160 55 0.000000
160 60 0.000000
160 65 0.000000
160 70 0.000000
160 75 0.000000
160 80 0.000000
160 85 0.000136
160 90 0.000373
160 95 0.000722
160 100 0.001098
160 105 0.001313
160 110 0.001236
160 115 0.000918
160 120 0.000539
160 125 0.000250
160 130 0.000048
160 135 0.000000
160 140 0.000000
160 145 0.000000
160 150 0.000000
160 155 0.000000
160 160 0.000000
160 165 0.000000
160 170 0.000000
160 175 0.000000
165 -180 0.002502
165 -175 0.001068
165 -170 0.000250
165 -165 0.000000
165 -160 0.000000
165 -155 0.000000
165 -150 0.000000
165 -145 0.000000
165 -140 0.000000
165 -135 0.000000
165 -130 0.000000
165 -125 0.000000
165 -120 0.000000
165 -115 0.000000
165 -110 0.000000
165 -105 0.000000
165 -100 0.000000
165 -95 0.000000
165 -90 0.000000
165 -85 0.000000
165 -80 0.000000
165 -75 0.000000
165 -70 0.000000
165 -65 0.000000
165 -60 0.000000
165 -55 0.000000
165 -50 0.000000
165 -45 0.000000
165 -40 0.000000
165 -35 0.000000
165 -30 0.000000
165 -25 0.000000
165 -20 0.000000
165 -15 0.000000
165 -10 0.000000
165 -5 0.000000
165 0 0.000000
165 5 0.000000
165 10 0.000000
165 15 0.000000
165 20 0.000000
165 25 0.000000
165 30 0.000000
165 35 0.000000
165 40 0.000000
165 45 0.000000
165 50 0.000000
165 55 0.000000
165 60 0.000000
165 65 0.000000
165 70 0.000000
165 75 0.000000
165 80 0.000000
165 85 0.000755
165 90 0.002075
165 95 0.004018
165 100 0.006109
165 105 0.007305
165 110 0.006880
165 115 0.005111
165 120 0.002998
165 125 0.001391
165 130 0.000265
165 135 0.000000
165 140 0.000260
165 145 0.001090
165 150 0.002535
165 155 0.004388
165 160 0.006087
165 165 0.006778
165 170 0.006060
165 175 0.004349
170 -180 0.012503
170 -175 0.004939
170 -170 0.001237
170 -165 0.000031
170 -160 0.000000
170 -155 0.000000
170 -150 0.000000
170 -145 0.000000
170 -140 0.000000
170 -135 0.000000
170 -130 0.000000
170 -125 0.000000
170 -120 0.000000
170 -115 0.000000
170 -110 0.000000
170 -105 0.000000
170 -100 0.000000
170 -95 0.000000
170 -90 0.000000
170 -85 0.000000
170 -80 0.000000
170 -75 0.000000
170 -70 0.000000
170 -65 0.000000
170 -60 0.000000
170 -55 0.000000
170 -50 0.000000
170 -45 0.000000
170 -40 0.000000
170 -35 0.000000
170 -30 0.000000
170 -25 0.000000
170 -20 0.000000
170 -15 0.000000
170 -10 0.000000
170 -5 0.000000
170 0 0.000000
170 5 0.000000
170 10 0.000000
170 15 0.000000
170 20 0.000000
170 25 0.000000
170 30 0.000000
170 35 0.000000
170 40 0.000000
170 45 0.000000
170 50 0.000000
170 55 0.000000
170 60 0.000000
170 65 0.000000
170 70 0.000000
170 75 0.000000
170 80 0.000000
170 85 0.001638
170 90 0.004504
170 95 0.008720
170 100 0.013258
170 105 0.015853
170 110 0.015168
170 115 0.011988
170 120 0.008357
170 125 0.006034
170 130 0.004465
170 135 0.004003
170 140 0.005549
170 145 0.009638
170 150 0.017389
170 155 0.027189
170 160 0.035365
170 165 0.037509
170 170 0.032144
170 175 0.022294
175 -180 0.042439
175 -175 0.018773
175 -170 0.006250
175 -165 0.001144
175 -160 0.000000
175 -155 0.000000
175 -150 0.000000
175 -145 0.000000
175 -140 0.000000
175 -135 0.000000
175 -130 0.000000
175 -125 0.000000
175 -120 0.000000
175 -115 0.000000
175 -110 0.000000
175 -105 0.000000
175 -100 0.000000
175 -95 0.000000
175 -90 0.000000
175 -85 0.000000
175 -80 0.000000
175 -75 0.000000
175 -70 0.000000
175 -65 0.000000
175 -60 0.000000
175 -55 0.000000
175 -50 0.000000
175 -45 0.000000
175 -40 0.000000
175 -35 0.000000
175 -30 0.000000
175 -25 0.000000
175 -20 0.000000
175 -15 0.000000
175 -10 0.000000
175 -5 0.000000
175 0 0.000000
175 5 0.000000
175 10 0.000000
175 15 0.000000
175 20 0.000000
175 25 0.000000
175 30 0.000000
175 35 0.000000
175 40 0.000000
175 45 0.000000
175 50 0.000000
175 55 0.000014
175 60 0.000035
175 65 0.000066
175 70 0.000097
175 75 0.000112
175 80 0.000101
175 85 0.002879
175 90 0.007763
175 95 0.014971
175 100 0.022737
175 105 0.027211
175 110 0.026323
175 115 0.021871
175 120 0.017070
175 125 0.014888
175 130 0.014125
175 135 0.015315
175 140 0.022155
175 145 0.036234
175 150 0.060278
175 155 0.089126
175 160 0.111425
175 165 0.116445
175 170 0.100660
175 175 0.071960
