-180 -180 0.000000
-180 -175 0.000000
-180 -170 0.000000
-180 -165 0.000000
-180 -160 0.000000
-180 -155 0.000000
-180 -150 0.000000
-180 -145 0.000000
-180 -140 0.000000
-180 -135 0.000000
-180 -130 0.000000
-180 -125 0.000000
-180 -120 0.000000
-180 -115 0.000000
-180 -110 0.000000
-180 -105 0.000000
-180 -100 0.000000
-180 -95 0.000000
-180 -90 0.000000
-180 -85 0.000000
-180 -80 0.000000
-180 -75 0.000000
-180 -70 0.000000
-180 -65 0.000000
-180 -60 0.000000
-180 -55 0.000000
-180 -50 0.000000
-180 -45 0.000000
-180 -40 0.000000
-180 -35 0.000000
-180 -30 0.000000
-180 -25 0.000000
-180 -20 0.000000
-180 -15 0.000000
-180 -10 0.000000
-180 -5 0.000000
-180 0 0.000000
-180 5 0.000000
-180 10 0.000000
-180 15 0.000000
-180 20 0.000000
-180 25 0.000000
-180 30 0.000000
-180 35 0.000000
-180 40 0.000000
-180 45 0.000000
-180 50 0.000000
-180 55 0.000000
-180 60 0.000000
-180 65 0.000000
-180 70 0.000000
-180 75 0.000000
-180 80 0.000000
-180 85 0.000000
-180 90 0.000000
-180 95 0.000000
-180 100 0.000000
-180 105 0.000000
-180 110 0.000000
-180 115 0.000000
-180 120 0.000000
-180 125 0.000000
-180 130 0.000000
-180 135 0.000000
-180 140 0.000000
-180 145 0.000000
-180 150 0.000000
-180 155 0.000000
-180 160 0.000000
-180 165 0.000000
-180 170 0.000000
-180 175 0.000000
-175 -180 0.000000
-175 -175 0.000000
-175 -170 0.000000
-175 -165 0.000000
-175 -160 0.000000
-175 -155 0.000000
-175 -150 0.000000
-175 -145 0.000000
-175 -140 0.000000
-175 -135 0.000000
-175 -130 0.000000
-175 -125 0.000000
-175 -120 0.000000
-175 -115 0.000000
-175 -110 0.000000
-175 -105 0.000000
-175 -100 0.000000
-175 -95 0.000000
-175 -90 0.000000
-175 -85 0.000000
-175 -80 0.000000
-175 -75 0.000000
-175 -70 0.000000
-175 -65 0.000000
-175 -60 0.000000
-175 -55 0.000000
-175 -50 0.000000
-175 -45 0.000000
-175 -40 0.000000
-175 -35 0.000000
-175 -30 0.000000
-175 -25 0.000000
-175 -20 0.000000
-175 -15 0.000000
-175 -10 0.000000
-175 -5 0.000000
-175 0 0.000000
-175 5 0.000000
-175 10 0.000000
-175 15 0.000000
-175 20 0.000000
-175 25 0.000000
-175 30 0.000000
-175 35 0.000000
-175 40 0.000000
-175 45 0.000000
-175 50 0.000000
-175 55 0.000000
-175 60 0.000000
-175 65 0.000000
-175 70 0.000000
-175 75 0.000000
-175 80 0.000000
-175 85 0.000000
-175 90 0.000000
-175 95 0.000000
-175 100 0.000000
-175 105 0.000000
-175 110 0.000000
-175 115 0.000000
-175 120 0.000000
-175 125 0.000000
-175 130 0.000000
-175 135 0.000000
-175 140 0.000000
-175 145 0.000000
-175 150 0.000000
-175 155 0.000000
-175 160 0.000000
-175 165 0.000000
-175 170 0.000000
-175 175 0.000000
-170 -180 0.000000
-170 -175 0.000000
-170 -170 0.000000
-170 -165 0.000000
-170 -160 0.000000
-170 -155 0.000000
-170 -150 0.000000
-170 -145 0.000000
-170 -140 0.000000
-170 -135 0.000000
-170 -130 0.000000
-170 -125 0.000000
-170 -120 0.000000
-170 -115 0.000000
-170 -110 0.000000
-170 -105 0.000000
-170 -100 0.000000
-170 -95 0.000000
-170 -90 0.000000
-170 -85 0.000000
-170 -80 0.000000
-170 -75 0.000000
-170 -70 0.000000
-170 -65 0.000000
-170 -60 0.000000
-170 -55 0.000000
-170 -50 0.000000
-170 -45 0.000000
-170 -40 0.000000
-170 -35 0.000000
-170 -30 0.000000
-170 -25 0.000000
-170 -20 0.000000
-170 -15 0.000000
-170 -10 0.000000
-170 -5 0.000000
-170 0 0.000000
-170 5 0.000000
-170 10 0.000000
-170 15 0.000000
-170 20 0.000000
-170 25 0.000000
-170 30 0.000000
-170 35 0.000000
-170 40 0.000000
-170 45 0.000000
-170 50 0.000000
-170 55 0.000000
-170 60 0.000000
-170 65 0.000000
-170 70 0.000000
-170 75 0.000000
-170 80 0.000000
-170 85 0.000000
-170 90 0.000000
-170 95 0.000000
-170 100 0.000000
-170 105 0.000000
-170 110 0.000000
-170 115 0.000000
-170 120 0.000000
-170 125 0.000000
-170 130 0.000000
-170 135 0.000000
-170 140 0.000000
-170 145 0.000000
-170 150 0.000000
-170 155 0.000000
-170 160 0.000000
-170 165 0.000000
-170 170 0.000000
-170 175 0.000000
-165 -180 0.000000
-165 -175 0.000000
-165 -170 0.000000
-165 -165 0.000000
-165 -160 0.000000
-165 -155 0.000000
-165 -150 0.000000
-165 -145 0.000000
-165 -140 0.000000
-165 -135 0.000000
-165 -130 0.000000
-165 -125 0.000000
-165 -120 0.000000
-165 -115 0.000000
-165 -110 0.000000
-165 -105 0.000000
-165 -100 0.000000
-165 -95 0.000000
-165 -90 0.000000
-165 -85 0.000000
-165 -80 0.000000
-165 -75 0.000000
-165 -70 0.000000
-165 -65 0.000000
-165 -60 0.000000
-165 -55 0.000000
-165 -50 0.000000
-165 -45 0.000000
-165 -40 0.000000
-165 -35 0.000000
-165 -30 0.000000
-165 -25 0.000000
-165 -20 0.000000
-165 -15 0.000000
-165 -10 0.000000
-165 -5 0.000000
-165 0 0.000000
-165 5 0.000000
-165 10 0.000000
-165 15 0.000000
-165 20 0.000000
-165 25 0.000000
-165 30 0.000000
-165 35 0.000000
-165 40 0.000000
-165 45 0.000000
-165 50 0.000000
-165 55 0.000000
-165 60 0.000000
-165 65 0.000000
-165 70 0.000000
-165 75 0.000000
-165 80 0.000000
-165 85 0.000000
-165 90 0.000000
-165 95 0.000000
-165 100 0.000000
-165 105 0.000000
-165 110 0.000000
-165 115 0.000000
-165 120 0.000000
-165 125 0.000000
-165 130 0.000000
-165 135 0.000000
-165 140 0.000000
-165 145 0.000000
-165 150 0.000000
-165 155 0.000000
-165 160 0.000000
-165 165 0.000000
-165 170 0.000000
-165 175 0.000000
-160 -180 0.000000
-160 -175 0.000000
-160 -170 0.000000
-160 -165 0.000000
-160 -160 0.000000
-160 -155 0.000000
-160 -150 0.000000
-160 -145 0.000000
-160 -140 0.000000
-160 -135 0.000000
-160 -130 0.000000
-160 -125 0.000000
-160 -120 0.000000
-160 -115 0.000000
-160 -110 0.000000
-160 -105 0.000000
-160 -100 0.000000
-160 -95 0.000000
-160 -90 0.000000
-160 -85 0.000000
-160 -80 0.000000
-160 -75 0.000000
-160 -70 0.000000
-160 -65 0.000000
-160 -60 0.000000
-160 -55 0.000000
-160 -50 0.000000
-160 -45 0.000000
-160 -40 0.000000
-160 -35 0.000000
-160 -30 0.000000
-160 -25 0.000000
-160 -20 0.000000
-160 -15 0.000000
-160 -10 0.000000
-160 -5 0.000000
-160 0 0.000000
-160 5 0.000000
-160 10 0.000000
-160 15 0.000000
-160 20 0.000000
-160 25 0.000000
-160 30 0.000000
-160 35 0.000000
-160 40 0.000000
-160 45 0.000000
-160 50 0.000000
-160 55 0.000000
-160 60 0.000000
-160 65 0.000000
-160 70 0.000000
-160 75 0.000000
-160 80 0.000000
-160 85 0.000000
-160 90 0.000000
-160 95 0.000000
-160 100 0.000000
-160 105 0.000000
-160 110 0.000000
-160 115 0.000000
-160 120 0.000000
-160 125 0.000000
-160 130 0.000000
-160 135 0.000000
-160 140 0.000000
-160 145 0.000000
-160 150 0.000000
-160 155 0.000000
-160 160 0.000000
-160 165 0.000000
-160 170 0.000000
-160 175 0.000000
-155 -180 0.000000
-155 -175 0.000000
-155 -170 0.000000
-155 -165 0.000000
-155 -160 0.000000
-155 -155 0.000000
-155 -150 0.000000
-155 -145 0.000000
-155 -140 0.000000
-155 -135 0.000000
-155 -130 0.000000
-155 -125 0.000000
-155 -120 0.000000
-155 -115 0.000000
-155 -110 0.000000
-155 -105 0.000000
-155 -100 0.000000
-155 -95 0.000000
-155 -90 0.000000
-155 -85 0.000000
-155 -80 0.000000
-155 -75 0.000000
-155 -70 0.000000
-155 -65 0.000000
-155 -60 0.000000
-155 -55 0.000000
-155 -50 0.000000
-155 -45 0.000000
-155 -40 0.000000
-155 -35 0.000000
-155 -30 0.000000
-155 -25 0.000000
-155 -20 0.000000
-155 -15 0.000000
-155 -10 0.000000
-155 -5 0.000000
-155 0 0.000000
-155 5 0.000000
-155 10 0.000000
-155 15 0.000000
-155 20 0.000000
-155 25 0.000000
-155 30 0.000000
-155 35 0.000000
-155 40 0.000000
-155 45 0.000000
-155 50 0.000000
-155 55 0.000000
-155 60 0.000000
-155 65 0.000000
-155 70 0.000000
-155 75 0.000000
-155 80 0.000000
-155 85 0.000000
-155 90 0.000000
-155 95 0.000000
-155 100 0.000000
-155 105 0.000000
-155 110 0.000000
-155 115 0.000000
-155 120 0.000000
-155 125 0.000000
-155 130 0.000000
-155 135 0.000000
-155 140 0.000000
-155 145 0.000000
-155 150 0.000000
-155 155 0.000000
-155 160 0.000000
-155 165 0.000000
-155 170 0.000000
-155 175 0.000000
-150 -180 0.000000
-150 -175 0.000000
-150 -170 0.000000
-150 -165 0.000000
-150 -160 0.000000
-150 -155 0.000000
-150 -150 0.000000
-150 -145 0.000000
-150 -140 0.000000
-150 -135 0.000000
-150 -130 0.000000
-150 -125 0.000000
-150 -120 0.000000
-150 -115 0.000000
-150 -110 0.000000
-150 -105 0.000000
-150 -100 0.000000
-150 -95 0.000000
-150 -90 0.000000
-150 -85 0.000000
-150 -80 0.000000
-150 -75 0.000000
-150 -70 0.000000
-150 -65 0.000000
-150 -60 0.000000
-150 -55 0.000000
-150 -50 0.000000
-150 -45 0.000000
-150 -40 0.000000
-150 -35 0.000000
-150 -30 0.000000
-150 -25 0.000000
-150 -20 0.000000
-150 -15 0.000000
-150 -10 0.000000
-150 -5 0.000000
-150 0 0.000000
-150 5 0.000000
-150 10 0.000000
-150 15 0.000000
-150 20 0.000000
-150 25 0.000000
-150 30 0.000000
-150 35 0.000000
-150 40 0.000000
-150 45 0.000000
-150 50 0.000000
-150 55 0.000000
-150 60 0.000000
-150 65 0.000000
-150 70 0.000000
-150 75 0.000000
-150 80 0.000000
-150 85 0.000000
-150 90 0.000000
-150 95 0.000000
-150 100 0.000000
-150 105 0.000000
-150 110 0.000000
-150 115 0.000000
-150 120 0.000000
-150 125 0.000000
-150 130 0.000000
-150 135 0.000000
-150 140 0.000000
-150 145 0.000000
-150 150 0.000000
-150 155 0.000000
-150 160 0.000000
-150 165 0.000000
-150 170 0.000000
-150 175 0.000000
-145 -180 0.000000
-145 -175 0.000000
-145 -170 0.000000
-145 -165 0.000000
-145 -160 0.000000
-145 -155 0.000000
-145 -150 0.000000
-145 -145 0.000000
-145 -140 0.000000
-145 -135 0.000000
-145 -130 0.000000
-145 -125 0.000000
-145 -120 0.000000
-145 -115 0.000000
-145 -110 0.000000
-145 -105 0.000000
-145 -100 0.000000
-145 -95 0.000000
-145 -90 0.000000
-145 -85 0.000000
-145 -80 0.000000
-145 -75 0.000000
-145 -70 0.000000
-145 -65 0.000000
-145 -60 0.000000
-145 -55 0.000000
-145 -50 0.000000
-145 -45 0.000000
-145 -40 0.000000
-145 -35 0.000000
-145 -30 0.000000
-145 -25 0.000000
-145 -20 0.000000
-145 -15 0.000000
-145 -10 0.000000
-145 -5 0.000000
-145 0 0.000000
-145 5 0.000000
-145 10 0.000000
-145 15 0.000000
-145 20 0.000000
-145 25 0.000000
-145 30 0.000000
-145 35 0.000000
-145 40 0.000000
-145 45 0.000000
-145 50 0.000000
-145 55 0.000000
-145 60 0.000000
-145 65 0.000000
-145 70 0.000000
-145 75 0.000000
-145 80 0.000000
-145 85 0.000000
-145 90 0.000000
-145 95 0.000000
-145 100 0.000000
-145 105 0.000000
-145 110 0.000000
-145 115 0.000000
-145 120 0.000000
-145 125 0.000000
-145 130 0.000000
-145 135 0.000000
-145 140 0.000000
-145 145 0.000000
-145 150 0.000000
-145 155 0.000000
-145 160 0.000000
-145 165 0.000000
-145 170 0.000000
-145 175 0.000000
-140 -180 0.000000
-140 -175 0.000000
-140 -170 0.000000
-140 -165 0.000000
-140 -160 0.000000
-140 -155 0.000000
-140 -150 0.000000
-140 -145 0.000000
-140 -140 0.000000
-140 -135 0.000000
-140 -130 0.000000
-140 -125 0.000000
-140 -120 0.000000
-140 -115 0.000000
-140 -110 0.000000
-140 -105 0.000000
-140 -100 0.000000
-140 -95 0.000000
-140 -90 0.000000
-140 -85 0.000000
-140 -80 0.000000
-140 -75 0.000000
-140 -70 0.000000
-140 -65 0.000000
-140 -60 0.000000
-140 -55 0.000000
-140 -50 0.000000
-140 -45 0.000000
-140 -40 0.000000
-140 -35 0.000000
-140 -30 0.000000
-140 -25 0.000000
-140 -20 0.000000
-140 -15 0.000000
-140 -10 0.000000
-140 -5 0.000000
-140 0 0.000000
-140 5 0.000000
-140 10 0.000000
-140 15 0.000000
-140 20 0.000000
-140 25 0.000000
-140 30 0.000000
-140 35 0.000000
-140 40 0.000000
-140 45 0.000000
-140 50 0.000000
-140 55 0.000000
-140 60 0.000000
-140 65 0.000000
-140 70 0.000000
-140 75 0.000000
-140 80 0.000000
-140 85 0.000000
-140 90 0.000000
-140 95 0.000000
-140 100 0.000000
-140 105 0.000000
-140 110 0.000000
-140 115 0.000000
-140 120 0.000000
-140 125 0.000000
-140 130 0.000000
-140 135 0.000000
-140 140 0.000000
-140 145 0.000000
-140 150 0.000000
-140 155 0.000000
-140 160 0.000000
-140 165 0.000000
-140 170 0.000000
-140 175 0.000000
-135 -180 0.000000
-135 -175 0.000000
-135 -170 0.000000
-135 -165 0.000000
-135 -160 0.000000
-135 -155 0.000000
-135 -150 0.000000
-135 -145 0.000000
-135 -140 0.000000
-135 -135 0.000000
-135 -130 0.000000
-135 -125 0.000000
-135 -120 0.000000
-135 -115 0.000000
-135 -110 0.000000
-135 -105 0.000000
-135 -100 0.000000
-135 -95 0.000000
-135 -90 0.000000
-135 -85 0.000000
-135 -80 0.000000
-135 -75 0.000000
-135 -70 0.000000
-135 -65 0.000000
-135 -60 0.000000
-135 -55 0.000000
-135 -50 0.000000
-135 -45 0.000000
-135 -40 0.000000
-135 -35 0.000000
-135 -30 0.000000
-135 -25 0.000000
-135 -20 0.000000
-135 -15 0.000000
-135 -10 0.000000
-135 -5 0.000000
-135 0 0.000000
-135 5 0.000000
-135 10 0.000000
-135 15 0.000000
-135 20 0.000000
-135 25 0.000000
-135 30 0.000000
-135 35 0.000000
-135 40 0.000000
-135 45 0.000000
-135 50 0.000000
-135 55 0.000000
-135 60 0.000000
-135 65 0.000000
-135 70 0.000000
-135 75 0.000000
-135 80 0.000000
-135 85 0.000000
-135 90 0.000000
-135 95 0.000000
-135 100 0.000000
-135 105 0.000000
-135 110 0.000000
-135 115 0.000000
-135 120 0.000000
-135 125 0.000000
-135 130 0.000000
-135 135 0.000000
-135 140 0.000000
-135 145 0.000000
-135 150 0.000000
-135 155 0.000000
-135 160 0.000000
-135 165 0.000000
-135 170 0.000000
-135 175 0.000000
-130 -180 0.000000
-130 -175 0.000000
-130 -170 0.000000
-130 -165 0.000000
-130 -160 0.000000
-130 -155 0.000000
-130 -150 0.000000
-130 -145 0.000000
-130 -140 0.000000
-130 -135 0.000000
-130 -130 0.000000
-130 -125 0.000000
-130 -120 0.000000
-130 -115 0.000000
-130 -110 0.000000
-130 -105 0.000000
-130 -100 0.000000
-130 -95 0.000000
-130 -90 0.000000
-130 -85 0.000000
-130 -80 0.000000
-130 -75 0.000000
-130 -70 0.000000
-130 -65 0.000000
-130 -60 0.000000
-130 -55 0.000000
-130 -50 0.000000
-130 -45 0.000000
-130 -40 0.000000
-130 -35 0.000000
-130 -30 0.000000
-130 -25 0.000000
-130 -20 0.000000
-130 -15 0.000000
-130 -10 0.000000
-130 -5 0.000000
-130 0 0.000000
-130 5 0.000000
-130 10 0.000000
-130 15 0.000000
-130 20 0.000000
-130 25 0.000000
-130 30 0.000000
-130 35 0.000000
-130 40 0.000000
-130 45 0.000000
-130 50 0.000000
-130 55 0.000000
-130 60 0.000000
-130 65 0.000000
-130 70 0.000000
-130 75 0.000000
-130 80 0.000000
-130 85 0.000000
-130 90 0.000000
-130 95 0.000000
-130 100 0.000000
-130 105 0.000000
-130 110 0.000000
-130 115 0.000000
-130 120 0.000000
-130 125 0.000000
-130 130 0.000000
-130 135 0.000000
-130 140 0.000000
-130 145 0.000000
-130 150 0.000000
-130 155 0.000000
-130 160 0.000000
-130 165 0.000000
-130 170 0.000000
-130 175 0.000000
-125 -180 0.000000
-125 -175 0.000000
-125 -170 0.000000
-125 -165 0.000000
-125 -160 0.000000
-125 -155 0.000000
-125 -150 0.000000
-125 -145 0.000000
-125 -140 0.000000
-125 -135 0.000000
-125 -130 0.000000
-125 -125 0.000000
-125 -120 0.000000
-125 -115 0.000000
-125 -110 0.000000
-125 -105 0.000000
-125 -100 0.000000
-125 -95 0.000000
-125 -90 0.000000
-125 -85 0.000000
-125 -80 0.000000
-125 -75 0.000000
-125 -70 0.000000
-125 -65 0.000000
-125 -60 0.000000
-125 -55 0.000000
-125 -50 0.000000
-125 -45 0.000000
-125 -40 0.000000
-125 -35 0.000000
-125 -30 0.000000
-125 -25 0.000000
-125 -20 0.000000
-125 -15 0.000086
-125 -10 0.000226
-125 -5 0.000434
-125 0 0.000736
-125 5 0.001132
-125 10 0.001475
-125 15 0.001787
-125 20 0.001966
-125 25 0.001870
-125 30 0.001445
-125 35 0.000922
-125 40 0.000470
-125 45 0.000161
-125 50 0.000000
-125 55 0.000000
-125 60 0.000000
-125 65 0.000000
-125 70 0.000000
-125 75 0.000000
-125 80 0.000000
-125 85 0.000000
-125 90 0.000000
-125 95 0.000000
-125 100 0.000000
-125 105 0.000000
-125 110 0.000000
-125 115 0.000000
-125 120 0.000000
-125 125 0.000000
-125 130 0.000000
-125 135 0.000000
-125 140 0.000000
-125 145 0.000000
-125 150 0.000000
-125 155 0.000000
-125 160 0.000000
-125 165 0.000000
-125 170 0.000000
-125 175 0.000000
-120 -180 0.000000
-120 -175 0.000000
-120 -170 0.000000
-120 -165 0.000000
-120 -160 0.000000
-120 -155 0.000000
-120 -150 0.000000
-120 -145 0.000000
-120 -140 0.000000
-120 -135 0.000000
-120 -130 0.000000
-120 -125 0.000000
-120 -120 0.000000
-120 -115 0.000000
-120 -110 0.000000
-120 -105 0.000000
-120 -100 0.000000
-120 -95 0.000000
-120 -90 0.000000
-120 -85 0.000000
-120 -80 0.000000
-120 -75 0.000000
-120 -70 0.000000
-120 -65 0.000000
-120 -60 0.000000
-120 -55 0.000000
-120 -50 0.000000
-120 -45 0.000000
-120 -40 0.000008
-120 -35 0.000360
-120 -30 0.001100
-120 -25 0.002170
-120 -20 0.003386
-120 -15 0.004909
-120 -10 0.006016
-120 -5 0.006867
-120 0 0.007889
-120 5 0.009151
-120 10 0.009793
-120 15 0.010183
-120 20 0.010103
-120 25 0.009009
-120 30 0.006623
-120 35 0.004170
-120 40 0.002126
-120 45 0.000729
-120 50 0.000000
-120 55 0.000000
-120 60 0.000000
-120 65 0.000000
-120 70 0.000000
-120 75 0.000000
-120 80 0.000000
-120 85 0.000000
-120 90 0.000000
-120 95 0.000000
-120 100 0.000000
-120 105 0.000000
-120 110 0.000000
-120 115 0.000000
-120 120 0.000000
-120 125 0.000000
-120 130 0.000000
-120 135 0.000000
-120 140 0.000000
-120 145 0.000000
-120 150 0.000000
-120 155 0.000000
-120 160 0.000000
-120 165 0.000000
-120 170 0.000000
-120 175 0.000000
-115 -180 0.004633
-115 -175 0.004347
-115 -170 0.003791
-115 -165 0.002894
-115 -160 0.001759
-115 -155 0.000945
-115 -150 0.000420
-115 -145 0.000049
-115 -140 0.000000
-115 -135 0.000000
-115 -130 0.000000
-115 -125 0.000000
-115 -120 0.000000
-115 -115 0.000000
-115 -110 0.000000
-115 -105 0.000000
-115 -100 0.000000
-115 -95 0.000000
-115 -90 0.000000
-115 -85 0.000000
-115 -80 0.000000
-115 -75 0.000000
-115 -70 0.000000
-115 -65 0.000000
-115 -60 0.000000
-115 -55 0.000000
-115 -50 0.000000
-115 -45 0.000000
-115 -40 0.000057
-115 -35 0.001682
-115 -30 0.005112
-115 -25 0.010445
-115 -20 0.017405
-115 -15 0.024997
-115 -10 0.030243
-115 -5 0.033264
-115 0 0.034636
-115 5 0.035155
-115 10 0.034092
-115 15 0.032870
-115 20 0.031235
-115 25 0.027474
-115 30 0.020973
-115 35 0.014021
-115 40 0.007554
-115 45 0.003081
-115 50 0.000618
-115 55 0.000000
-115 60 0.000000
-115 65 0.000000
-115 70 0.000000
-115 75 0.000000
-115 80 0.000000
-115 85 0.000000
-115 90 0.000000
-115 95 0.000000
-115 100 0.000000
-115 105 0.000000
-115 110 0.000000
-115 115 0.000257
-115 120 0.000909
-115 125 0.001931
-115 130 0.003216
-115 135 0.004379
-115 140 0.005028
-115 145 0.004939
-115 150 0.004444
-115 155 0.004154
-115 160 0.003893
-115 165 0.003843
-115 170 0.004252
-115 175 0.004575
-110 -180 0.023017
-110 -175 0.019644
-110 -170 0.016033
-110 -165 0.011565
-110 -160 0.006756
-110 -155 0.003376
-110 -150 0.001500
-110 -145 0.000176
-110 -140 0.000000
-110 -135 0.000000
-110 -130 0.000000
-110 -125 0.000000
-110 -120 0.000000
-110 -115 0.000000
-110 -110 0.000000
-110 -105 0.000000
-110 -100 0.000000
-110 -95 0.000000
-110 -90 0.000000
-110 -85 0.000000
-110 -80 0.000000
-110 -75 0.000000
-110 -70 0.000000
-110 -65 0.000000
-110 -60 0.000000
-110 -55 0.000000
-110 -50 0.000000
-110 -45 0.000000
-110 -40 0.000384
-110 -35 0.004726
-110 -30 0.014198
-110 -25 0.029732
-110 -20 0.050584
-110 -15 0.073232
-110 -10 0.089285
-110 -5 0.097600
-110 0 0.098084
-110 5 0.093257
-110 10 0.084457
-110 15 0.075840
-110 20 0.067814
-110 25 0.057379
-110 30 0.043306
-110 35 0.029609
-110 40 0.017107
-110 45 0.009484
-110 50 0.006542
-110 55 0.006746
-110 60 0.008058
-110 65 0.008438
-110 70 0.007596
-110 75 0.005678
-110 80 0.003460
-110 85 0.001797
-110 90 0.000812
-110 95 0.000532
-110 100 0.000915
-110 105 0.001351
-110 110 0.001724
-110 115 0.002667
-110 120 0.004778
-110 125 0.008408
-110 130 0.013664
-110 135 0.019686
-110 140 0.025502
-110 145 0.029177
-110 150 0.030951
-110 155 0.031864
-110 160 0.030991
-110 165 0.028681
-110 170 0.027030
-110 175 0.025285
-105 -180 0.066809
-105 -175 0.051383
-105 -170 0.039375
-105 -165 0.027691
-105 -160 0.016231
-105 -155 0.008185
-105 -150 0.003651
-105 -145 0.000450
-105 -140 0.000000
-105 -135 0.000000
-105 -130 0.000000
-105 -125 0.000000
-105 -120 0.000000
-105 -115 0.000000
-105 -110 0.000000
-105 -105 0.000000
-105 -100 0.000000
-105 -95 0.000000
-105 -90 0.000000
-105 -85 0.000000
-105 -80 0.000000
-105 -75 0.000000
-105 -70 0.000000
-105 -65 0.000000
-105 -60 0.000000
-105 -55 0.000105
-105 -50 0.000269
-105 -45 0.000525
-105 -40 0.002633
-105 -35 0.013746
-105 -30 0.036591
-105 -25 0.074182
-105 -20 0.123489
-105 -15 0.174566
-105 -10 0.209874
-105 -5 0.224924
-105 0 0.219192
-105 5 0.198981
-105 10 0.171875
-105 15 0.147311
-105 20 0.126682
-105 25 0.105978
-105 30 0.082491
-105 35 0.061586
-105 40 0.043715
-105 45 0.035956
-105 50 0.037351
-105 55 0.042861
-105 60 0.049385
-105 65 0.051564
-105 70 0.047974
-105 75 0.038756
-105 80 0.027046
-105 85 0.017212
-105 90 0.010354
-105 95 0.007915
-105 100 0.008883
-105 105 0.010236
-105 110 0.011185
-105 115 0.012361
-105 120 0.015291
-105 125 0.022093
-105 130 0.034949
-105 135 0.053023
-105 140 0.075735
-105 145 0.097326
-105 150 0.114778
-105 155 0.126195
-105 160 0.126685
-105 165 0.116012
-105 170 0.100596
-105 175 0.083109
-100 -180 0.184821
-100 -175 0.124991
-100 -170 0.084326
-100 -165 0.054134
-100 -160 0.030564
-100 -155 0.015144
-100 -150 0.006745
-100 -145 0.000860
-100 -140 0.000000
-100 -135 0.000000
-100 -130 0.000013
-100 -125 0.000049
-100 -120 0.000101
-100 -115 0.000164
-100 -110 0.000211
-100 -105 0.000214
-100 -100 0.000172
-100 -95 0.000109
-100 -90 0.000054
-100 -85 0.000017
-100 -80 0.000000
-100 -75 0.000000
-100 -70 0.000000
-100 -65 0.000000
-100 -60 0.000000
-100 -55 0.000804
-100 -50 0.002058
-100 -45 0.005158
-100 -40 0.013537
-100 -35 0.039416
-100 -30 0.088781
-100 -25 0.166228
-100 -20 0.264125
-100 -15 0.360857
-100 -10 0.423967
-100 -5 0.442655
-100 0 0.416478
-100 5 0.361478
-100 10 0.297005
-100 15 0.240562
-100 20 0.196441
-100 25 0.160053
-100 30 0.127339
-100 35 0.103652
-100 40 0.088465
-100 45 0.091383
-100 50 0.108098
-100 55 0.127472
-100 60 0.145681
-100 65 0.151492
-100 70 0.141992
-100 75 0.117807
-100 80 0.086874
-100 85 0.059141
-100 90 0.038865
-100 95 0.030620
-100 100 0.030797
-100 105 0.031982
-100 110 0.033507
-100 115 0.035389
-100 120 0.040881
-100 125 0.054739
-100 130 0.082578
-100 135 0.127075
-100 140 0.191932
-100 145 0.267690
-100 150 0.342525
-100 155 0.399905
-100 160 0.418855
-100 165 0.391505
-100 170 0.331855
-100 175 0.256632
-95 -180 0.425193
-95 -175 0.262582
-95 -170 0.157154
-95 -165 0.090043
-95 -160 0.047198
-95 -155 0.022428
-95 -150 0.009883
-95 -145 0.001297
-95 -140 0.000000
-95 -135 0.000000
-95 -130 0.000355
-95 -125 0.001302
-95 -120 0.002673
-95 -115 0.004336
-95 -110 0.005565
-95 -105 0.005649
-95 -100 0.004534
-95 -95 0.002874
-95 -90 0.001438
-95 -85 0.000451
-95 -80 0.000000
-95 -75 0.000000
-95 -70 0.000000
-95 -65 0.000000
-95 -60 0.000275
-95 -55 0.002719
-95 -50 0.006684
-95 -45 0.018226
-95 -40 0.043643
-95 -35 0.103609
-95 -30 0.207620
-95 -25 0.358490
-95 -20 0.534382
-95 -15 0.692010
-95 -10 0.778703
-95 -5 0.777330
-95 0 0.694945
-95 5 0.570082
-95 10 0.440782
-95 15 0.335570
-95 20 0.259568
-95 25 0.206955
-95 30 0.169693
-95 35 0.151338
-95 40 0.151328
-95 45 0.179873
-95 50 0.226904
-95 55 0.272570
-95 60 0.309975
-95 65 0.319263
-95 70 0.296130
-95 75 0.244723
-95 80 0.182372
-95 85 0.126771
-95 90 0.086363
-95 95 0.069008
-95 100 0.066835
-95 105 0.068014
-95 110 0.072277
-95 115 0.080117
-95 120 0.098329
-95 125 0.136063
-95 130 0.208114
-95 135 0.323225
-95 140 0.492512
-95 145 0.694653
-95 150 0.894110
-95 155 1.042335
-95 160 1.087427
-95 165 1.010225
-95 170 0.840810
-95 175 0.627313
-90 -180 0.805887
-90 -175 0.460168
-90 -170 0.245662
-90 -165 0.124978
-90 -160 0.060078
-90 -155 0.027437
-90 -150 0.011955
-90 -145 0.001618
-90 -140 0.000000
-90 -135 0.000000
-90 -130 0.000834
-90 -125 0.003061
-90 -120 0.006283
-90 -115 0.010193
-90 -110 0.013081
-90 -105 0.013278
-90 -100 0.010657
-90 -95 0.006756
-90 -90 0.003380
-90 -85 0.001061
-90 -80 0.000000
-90 -75 0.000000
-90 -70 0.000000
-90 -65 0.000000
-90 -60 0.000934
-90 -55 0.007990
-90 -50 0.020901
-90 -45 0.057828
-90 -40 0.134027
-90 -35 0.284785
-90 -30 0.516138
-90 -25 0.814968
-90 -20 1.118022
-90 -15 1.338790
-90 -10 1.401250
-90 -5 1.300880
-90 0 1.079608
-90 5 0.821375
-90 10 0.587555
-90 15 0.416093
-90 20 0.301660
-90 25 0.233805
-90 30 0.196818
-90 35 0.191142
-90 40 0.216853
-90 45 0.281093
-90 50 0.366223
-90 55 0.444675
-90 60 0.505247
-90 65 0.519575
-90 70 0.482298
-90 75 0.401672
-90 80 0.305255
-90 85 0.218041
-90 90 0.153740
-90 95 0.124465
-90 100 0.117365
-90 105 0.118669
-90 110 0.129890
-90 115 0.155967
-90 120 0.210999
-90 125 0.313007
-90 130 0.493897
-90 135 0.770830
-90 140 1.158870
-90 145 1.612058
-90 150 2.039650
-90 155 2.329820
-90 160 2.380025
-90 165 2.164830
-90 170 1.752700
-90 175 1.257705
-85 -180 1.277953
-85 -175 0.687585
-85 -170 0.333402
-85 -165 0.150751
-85 -160 0.065118
-85 -155 0.028022
-85 -150 0.011977
-85 -145 0.001672
-85 -140 0.000000
-85 -135 0.000000
-85 -130 0.001533
-85 -125 0.005628
-85 -120 0.011550
-85 -115 0.018739
-85 -110 0.024048
-85 -105 0.024411
-85 -100 0.019592
-85 -95 0.012421
-85 -90 0.006213
-85 -85 0.001951
-85 -80 0.000000
-85 -75 0.000000
-85 -70 0.000000
-85 -65 0.000004
-85 -60 0.002031
-85 -55 0.018426
-85 -50 0.056328
-85 -45 0.161491
-85 -40 0.369325
-85 -35 0.731365
-85 -30 1.224168
-85 -25 1.777915
-85 -20 2.242892
-85 -15 2.469645
-85 -10 2.379247
-85 -5 2.028775
-85 0 1.541278
-85 5 1.070955
-85 10 0.697287
-85 15 0.454738
-85 20 0.307277
-85 25 0.231860
-85 30 0.201677
-85 35 0.212570
-85 40 0.266703
-85 45 0.365785
-85 50 0.485303
-85 55 0.593407
-85 60 0.673392
-85 65 0.690383
-85 70 0.639190
-85 75 0.533878
-85 80 0.411337
-85 85 0.300290
-85 90 0.218620
-85 95 0.180762
-85 100 0.170662
-85 105 0.179097
-85 110 0.212733
-85 115 0.291208
-85 120 0.445122
-85 125 0.708615
-85 130 1.136167
-85 135 1.741195
-85 140 2.513750
-85 145 3.347150
-85 150 4.054525
-85 155 4.443925
-85 160 4.372925
-85 165 3.847525
-85 170 3.014750
-85 175 2.086082
-80 -180 1.725820
-80 -175 0.882620
-80 -170 0.394395
-80 -165 0.159168
-80 -160 0.060403
-80 -155 0.023942
-80 -150 0.009927
-80 -145 0.001425
-80 -140 0.000000
-80 -135 0.000000
-80 -130 0.002202
-80 -125 0.008085
-80 -120 0.016593
-80 -115 0.026920
-80 -110 0.034547
-80 -105 0.035069
-80 -100 0.028145
-80 -95 0.017843
-80 -90 0.008925
-80 -85 0.002803
-80 -80 0.000000
-80 -75 0.000000
-80 -70 0.000157
-80 -65 0.000691
-80 -60 0.007484
-80 -55 0.053420
-80 -50 0.168371
-80 -45 0.447217
-80 -40 0.949270
-80 -35 1.714245
-80 -30 2.631000
-80 -25 3.510700
-80 -20 4.080700
-80 -15 4.146100
-80 -10 3.685375
-80 -5 2.891800
-80 0 2.009327
-80 5 1.267762
-80 10 0.743585
-80 15 0.441512
-80 20 0.274720
-80 25 0.201197
-80 30 0.180637
-80 35 0.204242
-80 40 0.276243
-80 45 0.393070
-80 50 0.527420
-80 55 0.649120
-80 60 0.736667
-80 65 0.753803
-80 70 0.696427
-80 75 0.583390
-80 80 0.455715
-80 85 0.340440
-80 90 0.256293
-80 95 0.217458
-80 100 0.208703
-80 105 0.236577
-80 110 0.319150
-80 115 0.507463
-80 120 0.866322
-80 125 1.456025
-80 130 2.343532
-80 135 3.502200
-80 140 4.836600
-80 145 6.119575
-80 150 7.036675
-80 155 7.338800
-80 160 6.901550
-80 165 5.831175
-80 170 4.400675
-80 175 2.934350
-75 -180 1.980792
-75 -175 0.965287
-75 -170 0.400448
-75 -165 0.145351
-75 -160 0.047793
-75 -155 0.017085
-75 -150 0.006778
-75 -145 0.000996
-75 -140 0.000000
-75 -135 0.000000
-75 -130 0.002470
-75 -125 0.009070
-75 -120 0.018614
-75 -115 0.030201
-75 -110 0.038757
-75 -105 0.039342
-75 -100 0.031574
-75 -95 0.020018
-75 -90 0.010013
-75 -85 0.003144
-75 -80 0.000000
-75 -75 0.000026
-75 -70 0.001047
-75 -65 0.004637
-75 -60 0.031023
-75 -55 0.148562
-75 -50 0.427848
-75 -45 1.019110
-75 -40 1.987435
-75 -35 3.309400
-75 -30 4.724050
-75 -25 5.884525
-75 -20 6.403700
-75 -15 6.092775
-75 -10 5.061850
-75 -5 3.694050
-75 0 2.365098
-75 5 1.356555
-75 10 0.711782
-75 15 0.381628
-75 20 0.217064
-75 25 0.155088
-75 30 0.143909
-75 35 0.171043
-75 40 0.241312
-75 45 0.348857
-75 50 0.469900
-75 55 0.581510
-75 60 0.660770
-75 65 0.676305
-75 70 0.624865
-75 75 0.526018
-75 80 0.417215
-75 85 0.319900
-75 90 0.250062
-75 95 0.220330
-75 100 0.223219
-75 105 0.289532
-75 110 0.463373
-75 115 0.847000
-75 120 1.552498
-75 125 2.663425
-75 130 4.220600
-75 135 6.092500
-75 140 8.027225
-75 145 9.643825
-75 150 10.524125
-75 155 10.433375
-75 160 9.356400
-75 165 7.566275
-75 170 5.480300
-75 175 3.511200
-70 -180 1.927687
-70 -175 0.890320
-70 -170 0.342612
-70 -165 0.111790
-70 -160 0.031347
-70 -155 0.009830
-70 -150 0.003651
-70 -145 0.000551
-70 -140 0.000000
-70 -135 0.000000
-70 -130 0.002163
-70 -125 0.007942
-70 -120 0.016298
-70 -115 0.026443
-70 -110 0.033934
-70 -105 0.034447
-70 -100 0.027646
-70 -95 0.017527
-70 -90 0.008767
-70 -85 0.002753
-70 -80 0.000000
-70 -75 0.000113
-70 -70 0.004092
-70 -65 0.018291
-70 -60 0.091946
-70 -55 0.340673
-70 -50 0.884513
-70 -45 1.913170
-70 -40 3.456925
-70 -35 5.364975
-70 -30 7.192200
-70 -25 8.439725
-70 -20 8.671050
-70 -15 7.786375
-70 -10 6.092125
-70 -5 4.165400
-70 0 2.473037
-70 5 1.293643
-70 10 0.606818
-70 15 0.293350
-70 20 0.153284
-70 25 0.109256
-70 30 0.105236
-70 35 0.127491
-70 40 0.179577
-70 45 0.256557
-70 50 0.343007
-70 55 0.425720
-70 60 0.484645
-70 65 0.497787
-70 70 0.461828
-70 75 0.392307
-70 80 0.316890
-70 85 0.250480
-70 90 0.204572
-70 95 0.190716
-70 100 0.214003
-70 105 0.331920
-70 110 0.627792
-70 115 1.264090
-70 120 2.407123
-70 125 4.149475
-70 130 6.456800
-70 135 9.035675
-70 140 11.431625
-70 145 13.111675
-70 150 13.626875
-70 155 12.854575
-70 160 10.978100
-70 165 8.465125
-70 170 5.853725
-70 175 3.582925
-65 -180 1.588030
-65 -175 0.688680
-65 -170 0.244562
-65 -165 0.071250
-65 -160 0.016768
-65 -155 0.004531
-65 -150 0.001524
-65 -145 0.000238
-65 -140 0.000000
-65 -135 0.000000
-65 -130 0.001477
-65 -125 0.005425
-65 -120 0.011133
-65 -115 0.018062
-65 -110 0.023179
-65 -105 0.023529
-65 -100 0.018884
-65 -95 0.011972
-65 -90 0.005988
-65 -85 0.001880
-65 -80 0.000000
-65 -75 0.000368
-65 -70 0.009622
-65 -65 0.042058
-65 -60 0.188256
-65 -55 0.609367
-65 -50 1.469300
-65 -45 2.959025
-65 -40 5.023100
-65 -35 7.341650
-65 -30 9.307700
-65 -25 10.339950
-65 -20 10.066825
-65 -15 8.558050
-65 -10 6.327550
-65 -5 4.069050
-65 0 2.249245
-65 5 1.077250
-65 10 0.453957
-65 15 0.199474
-65 20 0.098888
-65 25 0.074232
-65 30 0.075261
-65 35 0.088926
-65 40 0.116998
-65 45 0.157546
-65 50 0.204105
-65 55 0.251838
-65 60 0.286947
-65 65 0.297005
-65 70 0.278383
-65 75 0.240327
-65 80 0.198875
-65 85 0.163214
-65 90 0.140617
-65 95 0.142803
-65 100 0.189647
-65 105 0.360560
-65 110 0.786815
-65 115 1.684247
-65 120 3.258475
-65 125 5.581875
-65 130 8.498250
-65 135 11.529150
-65 140 14.036275
-65 145 15.403725
-65 150 15.270100
-65 155 13.708900
-65 160 11.133900
-65 165 8.160075
-65 170 5.360950
-65 175 3.116325
-60 -180 1.108405
-60 -175 0.446315
-60 -170 0.145457
-60 -165 0.037339
-60 -160 0.007112
-60 -155 0.001475
-60 -150 0.000391
-60 -145 0.000061
-60 -140 0.000000
-60 -135 0.000000
-60 -130 0.000787
-60 -125 0.002890
-60 -120 0.005930
-60 -115 0.009621
-60 -110 0.012347
-60 -105 0.012533
-60 -100 0.010059
-60 -95 0.006377
-60 -90 0.003210
-60 -85 0.001366
-60 -80 0.000848
-60 -75 0.002592
-60 -70 0.021036
-60 -65 0.080063
-60 -60 0.315298
-60 -55 0.912320
-60 -50 2.049095
-60 -45 3.863475
-60 -40 6.178600
-60 -35 8.525200
-60 -30 10.233200
-60 -25 10.768825
-60 -20 9.939125
-60 -15 8.000375
-60 -10 5.593825
-60 -5 3.387525
-60 0 1.745540
-60 5 0.766632
-60 10 0.290703
-60 15 0.115655
-60 20 0.055015
-60 25 0.044781
-60 30 0.047951
-60 35 0.054312
-60 40 0.063981
-60 45 0.077416
-60 50 0.094140
-60 55 0.114106
-60 60 0.129921
-60 65 0.136287
-60 70 0.129905
-60 75 0.114905
-60 80 0.098326
-60 85 0.084973
-60 90 0.078891
-60 95 0.091605
-60 100 0.156450
-60 105 0.362860
-60 110 0.885232
-60 115 1.966127
-60 120 3.817300
-60 125 6.457875
-60 130 9.601025
-60 135 12.624625
-60 140 14.803075
-60 145 15.558400
-60 150 14.723050
-60 155 12.580375
-60 160 9.709400
-60 165 6.750500
-60 170 4.200425
-60 175 2.309325
-55 -180 0.643533
-55 -175 0.234530
-55 -170 0.068336
-55 -165 0.014708
-55 -160 0.002007
-55 -155 0.000232
-55 -150 0.000000
-55 -145 0.000000
-55 -140 0.000000
-55 -135 0.000000
-55 -130 0.000322
-55 -125 0.001184
-55 -120 0.002430
-55 -115 0.003942
-55 -110 0.005059
-55 -105 0.005136
-55 -100 0.004122
-55 -95 0.002613
-55 -90 0.001381
-55 -85 0.001747
-55 -80 0.003113
-55 -75 0.007599
-55 -70 0.036804
-55 -65 0.122681
-55 -60 0.431335
-55 -55 1.136437
-55 -50 2.390910
-55 -45 4.241250
-55 -40 6.406925
-55 -35 8.361825
-55 -30 9.508425
-55 -25 9.478700
-55 -20 8.289825
-55 -15 6.309650
-55 -10 4.167075
-55 -5 2.372400
-55 0 1.136492
-55 5 0.456275
-55 10 0.155303
-55 15 0.056487
-55 20 0.027670
-55 25 0.026412
-55 30 0.029876
-55 35 0.031568
-55 40 0.031063
-55 45 0.030160
-55 50 0.031216
-55 55 0.035639
-55 60 0.040190
-55 65 0.043462
-55 70 0.042802
-55 75 0.039302
-55 80 0.035059
-55 85 0.032768
-55 90 0.034171
-55 95 0.050006
-55 100 0.122056
-55 105 0.334370
-55 110 0.879225
-55 115 1.986735
-55 120 3.834450
-55 125 6.376325
-55 130 9.245700
-55 135 11.783725
-55 140 13.315150
-55 145 13.409650
-55 150 12.115750
-55 155 9.847500
-55 160 7.211625
-55 165 4.744000
-55 170 2.784725
-55 175 1.438440
-50 -180 0.302678
-50 -175 0.093762
-50 -170 0.021869
-50 -165 0.002792
-50 -160 0.000000
-50 -155 0.000000
-50 -150 0.000000
-50 -145 0.000000
-50 -140 0.000000
-50 -135 0.000000
-50 -130 0.000000
-50 -125 0.000000
-50 -120 0.000000
-50 -115 0.000000
-50 -110 0.000000
-50 -105 0.000000
-50 -100 0.000000
-50 -95 0.000000
-50 -90 0.000152
-50 -85 0.002744
-50 -80 0.006388
-50 -75 0.014570
-50 -70 0.053192
-50 -65 0.156236
-50 -60 0.488858
-50 -55 1.180348
-50 -50 2.331017
-50 -45 3.901225
-50 -40 5.577400
-50 -35 6.895425
-50 -30 7.430050
-50 -25 7.011925
-50 -20 5.802775
-50 -15 4.163550
-50 -10 2.588300
-50 -5 1.378345
-50 0 0.609675
-50 5 0.222682
-50 10 0.068527
-50 15 0.023697
-50 20 0.012941
-50 25 0.013975
-50 30 0.016105
-50 35 0.016032
-50 40 0.013052
-50 45 0.008594
-50 50 0.004796
-50 55 0.003060
-50 60 0.003078
-50 65 0.005055
-50 70 0.007257
-50 75 0.008884
-50 80 0.009471
-50 85 0.010292
-50 90 0.012448
-50 95 0.025625
-50 100 0.092813
-50 105 0.279747
-50 110 0.762423
-50 115 1.722248
-50 120 3.276350
-50 125 5.332100
-50 130 7.528100
-50 135 9.295575
-50 140 10.121425
-50 145 9.766175
-50 150 8.421875
-50 155 6.503800
-50 160 4.510600
-50 165 2.798875
-50 170 1.542640
-50 175 0.741422
-45 -180 0.110860
-45 -175 0.026997
-45 -170 0.004745
-45 -165 0.000186
-45 -160 0.000000
-45 -155 0.000000
-45 -150 0.000000
-45 -145 0.000000
-45 -140 0.000000
-45 -135 0.000000
-45 -130 0.000000
-45 -125 0.000000
-45 -120 0.000000
-45 -115 0.000000
-45 -110 0.000000
-45 -105 0.000000
-45 -100 0.000000
-45 -95 0.000000
-45 -90 0.000246
-45 -85 0.004451
-45 -80 0.010364
-45 -75 0.022539
-45 -70 0.065908
-45 -65 0.168423
-45 -60 0.462740
-45 -55 1.022342
-45 -50 1.893730
-45 -45 2.992850
-45 -40 4.051525
-45 -35 4.745050
-45 -30 4.837675
-45 -25 4.306200
-45 -20 3.351575
-45 -15 2.243092
-45 -10 1.294523
-45 -5 0.631030
-45 0 0.248335
-45 5 0.077589
-45 10 0.019330
-45 15 0.005528
-45 20 0.003880
-45 25 0.005628
-45 30 0.007297
-45 35 0.007482
-45 40 0.006062
-45 45 0.003877
-45 50 0.001954
-45 55 0.000651
-45 60 0.000034
-45 65 0.000064
-45 70 0.000095
-45 75 0.000111
-45 80 0.000101
-45 85 0.000590
-45 90 0.002026
-45 95 0.011266
-45 100 0.065581
-45 105 0.207980
-45 110 0.571275
-45 115 1.272333
-45 120 2.367625
-45 125 3.754700
-45 130 5.150075
-45 135 6.153275
-45 140 6.448275
-45 145 5.946700
-45 150 4.874200
-45 155 3.551900
-45 160 2.310742
-45 165 1.336753
-45 170 0.683390
-45 175 0.301815
-40 -180 0.032462
-40 -175 0.005590
-40 -170 0.000764
-40 -165 0.000000
-40 -160 0.000000
-40 -155 0.000000
-40 -150 0.000000
-40 -145 0.000000
-40 -140 0.000000
-40 -135 0.000000
-40 -130 0.000000
-40 -125 0.000000
-40 -120 0.000000
-40 -115 0.000000
-40 -110 0.000000
-40 -105 0.000000
-40 -100 0.000000
-40 -95 0.000000
-40 -90 0.000316
-40 -85 0.005712
-40 -80 0.013301
-40 -75 0.027930
-40 -70 0.069101
-40 -65 0.153848
-40 -60 0.367773
-40 -55 0.740110
-40 -50 1.280193
-40 -45 1.904367
-40 -40 2.432253
-40 -35 2.686825
-40 -30 2.574375
-40 -25 2.139778
-40 -20 1.544493
-40 -15 0.943080
-40 -10 0.491013
-40 -5 0.209724
-40 0 0.068315
-40 5 0.016760
-40 10 0.003390
-40 15 0.000924
-40 20 0.000693
-40 25 0.001132
-40 30 0.001468
-40 35 0.001505
-40 40 0.001220
-40 45 0.000780
-40 50 0.000393
-40 55 0.000128
-40 60 0.000000
-40 65 0.000000
-40 70 0.000000
-40 75 0.000000
-40 80 0.000000
-40 85 0.000077
-40 90 0.000321
-40 95 0.005272
-40 100 0.042235
-40 105 0.134366
-40 110 0.363822
-40 115 0.789750
-40 120 1.426245
-40 125 2.192170
-40 130 2.908400
-40 135 3.349775
-40 140 3.364975
-40 145 2.949875
-40 150 2.281710
-40 155 1.552950
-40 160 0.936170
-40 165 0.499110
-40 170 0.235105
-40 175 0.096121
-35 -180 0.006667
-35 -175 0.000792
-35 -170 0.000000
-35 -165 0.000000
-35 -160 0.000000
-35 -155 0.000000
-35 -150 0.000000
-35 -145 0.000000
-35 -140 0.000000
-35 -135 0.000000
-35 -130 0.000000
-35 -125 0.000000
-35 -120 0.000000
-35 -115 0.000000
-35 -110 0.000000
-35 -105 0.000000
-35 -100 0.000000
-35 -95 0.000000
-35 -90 0.000321
-35 -85 0.005798
-35 -80 0.013501
-35 -75 0.027601
-35 -70 0.060297
-35 -65 0.118341
-35 -60 0.244917
-35 -55 0.442985
-35 -50 0.705363
-35 -45 0.973105
-35 -40 1.153363
-35 -35 1.180967
-35 -30 1.041103
-35 -25 0.787153
-35 -20 0.511365
-35 -15 0.272377
-35 -10 0.121539
-35 -5 0.041368
-35 0 0.009094
-35 5 0.001408
-35 10 0.000049
-35 15 0.000011
-35 20 0.000000
-35 25 0.000000
-35 30 0.000000
-35 35 0.000000
-35 40 0.000000
-35 45 0.000000
-35 50 0.000000
-35 55 0.000000
-35 60 0.000000
-35 65 0.000000
-35 70 0.000000
-35 75 0.000000
-35 80 0.000000
-35 85 0.000000
-35 90 0.000000
-35 95 0.002564
-35 100 0.024734
-35 105 0.075488
-35 110 0.195801
-35 115 0.406835
-35 120 0.701968
-35 125 1.032195
-35 130 1.308747
-35 135 1.435920
-35 140 1.363887
-35 145 1.117095
-35 150 0.797880
-35 155 0.491320
-35 160 0.263228
-35 165 0.123918
-35 170 0.052189
-35 175 0.020148
-30 -180 0.001314
-30 -175 0.000150
-30 -170 0.000000
-30 -165 0.000000
-30 -160 0.000000
-30 -155 0.000000
-30 -150 0.000000
-30 -145 0.000000
-30 -140 0.000000
-30 -135 0.000000
-30 -130 0.000000
-30 -125 0.000000
-30 -120 0.000000
-30 -115 0.000000
-30 -110 0.000000
-30 -105 0.000000
-30 -100 0.000000
-30 -95 0.000000
-30 -90 0.000258
-30 -85 0.004654
-30 -80 0.010836
-30 -75 0.021678
-30 -70 0.043034
-30 -65 0.075373
-30 -60 0.133085
-30 -55 0.211379
-30 -50 0.301845
-30 -45 0.377070
-30 -40 0.405402
-30 -35 0.377103
-30 -30 0.300237
-30 -25 0.202587
-30 -20 0.116660
-30 -15 0.052698
-30 -10 0.019999
-30 -5 0.005210
-30 0 0.000636
-30 5 0.000107
-30 10 0.000000
-30 15 0.000000
-30 20 0.000000
-30 25 0.000000
-30 30 0.000000
-30 35 0.000000
-30 40 0.000000
-30 45 0.000000
-30 50 0.000000
-30 55 0.000000
-30 60 0.000000
-30 65 0.000000
-30 70 0.000000
-30 75 0.000000
-30 80 0.000000
-30 85 0.000000
-30 90 0.000000
-30 95 0.001198
-30 100 0.011830
-30 105 0.034163
-30 110 0.082143
-30 115 0.158211
-30 120 0.254130
-30 125 0.351075
-30 130 0.419235
-30 135 0.435575
-30 140 0.392240
-30 145 0.302113
-30 150 0.201016
-30 155 0.112102
-30 160 0.052911
-30 165 0.021554
-30 170 0.007537
-30 175 0.003303
-25 -180 0.000000
-25 -175 0.000000
-25 -170 0.000000
-25 -165 0.000000
-25 -160 0.000000
-25 -155 0.000000
-25 -150 0.000000
-25 -145 0.000000
-25 -140 0.000000
-25 -135 0.000000
-25 -130 0.000000
-25 -125 0.000000
-25 -120 0.000000
-25 -115 0.000000
-25 -110 0.000000
-25 -105 0.000000
-25 -100 0.000000
-25 -95 0.000000
-25 -90 0.000163
-25 -85 0.002950
-25 -80 0.006870
-25 -75 0.013497
-25 -70 0.024531
-25 -65 0.037839
-25 -60 0.054842
-25 -55 0.072070
-25 -50 0.086606
-25 -45 0.092035
-25 -40 0.084149
-25 -35 0.067955
-25 -30 0.047578
-25 -25 0.028380
-25 -20 0.015138
-25 -15 0.006360
-25 -10 0.002716
-25 -5 0.000690
-25 0 0.000000
-25 5 0.000000
-25 10 0.000000
-25 15 0.000000
-25 20 0.000000
-25 25 0.000000
-25 30 0.000000
-25 35 0.000000
-25 40 0.000000
-25 45 0.000000
-25 50 0.000000
-25 55 0.000000
-25 60 0.000000
-25 65 0.000000
-25 70 0.000000
-25 75 0.000000
-25 80 0.000000
-25 85 0.000000
-25 90 0.000000
-25 95 0.000510
-25 100 0.004776
-25 105 0.012954
-25 110 0.028330
-25 115 0.049248
-25 120 0.070553
-25 125 0.088895
-25 130 0.097131
-25 135 0.094849
-25 140 0.082917
-25 145 0.063454
-25 150 0.042763
-25 155 0.023594
-25 160 0.010496
-25 165 0.003760
-25 170 0.000047
-25 175 0.000000
-20 -180 0.000000
-20 -175 0.000000
-20 -170 0.000000
-20 -165 0.000000
-20 -160 0.000000
-20 -155 0.000000
-20 -150 0.000000
-20 -145 0.000000
-20 -140 0.000000
-20 -135 0.000000
-20 -130 0.000000
-20 -125 0.000000
-20 -120 0.000000
-20 -115 0.000000
-20 -110 0.000000
-20 -105 0.000000
-20 -100 0.000000
-20 -95 0.000000
-20 -90 0.000082
-20 -85 0.001476
-20 -80 0.003436
-20 -75 0.006619
-20 -70 0.011187
-20 -65 0.015443
-20 -60 0.018694
-20 -55 0.020399
-20 -50 0.020011
-20 -45 0.017180
-20 -40 0.012257
-20 -35 0.007948
-20 -30 0.004444
-20 -25 0.001990
-20 -20 0.001025
-20 -15 0.000551
-20 -10 0.000277
-20 -5 0.000089
-20 0 0.000000
-20 5 0.000000
-20 10 0.000000
-20 15 0.000000
-20 20 0.000000
-20 25 0.000000
-20 30 0.000000
-20 35 0.000000
-20 40 0.000000
-20 45 0.000000
-20 50 0.000000
-20 55 0.000000
-20 60 0.000000
-20 65 0.000000
-20 70 0.000000
-20 75 0.000000
-20 80 0.000000
-20 85 0.000000
-20 90 0.000000
-20 95 0.000103
-20 100 0.001106
-20 105 0.002791
-20 110 0.005783
-20 115 0.009047
-20 120 0.011576
-20 125 0.014117
-20 130 0.015264
-20 135 0.016390
-20 140 0.017281
-20 145 0.016420
-20 150 0.013514
-20 155 0.008838
-20 160 0.004719
-20 165 0.001951
-20 170 0.000000
-20 175 0.000000
-15 -180 0.000000
-15 -175 0.000000
-15 -170 0.000000
-15 -165 0.000000
-15 -160 0.000000
-15 -155 0.000000
-15 -150 0.000000
-15 -145 0.000000
-15 -140 0.000000
-15 -135 0.000000
-15 -130 0.000000
-15 -125 0.000000
-15 -120 0.000000
-15 -115 0.000000
-15 -110 0.000000
-15 -105 0.000000
-15 -100 0.000000
-15 -95 0.000000
-15 -90 0.000026
-15 -85 0.000463
-15 -80 0.001079
-15 -75 0.001974
-15 -70 0.002849
-15 -65 0.003223
-15 -60 0.002885
-15 -55 0.002067
-15 -50 0.001210
-15 -45 0.000589
-15 -40 0.000124
-15 -35 0.000065
-15 -30 0.000024
-15 -25 0.000000
-15 -20 0.000000
-15 -15 0.000000
-15 -10 0.000000
-15 -5 0.000000
-15 0 0.000000
-15 5 0.000000
-15 10 0.000000
-15 15 0.000000
-15 20 0.000000
-15 25 0.000000
-15 30 0.000000
-15 35 0.000000
-15 40 0.000000
-15 45 0.000000
-15 50 0.000000
-15 55 0.000000
-15 60 0.000000
-15 65 0.000000
-15 70 0.000000
-15 75 0.000000
-15 80 0.000000
-15 85 0.000000
-15 90 0.000000
-15 95 0.000000
-15 100 0.000066
-15 105 0.000168
-15 110 0.000320
-15 115 0.000476
-15 120 0.000572
-15 125 0.001402
-15 130 0.002488
-15 135 0.004141
-15 140 0.005781
-15 145 0.006426
-15 150 0.005639
-15 155 0.003864
-15 160 0.002063
-15 165 0.000853
-15 170 0.000000
-15 175 0.000000
-10 -180 0.000000
-10 -175 0.000000
-10 -170 0.000000
-10 -165 0.000000
-10 -160 0.000000
-10 -155 0.000000
-10 -150 0.000000
-10 -145 0.000000
-10 -140 0.000000
-10 -135 0.000000
-10 -130 0.000000
-10 -125 0.000000
-10 -120 0.000000
-10 -115 0.000000
-10 -110 0.000000
-10 -105 0.000000
-10 -100 0.000000
-10 -95 0.000000
-10 -90 0.000000
-10 -85 0.000000
-10 -80 0.000000
-10 -75 0.000000
-10 -70 0.000000
-10 -65 0.000000
-10 -60 0.000000
-10 -55 0.000000
-10 -50 0.000000
-10 -45 0.000000
-10 -40 0.000000
-10 -35 0.000000
-10 -30 0.000000
-10 -25 0.000000
-10 -20 0.000000
-10 -15 0.000000
-10 -10 0.000000
-10 -5 0.000000
-10 0 0.000000
-10 5 0.000000
-10 10 0.000000
-10 15 0.000000
-10 20 0.000000
-10 25 0.000000
-10 30 0.000000
-10 35 0.000000
-10 40 0.000000
-10 45 0.000000
-10 50 0.000000
-10 55 0.000000
-10 60 0.000000
-10 65 0.000000
-10 70 0.000000
-10 75 0.000000
-10 80 0.000000
-10 85 0.000000
-10 90 0.000000
-10 95 0.000000
-10 100 0.000000
-10 105 0.000000
-10 110 0.000000
-10 115 0.000000
-10 120 0.000002
-10 125 0.000078
-10 130 0.000186
-10 135 0.000345
-10 140 0.000499
-10 145 0.000563
-10 150 0.000495
-10 155 0.000339
-10 160 0.000181
-10 165 0.000075
-10 170 0.000000
-10 175 0.000000
-5 -180 0.000000
-5 -175 0.000000
-5 -170 0.000000
-5 -165 0.000000
-5 -160 0.000000
-5 -155 0.000000
-5 -150 0.000000
-5 -145 0.000000
-5 -140 0.000000
-5 -135 0.000000
-5 -130 0.000000
-5 -125 0.000000
-5 -120 0.000000
-5 -115 0.000000
-5 -110 0.000000
-5 -105 0.000000
-5 -100 0.000000
-5 -95 0.000000
-5 -90 0.000000
-5 -85 0.000000
-5 -80 0.000000
-5 -75 0.000000
-5 -70 0.000000
-5 -65 0.000000
-5 -60 0.000000
-5 -55 0.000000
-5 -50 0.000000
-5 -45 0.000000
-5 -40 0.000000
-5 -35 0.000000
-5 -30 0.000000
-5 -25 0.000000
-5 -20 0.000000
-5 -15 0.000000
-5 -10 0.000000
-5 -5 0.000000
-5 0 0.000000
-5 5 0.000000
-5 10 0.000000
-5 15 0.000000
-5 20 0.000000
-5 25 0.000000
-5 30 0.000000
-5 35 0.000000
-5 40 0.000000
-5 45 0.000000
-5 50 0.000000
-5 55 0.000000
-5 60 0.000000
-5 65 0.000000
-5 70 0.000000
-5 75 0.000000
-5 80 0.000000
-5 85 0.000000
-5 90 0.000000
-5 95 0.000000
-5 100 0.000000
-5 105 0.000000
-5 110 0.000000
-5 115 0.000000
-5 120 0.000000
-5 125 0.000000
-5 130 0.000000
-5 135 0.000000
-5 140 0.000000
-5 145 0.000000
-5 150 0.000000
-5 155 0.000000
-5 160 0.000000
-5 165 0.000000
-5 170 0.000000
-5 175 0.000000
0 -180 0.000000
0 -175 0.000000
0 -170 0.000000
0 -165 0.000000
0 -160 0.000000
0 -155 0.000000
0 -150 0.000000
0 -145 0.000000
0 -140 0.000000
0 -135 0.000000
0 -130 0.000000
0 -125 0.000000
0 -120 0.000000
0 -115 0.000000
0 -110 0.000000
0 -105 0.000000
0 -100 0.000000
0 -95 0.000000
0 -90 0.000000
0 -85 0.000000
0 -80 0.000000
0 -75 0.000000
0 -70 0.000000
0 -65 0.000000
0 -60 0.000000
0 -55 0.000000
0 -50 0.000000
0 -45 0.000000
0 -40 0.000000
0 -35 0.000000
0 -30 0.000000
0 -25 0.000000
0 -20 0.000000
0 -15 0.000000
0 -10 0.000000
0 -5 0.000000
0 0 0.000000
0 5 0.000000
0 10 0.000000
0 15 0.000000
0 20 0.000000
0 25 0.000000
0 30 0.000000
0 35 0.000000
0 40 0.000000
0 45 0.000000
0 50 0.000000
0 55 0.000000
0 60 0.000000
0 65 0.000000
0 70 0.000000
0 75 0.000000
0 80 0.000000
0 85 0.000000
0 90 0.000000
0 95 0.000000
0 100 0.000000
0 105 0.000000
0 110 0.000000
0 115 0.000000
0 120 0.000000
0 125 0.000000
0 130 0.000000
0 135 0.000000
0 140 0.000000
0 145 0.000000
0 150 0.000000
0 155 0.000000
0 160 0.000000
0 165 0.000000
0 170 0.000000
0 175 0.000000
5 -180 0.000000
5 -175 0.000000
5 -170 0.000000
5 -165 0.000000
5 -160 0.000000
5 -155 0.000000
5 -150 0.000000
5 -145 0.000000
5 -140 0.000000
5 -135 0.000000
5 -130 0.000000
5 -125 0.000000
5 -120 0.000000
5 -115 0.000000
5 -110 0.000000
5 -105 0.000000
5 -100 0.000000
5 -95 0.000000
5 -90 0.000000
5 -85 0.000000
5 -80 0.000000
5 -75 0.000000
5 -70 0.000000
5 -65 0.000000
5 -60 0.000000
5 -55 0.000000
5 -50 0.000000
5 -45 0.000000
5 -40 0.000000
5 -35 0.000000
5 -30 0.000000
5 -25 0.000000
5 -20 0.000000
5 -15 0.000000
5 -10 0.000000
5 -5 0.000000
5 0 0.000000
5 5 0.000000
5 10 0.000000
5 15 0.000000
5 20 0.000000
5 25 0.000000
5 30 0.000000
5 35 0.000000
5 40 0.000000
5 45 0.000000
5 50 0.000000
5 55 0.000000
5 60 0.000000
5 65 0.000000
5 70 0.000000
5 75 0.000000
5 80 0.000000
5 85 0.000000
5 90 0.000000
5 95 0.000000
5 100 0.000000
5 105 0.000000
5 110 0.000000
5 115 0.000000
5 120 0.000000
5 125 0.000000
5 130 0.000000
5 135 0.000000
5 140 0.000000
5 145 0.000000
5 150 0.000000
5 155 0.000000
5 160 0.000000
5 165 0.000000
5 170 0.000000
5 175 0.000000
10 -180 0.000000
10 -175 0.000000
10 -170 0.000000
10 -165 0.000000
10 -160 0.000000
10 -155 0.000000
10 -150 0.000000
10 -145 0.000000
10 -140 0.000000
10 -135 0.000000
10 -130 0.000000
10 -125 0.000000
10 -120 0.000000
10 -115 0.000000
10 -110 0.000000
10 -105 0.000000
10 -100 0.000000
10 -95 0.000000
10 -90 0.000000
10 -85 0.000000
10 -80 0.000000
10 -75 0.000000
10 -70 0.000000
10 -65 0.000000
10 -60 0.000000
10 -55 0.000000
10 -50 0.000000
10 -45 0.000000
10 -40 0.000000
10 -35 0.000000
10 -30 0.000000
10 -25 0.000000
10 -20 0.000000
10 -15 0.000000
10 -10 0.000000
10 -5 0.000000
10 0 0.000000
10 5 0.000000
10 10 0.000000
10 15 0.000000
10 20 0.000000
10 25 0.000000
10 30 0.000000
10 35 0.000000
10 40 0.000000
10 45 0.000000
10 50 0.000000
10 55 0.000000
10 60 0.000000
10 65 0.000000
10 70 0.000000
10 75 0.000000
10 80 0.000000
10 85 0.000000
10 90 0.000000
10 95 0.000000
10 100 0.000000
10 105 0.000000
10 110 0.000000
10 115 0.000000
10 120 0.000000
10 125 0.000000
10 130 0.000000
10 135 0.000000
10 140 0.000000
10 145 0.000000
10 150 0.000000
10 155 0.000000
10 160 0.000000
10 165 0.000000
10 170 0.000000
10 175 0.000000
15 -180 0.000000
15 -175 0.000000
15 -170 0.000000
15 -165 0.000000
15 -160 0.000000
15 -155 0.000000
15 -150 0.000000
15 -145 0.000000
15 -140 0.000000
15 -135 0.000000
15 -130 0.000000
15 -125 0.000000
15 -120 0.000000
15 -115 0.000000
15 -110 0.000000
15 -105 0.000000
15 -100 0.000000
15 -95 0.000000
15 -90 0.000000
15 -85 0.000000
15 -80 0.000000
15 -75 0.000000
15 -70 0.000000
15 -65 0.000000
15 -60 0.000000
15 -55 0.000000
15 -50 0.000000
15 -45 0.000000
15 -40 0.000000
15 -35 0.000000
15 -30 0.000000
15 -25 0.000000
15 -20 0.000000
15 -15 0.000000
15 -10 0.000000
15 -5 0.000000
15 0 0.000000
15 5 0.000000
15 10 0.000000
15 15 0.000000
15 20 0.000000
15 25 0.000000
15 30 0.000000
15 35 0.000000
15 40 0.000000
15 45 0.000000
15 50 0.000000
15 55 0.000000
15 60 0.000000
15 65 0.000000
15 70 0.000000
15 75 0.000000
15 80 0.000000
15 85 0.000000
15 90 0.000000
15 95 0.000000
15 100 0.000000
15 105 0.000000
15 110 0.000000
15 115 0.000000
15 120 0.000000
15 125 0.000000
15 130 0.000000
15 135 0.000000
15 140 0.000000
15 145 0.000000
15 150 0.000000
15 155 0.000000
15 160 0.000000
15 165 0.000000
15 170 0.000000
15 175 0.000000
20 -180 0.000000
20 -175 0.000000
20 -170 0.000000
20 -165 0.000000
20 -160 0.000000
20 -155 0.000000
20 -150 0.000000
20 -145 0.000000
20 -140 0.000000
20 -135 0.000000
20 -130 0.000000
20 -125 0.000000
20 -120 0.000000
20 -115 0.000000
20 -110 0.000000
20 -105 0.000000
20 -100 0.000000
20 -95 0.000000
20 -90 0.000000
20 -85 0.000000
20 -80 0.000000
20 -75 0.000000
20 -70 0.000000
20 -65 0.000000
20 -60 0.000000
20 -55 0.000000
20 -50 0.000000
20 -45 0.000000
20 -40 0.000000
20 -35 0.000000
20 -30 0.000000
20 -25 0.000000
20 -20 0.000000
20 -15 0.000000
20 -10 0.000000
20 -5 0.000000
20 0 0.000000
20 5 0.000000
20 10 0.000000
20 15 0.000000
20 20 0.000000
20 25 0.000000
20 30 0.000000
20 35 0.000000
20 40 0.000000
20 45 0.000000
20 50 0.000000
20 55 0.000000
20 60 0.000000
20 65 0.000000
20 70 0.000000
20 75 0.000000
20 80 0.000000
20 85 0.000000
20 90 0.000000
20 95 0.000000
20 100 0.000000
20 105 0.000000
20 110 0.000000
20 115 0.000000
20 120 0.000000
20 125 0.000000
20 130 0.000000
20 135 0.000000
20 140 0.000000
20 145 0.000000
20 150 0.000000
20 155 0.000000
20 160 0.000000
20 165 0.000000
20 170 0.000000
20 175 0.000000
25 -180 0.000000
25 -175 0.000000
25 -170 0.000000
25 -165 0.000000
25 -160 0.000000
25 -155 0.000000
25 -150 0.000000
25 -145 0.000000
25 -140 0.000000
25 -135 0.000000
25 -130 0.000000
25 -125 0.000000
25 -120 0.000000
25 -115 0.000000
25 -110 0.000000
25 -105 0.000000
25 -100 0.000000
25 -95 0.000000
25 -90 0.000000
25 -85 0.000000
25 -80 0.000000
25 -75 0.000000
25 -70 0.000000
25 -65 0.000000
25 -60 0.000000
25 -55 0.000000
25 -50 0.000000
25 -45 0.000000
25 -40 0.000000
25 -35 0.000000
25 -30 0.000000
25 -25 0.000000
25 -20 0.000000
25 -15 0.000000
25 -10 0.000000
25 -5 0.000000
25 0 0.000000
25 5 0.000000
25 10 0.000000
25 15 0.000000
25 20 0.000000
25 25 0.000000
25 30 0.000000
25 35 0.000000
25 40 0.000000
25 45 0.000000
25 50 0.000000
25 55 0.000000
25 60 0.000000
25 65 0.000000
25 70 0.000000
25 75 0.000000
25 80 0.000000
25 85 0.000000
25 90 0.000000
25 95 0.000000
25 100 0.000000
25 105 0.000000
25 110 0.000000
25 115 0.000000
25 120 0.000000
25 125 0.000000
25 130 0.000000
25 135 0.000000
25 140 0.000000
25 145 0.000000
25 150 0.000000
25 155 0.000000
25 160 0.000000
25 165 0.000000
25 170 0.000000
25 175 0.000000
30 -180 0.000000
30 -175 0.000000
30 -170 0.000000
30 -165 0.000000
30 -160 0.000000
30 -155 0.000000
30 -150 0.000000
30 -145 0.000000
30 -140 0.000000
30 -135 0.000000
30 -130 0.000000
30 -125 0.000000
30 -120 0.000000
30 -115 0.000000
30 -110 0.000000
30 -105 0.000000
30 -100 0.000000
30 -95 0.000000
30 -90 0.000000
30 -85 0.000000
30 -80 0.000000
30 -75 0.000000
30 -70 0.000000
30 -65 0.000000
30 -60 0.000000
30 -55 0.000000
30 -50 0.000000
30 -45 0.000000
30 -40 0.000000
30 -35 0.000000
30 -30 0.000000
30 -25 0.000000
30 -20 0.000000
30 -15 0.000000
30 -10 0.000000
30 -5 0.000000
30 0 0.000000
30 5 0.000000
30 10 0.000000
30 15 0.000000
30 20 0.000000
30 25 0.000000
30 30 0.000000
30 35 0.000000
30 40 0.000000
30 45 0.000000
30 50 0.000000
30 55 0.000000
30 60 0.000000
30 65 0.000000
30 70 0.000000
30 75 0.000000
30 80 0.000000
30 85 0.000000
30 90 0.000000
30 95 0.000000
30 100 0.000000
30 105 0.000000
30 110 0.000000
30 115 0.000000
30 120 0.000000
30 125 0.000000
30 130 0.000000
30 135 0.000000
30 140 0.000000
30 145 0.000000
30 150 0.000000
30 155 0.000000
30 160 0.000000
30 165 0.000000
30 170 0.000000
30 175 0.000000
35 -180 0.000000
35 -175 0.000000
35 -170 0.000000
35 -165 0.000000
35 -160 0.000000
35 -155 0.000000
35 -150 0.000000
35 -145 0.000000
35 -140 0.000000
35 -135 0.000000
35 -130 0.000000
35 -125 0.000000
35 -120 0.000000
35 -115 0.000000
35 -110 0.000000
35 -105 0.000000
35 -100 0.000000
35 -95 0.000000
35 -90 0.000000
35 -85 0.000000
35 -80 0.000000
35 -75 0.000000
35 -70 0.000000
35 -65 0.000000
35 -60 0.000000
35 -55 0.000000
35 -50 0.000000
35 -45 0.000000
35 -40 0.000000
35 -35 0.000000
35 -30 0.000000
35 -25 0.000000
35 -20 0.000000
35 -15 0.000000
35 -10 0.000000
35 -5 0.000000
35 0 0.000000
35 5 0.000000
35 10 0.000000
35 15 0.000000
35 20 0.000000
35 25 0.000000
35 30 0.000000
35 35 0.000000
35 40 0.000000
35 45 0.000000
35 50 0.000000
35 55 0.000000
35 60 0.000000
35 65 0.000000
35 70 0.000000
35 75 0.000000
35 80 0.000000
35 85 0.000000
35 90 0.000000
35 95 0.000000
35 100 0.000000
35 105 0.000000
35 110 0.000000
35 115 0.000000
35 120 0.000000
35 125 0.000000
35 130 0.000000
35 135 0.000000
35 140 0.000000
35 145 0.000000
35 150 0.000000
35 155 0.000000
35 160 0.000000
35 165 0.000000
35 170 0.000000
35 175 0.000000
40 -180 0.000000
40 -175 0.000000
40 -170 0.000000
40 -165 0.000000
40 -160 0.000000
40 -155 0.000000
40 -150 0.000000
40 -145 0.000000
40 -140 0.000000
40 -135 0.000000
40 -130 0.000000
40 -125 0.000000
40 -120 0.000000
40 -115 0.000000
40 -110 0.000000
40 -105 0.000000
40 -100 0.000000
40 -95 0.000000
40 -90 0.000000
40 -85 0.000000
40 -80 0.000000
40 -75 0.000000
40 -70 0.000000
40 -65 0.000000
40 -60 0.000000
40 -55 0.000000
40 -50 0.000000
40 -45 0.000000
40 -40 0.000000
40 -35 0.000000
40 -30 0.000000
40 -25 0.000000
40 -20 0.000000
40 -15 0.000000
40 -10 0.000000
40 -5 0.000000
40 0 0.000000
40 5 0.000000
40 10 0.000000
40 15 0.000000
40 20 0.000000
40 25 0.000000
40 30 0.000000
40 35 0.000000
40 40 0.000000
40 45 0.000000
40 50 0.000000
40 55 0.000000
40 60 0.000000
40 65 0.000000
40 70 0.000000
40 75 0.000000
40 80 0.000000
40 85 0.000000
40 90 0.000000
40 95 0.000000
40 100 0.000000
40 105 0.000000
40 110 0.000000
40 115 0.000000
40 120 0.000000
40 125 0.000000
40 130 0.000000
40 135 0.000000
40 140 0.000000
40 145 0.000000
40 150 0.000000
40 155 0.000000
40 160 0.000000
40 165 0.000000
40 170 0.000000
40 175 0.000000
45 -180 0.000000
45 -175 0.000000
45 -170 0.000000
45 -165 0.000000
45 -160 0.000000
45 -155 0.000000
45 -150 0.000000
45 -145 0.000000
45 -140 0.000000
45 -135 0.000000
45 -130 0.000000
45 -125 0.000000
45 -120 0.000000
45 -115 0.000000
45 -110 0.000000
45 -105 0.000000
45 -100 0.000000
45 -95 0.000000
45 -90 0.000000
45 -85 0.000000
45 -80 0.000000
45 -75 0.000000
45 -70 0.000000
45 -65 0.000000
45 -60 0.000000
45 -55 0.000000
45 -50 0.000000
45 -45 0.000000
45 -40 0.000000
45 -35 0.000000
45 -30 0.000000
45 -25 0.000000
45 -20 0.000000
45 -15 0.000000
45 -10 0.000000
45 -5 0.000000
45 0 0.000000
45 5 0.000000
45 10 0.000000
45 15 0.000000
45 20 0.000000
45 25 0.000000
45 30 0.000000
45 35 0.000000
45 40 0.000000
45 45 0.000000
45 50 0.000000
45 55 0.000000
45 60 0.000000
45 65 0.000000
45 70 0.000000
45 75 0.000000
45 80 0.000000
45 85 0.000000
45 90 0.000000
45 95 0.000000
45 100 0.000000
45 105 0.000000
45 110 0.000000
45 115 0.000000
45 120 0.000000
45 125 0.000000
45 130 0.000000
45 135 0.000000
45 140 0.000000
45 145 0.000000
45 150 0.000000
45 155 0.000000
45 160 0.000000
45 165 0.000000
45 170 0.000000
45 175 0.000000
50 -180 0.000000
50 -175 0.000000
50 -170 0.000000
50 -165 0.000000
50 -160 0.000000
50 -155 0.000000
50 -150 0.000000
50 -145 0.000000
50 -140 0.000000
50 -135 0.000000
50 -130 0.000000
50 -125 0.000000
50 -120 0.000000
50 -115 0.000000
50 -110 0.000000
50 -105 0.000000
50 -100 0.000000
50 -95 0.000000
50 -90 0.000000
50 -85 0.000000
50 -80 0.000000
50 -75 0.000000
50 -70 0.000000
50 -65 0.000000
50 -60 0.000000
50 -55 0.000000
50 -50 0.000000
50 -45 0.000000
50 -40 0.000000
50 -35 0.000000
50 -30 0.000000
50 -25 0.000000
50 -20 0.000000
50 -15 0.000000
50 -10 0.000000
50 -5 0.000000
50 0 0.000000
50 5 0.000000
50 10 0.000000
50 15 0.000000
50 20 0.000000
50 25 0.000000
50 30 0.000000
50 35 0.000000
50 40 0.000000
50 45 0.000000
50 50 0.000000
50 55 0.000000
50 60 0.000000
50 65 0.000000
50 70 0.000000
50 75 0.000000
50 80 0.000000
50 85 0.000000
50 90 0.000000
50 95 0.000000
50 100 0.000000
50 105 0.000000
50 110 0.000000
50 115 0.000000
50 120 0.000000
50 125 0.000000
50 130 0.000000
50 135 0.000000
50 140 0.000000
50 145 0.000000
50 150 0.000000
50 155 0.000000
50 160 0.000000
50 165 0.000000
50 170 0.000000
50 175 0.000000
55 -180 0.000000
55 -175 0.000000
55 -170 0.000000
55 -165 0.000000
55 -160 0.000000
55 -155 0.000000
55 -150 0.000000
55 -145 0.000000
55 -140 0.000000
55 -135 0.000000
55 -130 0.000000
55 -125 0.000000
55 -120 0.000000
55 -115 0.000000
55 -110 0.000000
55 -105 0.000000
55 -100 0.000000
55 -95 0.000000
55 -90 0.000000
55 -85 0.000000
55 -80 0.000000
55 -75 0.000000
55 -70 0.000000
55 -65 0.000000
55 -60 0.000000
55 -55 0.000000
55 -50 0.000000
55 -45 0.000000
55 -40 0.000000
55 -35 0.000000
55 -30 0.000000
55 -25 0.000000
55 -20 0.000000
55 -15 0.000000
55 -10 0.000000
55 -5 0.000000
55 0 0.000000
55 5 0.000000
55 10 0.000000
55 15 0.000000
55 20 0.000000
55 25 0.000000
55 30 0.000000
55 35 0.000000
55 40 0.000000
55 45 0.000000
55 50 0.000000
55 55 0.000000
55 60 0.000000
55 65 0.000000
55 70 0.000000
55 75 0.000000
55 80 0.000000
55 85 0.000000
55 90 0.000000
55 95 0.000000
55 100 0.000000
55 105 0.000000
55 110 0.000000
55 115 0.000000
55 120 0.000000
55 125 0.000000
55 130 0.000000
55 135 0.000000
55 140 0.000000
55 145 0.000000
55 150 0.000000
55 155 0.000000
55 160 0.000000
55 165 0.000000
55 170 0.000000
55 175 0.000000
60 -180 0.000000
60 -175 0.000000
60 -170 0.000000
60 -165 0.000000
60 -160 0.000000
60 -155 0.000000
60 -150 0.000000
60 -145 0.000000
60 -140 0.000000
60 -135 0.000000
60 -130 0.000000
60 -125 0.000000
60 -120 0.000000
60 -115 0.000000
60 -110 0.000000
60 -105 0.000000
60 -100 0.000000
60 -95 0.000000
60 -90 0.000000
60 -85 0.000000
60 -80 0.000000
60 -75 0.000000
60 -70 0.000000
60 -65 0.000000
60 -60 0.000000
60 -55 0.000000
60 -50 0.000000
60 -45 0.000000
60 -40 0.000000
60 -35 0.000000
60 -30 0.000000
60 -25 0.000000
60 -20 0.000000
60 -15 0.000000
60 -10 0.000000
60 -5 0.000000
60 0 0.000000
60 5 0.000000
60 10 0.000000
60 15 0.000000
60 20 0.000000
60 25 0.000000
60 30 0.000000
60 35 0.000000
60 40 0.000000
60 45 0.000000
60 50 0.000000
60 55 0.000000
60 60 0.000000
60 65 0.000000
60 70 0.000000
60 75 0.000000
60 80 0.000000
60 85 0.000000
60 90 0.000000
60 95 0.000000
60 100 0.000000
60 105 0.000000
60 110 0.000000
60 115 0.000000
60 120 0.000000
60 125 0.000000
60 130 0.000000
60 135 0.000000
60 140 0.000000
60 145 0.000000
60 150 0.000000
60 155 0.000000
60 160 0.000000
60 165 0.000000
60 170 0.000000
60 175 0.000000
65 -180 0.000000
65 -175 0.000000
65 -170 0.000000
65 -165 0.000000
65 -160 0.000000
65 -155 0.000000
65 -150 0.000000
65 -145 0.000000
65 -140 0.000000
65 -135 0.000000
65 -130 0.000000
65 -125 0.000000
65 -120 0.000000
65 -115 0.000000
65 -110 0.000000
65 -105 0.000000
65 -100 0.000000
65 -95 0.000000
65 -90 0.000000
65 -85 0.000000
65 -80 0.000000
65 -75 0.000000
65 -70 0.000000
65 -65 0.000000
65 -60 0.000000
65 -55 0.000000
65 -50 0.000000
65 -45 0.000000
65 -40 0.000000
65 -35 0.000000
65 -30 0.000000
65 -25 0.000000
65 -20 0.000000
65 -15 0.000000
65 -10 0.000000
65 -5 0.000000
65 0 0.000000
65 5 0.000000
65 10 0.000000
65 15 0.000000
65 20 0.000000
65 25 0.000000
65 30 0.000000
65 35 0.000000
65 40 0.000000
65 45 0.000000
65 50 0.000000
65 55 0.000000
65 60 0.000000
65 65 0.000000
65 70 0.000000
65 75 0.000000
65 80 0.000000
65 85 0.000000
65 90 0.000000
65 95 0.000000
65 100 0.000000
65 105 0.000000
65 110 0.000000
65 115 0.000000
65 120 0.000000
65 125 0.000000
65 130 0.000000
65 135 0.000000
65 140 0.000000
65 145 0.000000
65 150 0.000000
65 155 0.000000
65 160 0.000000
65 165 0.000000
65 170 0.000000
65 175 0.000000
70 -180 0.000000
70 -175 0.000000
70 -170 0.000000
70 -165 0.000000
70 -160 0.000000
70 -155 0.000000
70 -150 0.000000
70 -145 0.000000
70 -140 0.000000
70 -135 0.000000
70 -130 0.000000
70 -125 0.000000
70 -120 0.000000
70 -115 0.000000
70 -110 0.000000
70 -105 0.000000
70 -100 0.000000
70 -95 0.000000
70 -90 0.000000
70 -85 0.000000
70 -80 0.000000
70 -75 0.000000
70 -70 0.000000
70 -65 0.000000
70 -60 0.000000
70 -55 0.000000
70 -50 0.000000
70 -45 0.000000
70 -40 0.000000
70 -35 0.000000
70 -30 0.000000
70 -25 0.000000
70 -20 0.000000
70 -15 0.000000
70 -10 0.000000
70 -5 0.000000
70 0 0.000000
70 5 0.000000
70 10 0.000000
70 15 0.000000
70 20 0.000000
70 25 0.000000
70 30 0.000000
70 35 0.000000
70 40 0.000000
70 45 0.000000
70 50 0.000000
70 55 0.000000
70 60 0.000000
70 65 0.000000
70 70 0.000000
70 75 0.000000
70 80 0.000000
70 85 0.000000
70 90 0.000000
70 95 0.000000
70 100 0.000000
70 105 0.000000
70 110 0.000000
70 115 0.000000
70 120 0.000000
70 125 0.000000
70 130 0.000000
70 135 0.000000
70 140 0.000000
70 145 0.000000
70 150 0.000000
70 155 0.000000
70 160 0.000000
70 165 0.000000
70 170 0.000000
70 175 0.000000
75 -180 0.000000
75 -175 0.000000
75 -170 0.000000
75 -165 0.000000
75 -160 0.000000
75 -155 0.000000
75 -150 0.000000
75 -145 0.000000
75 -140 0.000000
75 -135 0.000000
75 -130 0.000000
75 -125 0.000000
75 -120 0.000000
75 -115 0.000000
75 -110 0.000000
75 -105 0.000000
75 -100 0.000000
75 -95 0.000000
75 -90 0.000000
75 -85 0.000000
75 -80 0.000000
75 -75 0.000000
75 -70 0.000000
75 -65 0.000000
75 -60 0.000000
75 -55 0.000000
75 -50 0.000000
75 -45 0.000000
75 -40 0.000000
75 -35 0.000000
75 -30 0.000000
75 -25 0.000000
75 -20 0.000000
75 -15 0.000000
75 -10 0.000000
75 -5 0.000000
75 0 0.000000
75 5 0.000000
75 10 0.000000
75 15 0.000000
75 20 0.000000
75 25 0.000000
75 30 0.000000
75 35 0.000000
75 40 0.000000
75 45 0.000000
75 50 0.000000
75 55 0.000000
75 60 0.000000
75 65 0.000000
75 70 0.000000
75 75 0.000000
75 80 0.000000
75 85 0.000000
75 90 0.000000
75 95 0.000000
75 100 0.000000
75 105 0.000000
75 110 0.000000
75 115 0.000000
75 120 0.000000
75 125 0.000000
75 130 0.000000
75 135 0.000000
75 140 0.000000
75 145 0.000000
75 150 0.000000
75 155 0.000000
75 160 0.000000
75 165 0.000000
75 170 0.000000
75 175 0.000000
80 -180 0.000000
80 -175 0.000000
80 -170 0.000000
80 -165 0.000000
80 -160 0.000000
80 -155 0.000000
80 -150 0.000000
80 -145 0.000000
80 -140 0.000000
80 -135 0.000000
80 -130 0.000000
80 -125 0.000000
80 -120 0.000000
80 -115 0.000000
80 -110 0.000000
80 -105 0.000000
80 -100 0.000000
80 -95 0.000000
80 -90 0.000000
80 -85 0.000000
80 -80 0.000000
80 -75 0.000000
80 -70 0.000000
80 -65 0.000000
80 -60 0.000000
80 -55 0.000000
80 -50 0.000000
80 -45 0.000000
80 -40 0.000000
80 -35 0.000000
80 -30 0.000000
80 -25 0.000000
80 -20 0.000000
80 -15 0.000000
80 -10 0.000000
80 -5 0.000000
80 0 0.000000
80 5 0.000000
80 10 0.000000
80 15 0.000000
80 20 0.000000
80 25 0.000000
80 30 0.000000
80 35 0.000000
80 40 0.000000
80 45 0.000000
80 50 0.000000
80 55 0.000000
80 60 0.000000
80 65 0.000000
80 70 0.000000
80 75 0.000000
80 80 0.000000
80 85 0.000000
80 90 0.000000
80 95 0.000000
80 100 0.000000
80 105 0.000000
80 110 0.000000
80 115 0.000000
80 120 0.000000
80 125 0.000000
80 130 0.000000
80 135 0.000000
80 140 0.000000
80 145 0.000000
80 150 0.000000
80 155 0.000000
80 160 0.000000
80 165 0.000000
80 170 0.000000
80 175 0.000000
85 -180 0.000000
85 -175 0.000000
85 -170 0.000000
85 -165 0.000000
85 -160 0.000000
85 -155 0.000000
85 -150 0.000000
85 -145 0.000000
85 -140 0.000000
85 -135 0.000000
85 -130 0.000000
85 -125 0.000000
85 -120 0.000000
85 -115 0.000000
85 -110 0.000000
85 -105 0.000000
85 -100 0.000000
85 -95 0.000000
85 -90 0.000000
85 -85 0.000000
85 -80 0.000000
85 -75 0.000000
85 -70 0.000000
85 -65 0.000000
85 -60 0.000000
85 -55 0.000000
85 -50 0.000000
85 -45 0.000000
85 -40 0.000000
85 -35 0.000000
85 -30 0.000000
85 -25 0.000000
85 -20 0.000000
85 -15 0.000000
85 -10 0.000000
85 -5 0.000000
85 0 0.000000
85 5 0.000000
85 10 0.000000
85 15 0.000000
85 20 0.000000
85 25 0.000000
85 30 0.000000
85 35 0.000000
85 40 0.000000
85 45 0.000000
85 50 0.000000
85 55 0.000000
85 60 0.000000
85 65 0.000000
85 70 0.000000
85 75 0.000000
85 80 0.000000
85 85 0.000000
85 90 0.000000
85 95 0.000000
85 100 0.000000
85 105 0.000000
85 110 0.000000
85 115 0.000000
85 120 0.000000
85 125 0.000000
85 130 0.000000
85 135 0.000000
85 140 0.000000
85 145 0.000000
85 150 0.000000
85 155 0.000000
85 160 0.000000
85 165 0.000000
85 170 0.000000
85 175 0.000000
90 -180 0.000000
90 -175 0.000000
90 -170 0.000000
90 -165 0.000000
90 -160 0.000000
90 -155 0.000000
90 -150 0.000000
90 -145 0.000000
90 -140 0.000000
90 -135 0.000000
90 -130 0.000000
90 -125 0.000000
90 -120 0.000000
90 -115 0.000000
90 -110 0.000000
90 -105 0.000000
90 -100 0.000000
90 -95 0.000000
90 -90 0.000000
90 -85 0.000000
90 -80 0.000000
90 -75 0.000000
90 -70 0.000000
90 -65 0.000000
90 -60 0.000000
90 -55 0.000000
90 -50 0.000000
90 -45 0.000000
90 -40 0.000000
90 -35 0.000000
90 -30 0.000000
90 -25 0.000000
90 -20 0.000000
90 -15 0.000000
90 -10 0.000000
90 -5 0.000000
90 0 0.000000
90 5 0.000000
90 10 0.000000
90 15 0.000000
90 20 0.000000
90 25 0.000000
90 30 0.000000
90 35 0.000000
90 40 0.000000
90 45 0.000000
90 50 0.000000
90 55 0.000000
90 60 0.000000
90 65 0.000000
90 70 0.000000
90 75 0.000000
90 80 0.000000
90 85 0.000000
90 90 0.000000
90 95 0.000000
90 100 0.000000
90 105 0.000000
90 110 0.000000
90 115 0.000000
90 120 0.000000
90 125 0.000000
90 130 0.000000
90 135 0.000000
90 140 0.000000
90 145 0.000000
90 150 0.000000
90 155 0.000000
90 160 0.000000
90 165 0.000000
90 170 0.000000
90 175 0.000000
95 -180 0.000000
95 -175 0.000000
95 -170 0.000000
95 -165 0.000000
95 -160 0.000000
95 -155 0.000000
95 -150 0.000000
95 -145 0.000000
95 -140 0.000000
95 -135 0.000000
95 -130 0.000000
95 -125 0.000000
95 -120 0.000000
95 -115 0.000000
95 -110 0.000000
95 -105 0.000000
95 -100 0.000000
95 -95 0.000000
95 -90 0.000000
95 -85 0.000000
95 -80 0.000000
95 -75 0.000000
95 -70 0.000000
95 -65 0.000000
95 -60 0.000000
95 -55 0.000000
95 -50 0.000000
95 -45 0.000000
95 -40 0.000000
95 -35 0.000000
95 -30 0.000000
95 -25 0.000000
95 -20 0.000000
95 -15 0.000000
95 -10 0.000000
95 -5 0.000000
95 0 0.000000
95 5 0.000000
95 10 0.000000
95 15 0.000000
95 20 0.000000
95 25 0.000000
95 30 0.000000
95 35 0.000000
95 40 0.000000
95 45 0.000000
95 50 0.000000
95 55 0.000000
95 60 0.000000
95 65 0.000000
95 70 0.000000
95 75 0.000000
95 80 0.000000
95 85 0.000000
95 90 0.000000
95 95 0.000000
95 100 0.000000
95 105 0.000000
95 110 0.000000
95 115 0.000000
95 120 0.000000
95 125 0.000000
95 130 0.000000
95 135 0.000000
95 140 0.000000
95 145 0.000000
95 150 0.000000
95 155 0.000000
95 160 0.000000
95 165 0.000000
95 170 0.000000
95 175 0.000000
100 -180 0.000000
100 -175 0.000000
100 -170 0.000000
100 -165 0.000000
100 -160 0.000000
100 -155 0.000000
100 -150 0.000000
100 -145 0.000000
100 -140 0.000000
100 -135 0.000000
100 -130 0.000000
100 -125 0.000000
100 -120 0.000000
100 -115 0.000000
100 -110 0.000000
100 -105 0.000000
100 -100 0.000000
100 -95 0.000000
100 -90 0.000000
100 -85 0.000000
100 -80 0.000000
100 -75 0.000000
100 -70 0.000000
100 -65 0.000000
100 -60 0.000000
100 -55 0.000000
100 -50 0.000000
100 -45 0.000000
100 -40 0.000000
100 -35 0.000000
100 -30 0.000000
100 -25 0.000000
100 -20 0.000000
100 -15 0.000000
100 -10 0.000000
100 -5 0.000000
100 0 0.000000
100 5 0.000000
100 10 0.000000
100 15 0.000000
100 20 0.000000
100 25 0.000000
100 30 0.000000
100 35 0.000000
100 40 0.000000
100 45 0.000000
100 50 0.000000
100 55 0.000000
100 60 0.000000
100 65 0.000000
100 70 0.000000
100 75 0.000000
100 80 0.000000
100 85 0.000000
100 90 0.000000
100 95 0.000000
100 100 0.000000
100 105 0.000000
100 110 0.000000
100 115 0.000000
100 120 0.000000
100 125 0.000000
100 130 0.000000
100 135 0.000000
100 140 0.000000
100 145 0.000000
100 150 0.000000
100 155 0.000000
100 160 0.000000
100 165 0.000000
100 170 0.000000
100 175 0.000000
105 -180 0.000000
105 -175 0.000000
105 -170 0.000000
105 -165 0.000000
105 -160 0.000000
105 -155 0.000000
105 -150 0.000000
105 -145 0.000000
105 -140 0.000000
105 -135 0.000000
105 -130 0.000000
105 -125 0.000000
105 -120 0.000000
105 -115 0.000000
105 -110 0.000000
105 -105 0.000000
105 -100 0.000000
105 -95 0.000000
105 -90 0.000000
105 -85 0.000000
105 -80 0.000000
105 -75 0.000000
105 -70 0.000000
105 -65 0.000000
105 -60 0.000000
105 -55 0.000000
105 -50 0.000000
105 -45 0.000000
105 -40 0.000000
105 -35 0.000000
105 -30 0.000000
105 -25 0.000000
105 -20 0.000000
105 -15 0.000000
105 -10 0.000000
105 -5 0.000000
105 0 0.000000
105 5 0.000000
105 10 0.000000
105 15 0.000000
105 20 0.000000
105 25 0.000000
105 30 0.000000
105 35 0.000000
105 40 0.000000
105 45 0.000000
105 50 0.000000
105 55 0.000000
105 60 0.000000
105 65 0.000000
105 70 0.000000
105 75 0.000000
105 80 0.000000
105 85 0.000000
105 90 0.000000
105 95 0.000000
105 100 0.000000
105 105 0.000000
105 110 0.000000
105 115 0.000000
105 120 0.000000
105 125 0.000000
105 130 0.000000
105 135 0.000000
105 140 0.000000
105 145 0.000000
105 150 0.000000
105 155 0.000000
105 160 0.000000
105 165 0.000000
105 170 0.000000
105 175 0.000000
110 -180 0.000000
110 -175 0.000000
110 -170 0.000000
110 -165 0.000000
110 -160 0.000000
110 -155 0.000000
110 -150 0.000000
110 -145 0.000000
110 -140 0.000000
110 -135 0.000000
110 -130 0.000000
110 -125 0.000000
110 -120 0.000000
110 -115 0.000000
110 -110 0.000000
110 -105 0.000000
110 -100 0.000000
110 -95 0.000000
110 -90 0.000000
110 -85 0.000000
110 -80 0.000000
110 -75 0.000000
110 -70 0.000000
110 -65 0.000000
110 -60 0.000000
110 -55 0.000000
110 -50 0.000000
110 -45 0.000000
110 -40 0.000000
110 -35 0.000000
110 -30 0.000000
110 -25 0.000000
110 -20 0.000000
110 -15 0.000000
110 -10 0.000000
110 -5 0.000000
110 0 0.000000
110 5 0.000000
110 10 0.000000
110 15 0.000000
110 20 0.000000
110 25 0.000000
110 30 0.000000
110 35 0.000000
110 40 0.000000
110 45 0.000000
110 50 0.000000
110 55 0.000000
110 60 0.000000
110 65 0.000000
110 70 0.000000
110 75 0.000000
110 80 0.000000
110 85 0.000000
110 90 0.000000
110 95 0.000000
110 100 0.000000
110 105 0.000000
110 110 0.000000
110 115 0.000000
110 120 0.000000
110 125 0.000000
110 130 0.000000
110 135 0.000000
110 140 0.000000
110 145 0.000000
110 150 0.000000
110 155 0.000000
110 160 0.000000
110 165 0.000000
110 170 0.000000
110 175 0.000000
115 -180 0.000000
115 -175 0.000000
115 -170 0.000000
115 -165 0.000000
115 -160 0.000000
115 -155 0.000000
115 -150 0.000000
115 -145 0.000000
115 -140 0.000000
115 -135 0.000000
115 -130 0.000000
115 -125 0.000000
115 -120 0.000000
115 -115 0.000000
115 -110 0.000000
115 -105 0.000000
115 -100 0.000000
115 -95 0.000000
115 -90 0.000000
115 -85 0.000000
115 -80 0.000000
115 -75 0.000000
115 -70 0.000000
115 -65 0.000000
115 -60 0.000000
115 -55 0.000000
115 -50 0.000000
115 -45 0.000000
115 -40 0.000000
115 -35 0.000000
115 -30 0.000000
115 -25 0.000000
115 -20 0.000000
115 -15 0.000000
115 -10 0.000000
115 -5 0.000000
115 0 0.000000
115 5 0.000000
115 10 0.000000
115 15 0.000000
115 20 0.000000
115 25 0.000000
115 30 0.000000
115 35 0.000000
115 40 0.000000
115 45 0.000000
115 50 0.000000
115 55 0.000000
115 60 0.000000
115 65 0.000000
115 70 0.000000
115 75 0.000000
115 80 0.000000
115 85 0.000000
115 90 0.000000
115 95 0.000000
115 100 0.000000
115 105 0.000000
115 110 0.000000
115 115 0.000000
115 120 0.000000
115 125 0.000000
115 130 0.000000
115 135 0.000000
115 140 0.000000
115 145 0.000000
115 150 0.000000
115 155 0.000000
115 160 0.000000
115 165 0.000000
115 170 0.000000
115 175 0.000000
120 -180 0.000000
120 -175 0.000000
120 -170 0.000000
120 -165 0.000000
120 -160 0.000000
120 -155 0.000000
120 -150 0.000000
120 -145 0.000000
120 -140 0.000000
120 -135 0.000000
120 -130 0.000000
120 -125 0.000000
120 -120 0.000000
120 -115 0.000000
120 -110 0.000000
120 -105 0.000000
120 -100 0.000000
120 -95 0.000000
120 -90 0.000000
120 -85 0.000000
120 -80 0.000000
120 -75 0.000000
120 -70 0.000000
120 -65 0.000000
120 -60 0.000000
120 -55 0.000000
120 -50 0.000000
120 -45 0.000000
120 -40 0.000000
120 -35 0.000000
120 -30 0.000000
120 -25 0.000000
120 -20 0.000000
120 -15 0.000000
120 -10 0.000000
120 -5 0.000000
120 0 0.000000
120 5 0.000000
120 10 0.000000
120 15 0.000000
120 20 0.000000
120 25 0.000000
120 30 0.000000
120 35 0.000000
120 40 0.000000
120 45 0.000000
120 50 0.000000
120 55 0.000000
120 60 0.000000
120 65 0.000000
120 70 0.000000
120 75 0.000000
120 80 0.000000
120 85 0.000000
120 90 0.000000
120 95 0.000000
120 100 0.000000
120 105 0.000000
120 110 0.000000
120 115 0.000000
120 120 0.000000
120 125 0.000000
120 130 0.000000
120 135 0.000000
120 140 0.000000
120 145 0.000000
120 150 0.000000
120 155 0.000000
120 160 0.000000
120 165 0.000000
120 170 0.000000
120 175 0.000000
125 -180 0.000000
125 -175 0.000000
125 -170 0.000000
125 -165 0.000000
125 -160 0.000000
125 -155 0.000000
125 -150 0.000000
125 -145 0.000000
125 -140 0.000000
125 -135 0.000000
125 -130 0.000000
125 -125 0.000000
125 -120 0.000000
125 -115 0.000000
125 -110 0.000000
125 -105 0.000000
125 -100 0.000000
125 -95 0.000000
125 -90 0.000000
125 -85 0.000000
125 -80 0.000000
125 -75 0.000000
125 -70 0.000000
125 -65 0.000000
125 -60 0.000000
125 -55 0.000000
125 -50 0.000000
125 -45 0.000000
125 -40 0.000000
125 -35 0.000000
125 -30 0.000000
125 -25 0.000000
125 -20 0.000000
125 -15 0.000000
125 -10 0.000000
125 -5 0.000000
125 0 0.000000
125 5 0.000000
125 10 0.000000
125 15 0.000000
125 20 0.000000
125 25 0.000000
125 30 0.000000
125 35 0.000000
125 40 0.000000
125 45 0.000000
125 50 0.000000
125 55 0.000000
125 60 0.000000
125 65 0.000000
125 70 0.000000
125 75 0.000000
125 80 0.000000
125 85 0.000000
125 90 0.000000
125 95 0.000000
125 100 0.000000
125 105 0.000000
125 110 0.000000
125 115 0.000000
125 120 0.000000
125 125 0.000000
125 130 0.000000
125 135 0.000000
125 140 0.000000
125 145 0.000000
125 150 0.000000
125 155 0.000000
125 160 0.000000
125 165 0.000000
125 170 0.000000
125 175 0.000000
130 -180 0.000000
130 -175 0.000000
130 -170 0.000000
130 -165 0.000000
130 -160 0.000000
130 -155 0.000000
130 -150 0.000000
130 -145 0.000000
130 -140 0.000000
130 -135 0.000000
130 -130 0.000000
130 -125 0.000000
130 -120 0.000000
130 -115 0.000000
130 -110 0.000000
130 -105 0.000000
130 -100 0.000000
130 -95 0.000000
130 -90 0.000000
130 -85 0.000000
130 -80 0.000000
130 -75 0.000000
130 -70 0.000000
130 -65 0.000000
130 -60 0.000000
130 -55 0.000000
130 -50 0.000000
130 -45 0.000000
130 -40 0.000000
130 -35 0.000000
130 -30 0.000000
130 -25 0.000000
130 -20 0.000000
130 -15 0.000000
130 -10 0.000000
130 -5 0.000000
130 0 0.000000
130 5 0.000000
130 10 0.000000
130 15 0.000000
130 20 0.000000
130 25 0.000000
130 30 0.000000
130 35 0.000000
130 40 0.000000
130 45 0.000000
130 50 0.000000
130 55 0.000000
130 60 0.000000
130 65 0.000000
130 70 0.000000
130 75 0.000000
130 80 0.000000
130 85 0.000000
130 90 0.000000
130 95 0.000000
130 100 0.000000
130 105 0.000000
130 110 0.000000
130 115 0.000000
130 120 0.000000
130 125 0.000000
130 130 0.000000
130 135 0.000000
130 140 0.000000
130 145 0.000000
130 150 0.000000
130 155 0.000000
130 160 0.000000
130 165 0.000000
130 170 0.000000
130 175 0.000000
135 -180 0.000000
135 -175 0.000000
135 -170 0.000000
135 -165 0.000000
135 -160 0.000000
135 -155 0.000000
135 -150 0.000000
135 -145 0.000000
135 -140 0.000000
135 -135 0.000000
135 -130 0.000000
135 -125 0.000000
135 -120 0.000000
135 -115 0.000000
135 -110 0.000000
135 -105 0.000000
135 -100 0.000000
135 -95 0.000000
135 -90 0.000000
135 -85 0.000000
135 -80 0.000000
135 -75 0.000000
135 -70 0.000000
135 -65 0.000000
135 -60 0.000000
135 -55 0.000000
135 -50 0.000000
135 -45 0.000000
135 -40 0.000000
135 -35 0.000000
135 -30 0.000000
135 -25 0.000000
135 -20 0.000000
135 -15 0.000000
135 -10 0.000000
135 -5 0.000000
135 0 0.000000
135 5 0.000000
135 10 0.000000
135 15 0.000000
135 20 0.000000
135 25 0.000000
135 30 0.000000
135 35 0.000000
135 40 0.000000
135 45 0.000000
135 50 0.000000
135 55 0.000000
135 60 0.000000
135 65 0.000000
135 70 0.000000
135 75 0.000000
135 80 0.000000
135 85 0.000000
135 90 0.000000
135 95 0.000000
135 100 0.000000
135 105 0.000000
135 110 0.000000
135 115 0.000000
135 120 0.000000
135 125 0.000000
135 130 0.000000
135 135 0.000000
135 140 0.000000
135 145 0.000000
135 150 0.000000
135 155 0.000000
135 160 0.000000
135 165 0.000000
135 170 0.000000
135 175 0.000000
140 -180 0.000000
140 -175 0.000000
140 -170 0.000000
140 -165 0.000000
140 -160 0.000000
140 -155 0.000000
140 -150 0.000000
140 -145 0.000000
140 -140 0.000000
140 -135 0.000000
140 -130 0.000000
140 -125 0.000000
140 -120 0.000000
140 -115 0.000000
140 -110 0.000000
140 -105 0.000000
140 -100 0.000000
140 -95 0.000000
140 -90 0.000000
140 -85 0.000000
140 -80 0.000000
140 -75 0.000000
140 -70 0.000000
140 -65 0.000000
140 -60 0.000000
140 -55 0.000000
140 -50 0.000000
140 -45 0.000000
140 -40 0.000000
140 -35 0.000000
140 -30 0.000000
140 -25 0.000000
140 -20 0.000000
140 -15 0.000000
140 -10 0.000000
140 -5 0.000000
140 0 0.000000
140 5 0.000000
140 10 0.000000
140 15 0.000000
140 20 0.000000
140 25 0.000000
140 30 0.000000
140 35 0.000000
140 40 0.000000
140 45 0.000000
140 50 0.000000
140 55 0.000000
140 60 0.000000
140 65 0.000000
140 70 0.000000
140 75 0.000000
140 80 0.000000
140 85 0.000000
140 90 0.000000
140 95 0.000000
140 100 0.000000
140 105 0.000000
140 110 0.000000
140 115 0.000000
140 120 0.000000
140 125 0.000000
140 130 0.000000
140 135 0.000000
140 140 0.000000
140 145 0.000000
140 150 0.000000
140 155 0.000000
140 160 0.000000
140 165 0.000000
140 170 0.000000
140 175 0.000000
145 -180 0.000000
145 -175 0.000000
145 -170 0.000000
145 -165 0.000000
145 -160 0.000000
145 -155 0.000000
145 -150 0.000000
145 -145 0.000000
145 -140 0.000000
145 -135 0.000000
145 -130 0.000000
145 -125 0.000000
145 -120 0.000000
145 -115 0.000000
145 -110 0.000000
145 -105 0.000000
145 -100 0.000000
145 -95 0.000000
145 -90 0.000000
145 -85 0.000000
145 -80 0.000000
145 -75 0.000000
145 -70 0.000000
145 -65 0.000000
145 -60 0.000000
145 -55 0.000000
145 -50 0.000000
145 -45 0.000000
145 -40 0.000000
145 -35 0.000000
145 -30 0.000000
145 -25 0.000000
145 -20 0.000000
145 -15 0.000000
145 -10 0.000000
145 -5 0.000000
145 0 0.000000
145 5 0.000000
145 10 0.000000
145 15 0.000000
145 20 0.000000
145 25 0.000000
145 30 0.000000
145 35 0.000000
145 40 0.000000
145 45 0.000000
145 50 0.000000
145 55 0.000000
145 60 0.000000
145 65 0.000000
145 70 0.000000
145 75 0.000000
145 80 0.000000
145 85 0.000000
145 90 0.000000
145 95 0.000000
145 100 0.000000
145 105 0.000000
145 110 0.000000
145 115 0.000000
145 120 0.000000
145 125 0.000000
145 130 0.000000
145 135 0.000000
145 140 0.000000
145 145 0.000000
145 150 0.000000
145 155 0.000000
145 160 0.000000
145 165 0.000000
145 170 0.000000
145 175 0.000000
150 -180 0.000000
150 -175 0.000000
150 -170 0.000000
150 -165 0.000000
150 -160 0.000000
150 -155 0.000000
150 -150 0.000000
150 -145 0.000000
150 -140 0.000000
150 -135 0.000000
150 -130 0.000000
150 -125 0.000000
150 -120 0.000000
150 -115 0.000000
150 -110 0.000000
150 -105 0.000000
150 -100 0.000000
150 -95 0.000000
150 -90 0.000000
150 -85 0.000000
150 -80 0.000000
150 -75 0.000000
150 -70 0.000000
150 -65 0.000000
150 -60 0.000000
150 -55 0.000000
150 -50 0.000000
150 -45 0.000000
150 -40 0.000000
150 -35 0.000000
150 -30 0.000000
150 -25 0.000000
150 -20 0.000000
150 -15 0.000000
150 -10 0.000000
150 -5 0.000000
150 0 0.000000
150 5 0.000000
150 10 0.000000
150 15 0.000000
150 20 0.000000
150 25 0.000000
150 30 0.000000
150 35 0.000000
150 40 0.000000
150 45 0.000000
150 50 0.000000
150 55 0.000000
150 60 0.000000
150 65 0.000000
150 70 0.000000
150 75 0.000000
150 80 0.000000
150 85 0.000000
150 90 0.000000
150 95 0.000000
150 100 0.000000
150 105 0.000000
150 110 0.000000
150 115 0.000000
150 120 0.000000
150 125 0.000000
150 130 0.000000
150 135 0.000000
150 140 0.000000
150 145 0.000000
150 150 0.000000
150 155 0.000000
150 160 0.000000
150 165 0.000000
150 170 0.000000
150 175 0.000000
155 -180 0.000000
155 -175 0.000000
155 -170 0.000000
155 -165 0.000000
155 -160 0.000000
155 -155 0.000000
155 -150 0.000000
155 -145 0.000000
155 -140 0.000000
155 -135 0.000000
155 -130 0.000000
155 -125 0.000000
155 -120 0.000000
155 -115 0.000000
155 -110 0.000000
155 -105 0.000000
155 -100 0.000000
155 -95 0.000000
155 -90 0.000000
155 -85 0.000000
155 -80 0.000000
155 -75 0.000000
155 -70 0.000000
155 -65 0.000000
155 -60 0.000000
155 -55 0.000000
155 -50 0.000000
155 -45 0.000000
155 -40 0.000000
155 -35 0.000000
155 -30 0.000000
155 -25 0.000000
155 -20 0.000000
155 -15 0.000000
155 -10 0.000000
155 -5 0.000000
155 0 0.000000
155 5 0.000000
155 10 0.000000
155 15 0.000000
155 20 0.000000
155 25 0.000000
155 30 0.000000
155 35 0.000000
155 40 0.000000
155 45 0.000000
155 50 0.000000
155 55 0.000000
155 60 0.000000
155 65 0.000000
155 70 0.000000
155 75 0.000000
155 80 0.000000
155 85 0.000000
155 90 0.000000
155 95 0.000000
155 100 0.000000
155 105 0.000000
155 110 0.000000
155 115 0.000000
155 120 0.000000
155 125 0.000000
155 130 0.000000
155 135 0.000000
155 140 0.000000
155 145 0.000000
155 150 0.000000
155 155 0.000000
155 160 0.000000
155 165 0.000000
155 170 0.000000
155 175 0.000000
160 -180 0.000000
160 -175 0.000000
160 -170 0.000000
160 -165 0.000000
160 -160 0.000000
160 -155 0.000000
160 -150 0.000000
160 -145 0.000000
160 -140 0.000000
160 -135 0.000000
160 -130 0.000000
160 -125 0.000000
160 -120 0.000000
160 -115 0.000000
160 -110 0.000000
160 -105 0.000000
160 -100 0.000000
160 -95 0.000000
160 -90 0.000000
160 -85 0.000000
160 -80 0.000000
160 -75 0.000000
160 -70 0.000000
160 -65 0.000000
160 -60 0.000000
160 -55 0.000000
160 -50 0.000000
160 -45 0.000000
160 -40 0.000000
160 -35 0.000000
160 -30 0.000000
160 -25 0.000000
160 -20 0.000000
160 -15 0.000000
160 -10 0.000000
160 -5 0.000000
160 0 0.000000
160 5 0.000000
160 10 0.000000
160 15 0.000000
160 20 0.000000
160 25 0.000000
160 30 0.000000
160 35 0.000000
160 40 0.000000
160 45 0.000000
160 50 0.000000
160 55 0.000000
160 60 0.000000
160 65 0.000000
160 70 0.000000
160 75 0.000000
160 80 0.000000
160 85 0.000000
160 90 0.000000
160 95 0.000000
160 100 0.000000
160 105 0.000000
160 110 0.000000
160 115 0.000000
160 120 0.000000
160 125 0.000000
160 130 0.000000
160 135 0.000000
160 140 0.000000
160 145 0.000000
160 150 0.000000
160 155 0.000000
160 160 0.000000
160 165 0.000000
160 170 0.000000
160 175 0.000000
165 -180 0.000000
165 -175 0.000000
165 -170 0.000000
165 -165 0.000000
165 -160 0.000000
165 -155 0.000000
165 -150 0.000000
165 -145 0.000000
165 -140 0.000000
165 -135 0.000000
165 -130 0.000000
165 -125 0.000000
165 -120 0.000000
165 -115 0.000000
165 -110 0.000000
165 -105 0.000000
165 -100 0.000000
165 -95 0.000000
165 -90 0.000000
165 -85 0.000000
165 -80 0.000000
165 -75 0.000000
165 -70 0.000000
165 -65 0.000000
165 -60 0.000000
165 -55 0.000000
165 -50 0.000000
165 -45 0.000000
165 -40 0.000000
165 -35 0.000000
165 -30 0.000000
165 -25 0.000000
165 -20 0.000000
165 -15 0.000000
165 -10 0.000000
165 -5 0.000000
165 0 0.000000
165 5 0.000000
165 10 0.000000
165 15 0.000000
165 20 0.000000
165 25 0.000000
165 30 0.000000
165 35 0.000000
165 40 0.000000
165 45 0.000000
165 50 0.000000
165 55 0.000000
165 60 0.000000
165 65 0.000000
165 70 0.000000
165 75 0.000000
165 80 0.000000
165 85 0.000000
165 90 0.000000
165 95 0.000000
165 100 0.000000
165 105 0.000000
165 110 0.000000
165 115 0.000000
165 120 0.000000
165 125 0.000000
165 130 0.000000
165 135 0.000000
165 140 0.000000
165 145 0.000000
165 150 0.000000
165 155 0.000000
165 160 0.000000
165 165 0.000000
165 170 0.000000
165 175 0.000000
170 -180 0.000000
170 -175 0.000000
170 -170 0.000000
170 -165 0.000000
170 -160 0.000000
170 -155 0.000000
170 -150 0.000000
170 -145 0.000000
170 -140 0.000000
170 -135 0.000000
170 -130 0.000000
170 -125 0.000000
170 -120 0.000000
170 -115 0.000000
170 -110 0.000000
170 -105 0.000000
170 -100 0.000000
170 -95 0.000000
170 -90 0.000000
170 -85 0.000000
170 -80 0.000000
170 -75 0.000000
170 -70 0.000000
170 -65 0.000000
170 -60 0.000000
170 -55 0.000000
170 -50 0.000000
170 -45 0.000000
170 -40 0.000000
170 -35 0.000000
170 -30 0.000000
170 -25 0.000000
170 -20 0.000000
170 -15 0.000000
170 -10 0.000000
170 -5 0.000000
170 0 0.000000
170 5 0.000000
170 10 0.000000
170 15 0.000000
170 20 0.000000
170 25 0.000000
170 30 0.000000
170 35 0.000000
170 40 0.000000
170 45 0.000000
170 50 0.000000
170 55 0.000000
170 60 0.000000
170 65 0.000000
170 70 0.000000
170 75 0.000000
170 80 0.000000
170 85 0.000000
170 90 0.000000
170 95 0.000000
170 100 0.000000
170 105 0.000000
170 110 0.000000
170 115 0.000000
170 120 0.000000
170 125 0.000000
170 130 0.000000
170 135 0.000000
170 140 0.000000
170 145 0.000000
170 150 0.000000
170 155 0.000000
170 160 0.000000
170 165 0.000000
170 170 0.000000
170 175 0.000000
175 -180 0.000000
175 -175 0.000000
175 -170 0.000000
175 -165 0.000000
175 -160 0.000000
175 -155 0.000000
175 -150 0.000000
175 -145 0.000000
175 -140 0.000000
175 -135 0.000000
175 -130 0.000000
175 -125 0.000000
175 -120 0.000000
175 -115 0.000000
175 -110 0.000000
175 -105 0.000000
175 -100 0.000000
175 -95 0.000000
175 -90 0.000000
175 -85 0.000000
175 -80 0.000000
175 -75 0.000000
175 -70 0.000000
175 -65 0.000000
175 -60 0.000000
175 -55 0.000000
175 -50 0.000000
175 -45 0.000000
175 -40 0.000000
175 -35 0.000000
175 -30 0.000000
175 -25 0.000000
175 -20 0.000000
175 -15 0.000000
175 -10 0.000000
175 -5 0.000000
175 0 0.000000
175 5 0.000000
175 10 0.000000
175 15 0.000000
175 20 0.000000
175 25 0.000000
175 30 0.000000
175 35 0.000000
175 40 0.000000
175 45 0.000000
175 50 0.000000
175 55 0.000000
175 60 0.000000
175 65 0.000000
175 70 0.000000
175 75 0.000000
175 80 0.000000
175 85 0.000000
175 90 0.000000
175 95 0.000000
175 100 0.000000
175 105 0.000000
175 110 0.000000
175 115 0.000000
175 120 0.000000
175 125 0.000000
175 130 0.000000
175 135 0.000000
175 140 0.000000
175 145 0.000000
175 150 0.000000
175 155 0.000000
175 160 0.000000
175 165 0.000000
175 170 0.000000
175 175 0.000000
