-180 -180 0.832417
-180 -175 0.565433
-180 -170 0.350770
-180 -165 0.199682
-180 -160 0.111895
-180 -155 0.062230
-180 -150 0.032694
-180 -145 0.016658
-180 -140 0.007270
-180 -135 0.002643
-180 -130 0.000743
-180 -125 0.000116
-180 -120 0.000000
-180 -115 0.000000
-180 -110 0.000000
-180 -105 0.000000
-180 -100 0.000000
-180 -95 0.000000
-180 -90 0.000000
-180 -85 0.000000
-180 -80 0.000205
-180 -75 0.000501
-180 -70 0.000940
-180 -65 0.001376
-180 -60 0.001572
-180 -55 0.001401
-180 -50 0.000975
-180 -45 0.000531
-180 -40 0.000226
-180 -35 0.000009
-180 -30 0.000000
-180 -25 0.000000
-180 -20 0.000812
-180 -15 0.002951
-180 -10 0.006376
-180 -5 0.010584
-180 0 0.014025
-180 5 0.014866
-180 10 0.012628
-180 15 0.008604
-180 20 0.005124
-180 25 0.004141
-180 30 0.006000
-180 35 0.011552
-180 40 0.018213
-180 45 0.023678
-180 50 0.025833
-180 55 0.023870
-180 60 0.018830
-180 65 0.013237
-180 70 0.011081
-180 75 0.012474
-180 80 0.016333
-180 85 0.021106
-180 90 0.023407
-180 95 0.023865
-180 100 0.025296
-180 105 0.028908
-180 110 0.038479
-180 115 0.052922
-180 120 0.081385
-180 125 0.129554
-180 130 0.201645
-180 135 0.298415
-180 140 0.428347
-180 145 0.587093
-180 150 0.786833
-180 155 1.004610
-180 160 1.198770
-180 165 1.301863
-180 170 1.262992
-180 175 1.088167
-175 -180 1.411610
-175 -175 0.965838
-175 -170 0.609285
-175 -165 0.360247
-175 -160 0.208701
-175 -155 0.120950
-175 -150 0.066703
-175 -145 0.035404
-175 -140 0.016013
-175 -135 0.006237
-175 -130 0.002457
-175 -125 0.001208
-175 -120 0.001642
-175 -115 0.002380
-175 -110 0.002911
-175 -105 0.003097
-175 -100 0.002871
-175 -95 0.002286
-175 -90 0.001485
-175 -85 0.000785
-175 -80 0.001379
-175 -75 0.002550
-175 -70 0.004673
-175 -65 0.006842
-175 -60 0.007814
-175 -55 0.006965
-175 -50 0.004848
-175 -45 0.002637
-175 -40 0.001122
-175 -35 0.000042
-175 -30 0.000000
-175 -25 0.000501
-175 -20 0.003062
-175 -15 0.009009
-175 -10 0.017825
-175 -5 0.027827
-175 0 0.035160
-175 5 0.035952
-175 10 0.029727
-175 15 0.019851
-175 20 0.011460
-175 25 0.009313
-175 30 0.013512
-175 35 0.025531
-175 40 0.039599
-175 45 0.050539
-175 50 0.054261
-175 55 0.049768
-175 60 0.040150
-175 65 0.030243
-175 70 0.026664
-175 75 0.029796
-175 80 0.036358
-175 85 0.044384
-175 90 0.048673
-175 95 0.052113
-175 100 0.059086
-175 105 0.071700
-175 110 0.096152
-175 115 0.130181
-175 120 0.184288
-175 125 0.266730
-175 130 0.382682
-175 135 0.536470
-175 140 0.748460
-175 145 1.022367
-175 150 1.371405
-175 155 1.754095
-175 160 2.081867
-175 165 2.240340
-175 170 2.153485
-175 175 1.845317
-170 -180 2.049432
-170 -175 1.410355
-170 -170 0.900035
-170 -165 0.543637
-170 -160 0.320065
-170 -155 0.189591
-170 -150 0.107133
-170 -145 0.058102
-170 -140 0.027093
-170 -135 0.011313
-170 -130 0.005805
-170 -125 0.004484
-170 -120 0.007093
-170 -115 0.010236
-170 -110 0.012454
-170 -105 0.013168
-170 -100 0.012138
-170 -95 0.009619
-170 -90 0.006223
-170 -85 0.003280
-170 -80 0.003687
-170 -75 0.005587
-170 -70 0.010014
-170 -65 0.014660
-170 -60 0.016743
-170 -55 0.014925
-170 -50 0.010389
-170 -45 0.005651
-170 -40 0.002404
-170 -35 0.000091
-170 -30 0.000000
-170 -25 0.001327
-170 -20 0.006521
-170 -15 0.018575
-170 -10 0.035880
-170 -5 0.055119
-170 0 0.068753
-170 5 0.069574
-170 10 0.057019
-170 15 0.038033
-170 20 0.022474
-170 25 0.019351
-170 30 0.027975
-170 35 0.050442
-170 40 0.075317
-170 45 0.093393
-170 50 0.098564
-170 55 0.090118
-170 60 0.074404
-170 65 0.059094
-170 70 0.053051
-170 75 0.057154
-170 80 0.064800
-170 85 0.075362
-170 90 0.082453
-170 95 0.093469
-170 100 0.114911
-170 105 0.147577
-170 110 0.198311
-170 115 0.263105
-170 120 0.350785
-170 125 0.475077
-170 130 0.644645
-170 135 0.870097
-170 140 1.181685
-170 145 1.589527
-170 150 2.101520
-170 155 2.652575
-170 160 3.102425
-170 165 3.297300
-170 170 3.140850
-170 175 2.678875
-165 -180 2.593650
-165 -175 1.803112
-165 -170 1.165323
-165 -165 0.713807
-165 -160 0.422488
-165 -155 0.251385
-165 -150 0.143421
-165 -145 0.078597
-165 -140 0.037435
-165 -135 0.016419
-165 -130 0.009924
-165 -125 0.009081
-165 -120 0.014924
-165 -115 0.021524
-165 -110 0.026169
-165 -105 0.027646
-165 -100 0.025464
-165 -95 0.020861
-165 -90 0.015309
-165 -85 0.011431
-165 -80 0.014095
-165 -75 0.019262
-165 -70 0.027443
-165 -65 0.034645
-165 -60 0.036729
-165 -55 0.031930
-165 -50 0.022166
-165 -45 0.012491
-165 -40 0.006006
-165 -35 0.001651
-165 -30 0.001298
-165 -25 0.004008
-165 -20 0.012681
-165 -15 0.032693
-165 -10 0.061356
-165 -5 0.093046
-165 0 0.115285
-165 5 0.117044
-165 10 0.097004
-165 15 0.067565
-165 20 0.043990
-165 25 0.039975
-165 30 0.052983
-165 35 0.085270
-165 40 0.119635
-165 45 0.143446
-165 50 0.149690
-165 55 0.138486
-165 60 0.118358
-165 65 0.099205
-165 70 0.090516
-165 75 0.094483
-165 80 0.100653
-165 85 0.111267
-165 90 0.119988
-165 95 0.139879
-165 100 0.180848
-165 105 0.242265
-165 110 0.329525
-165 115 0.437605
-165 120 0.567845
-165 125 0.741038
-165 130 0.968495
-165 135 1.270423
-165 140 1.679447
-165 145 2.203970
-165 150 2.837750
-165 155 3.494900
-165 160 4.000100
-165 165 4.188325
-165 170 3.958250
-165 175 3.373600
-160 -180 2.900850
-160 -175 2.041180
-160 -170 1.333030
-160 -165 0.821098
-160 -160 0.484082
-160 -155 0.286245
-160 -150 0.163531
-160 -145 0.090152
-160 -140 0.043959
-160 -135 0.020743
-160 -130 0.015117
-160 -125 0.016062
-160 -120 0.025916
-160 -115 0.036471
-160 -110 0.043825
-160 -105 0.046005
-160 -100 0.042296
-160 -95 0.035923
-160 -90 0.029710
-160 -85 0.027605
-160 -80 0.035904
-160 -75 0.046865
-160 -70 0.058646
-160 -65 0.065697
-160 -60 0.064176
-160 -55 0.053440
-160 -50 0.036270
-160 -45 0.021071
-160 -40 0.011829
-160 -35 0.006500
-160 -30 0.007283
-160 -25 0.013113
-160 -20 0.026459
-160 -15 0.055445
-160 -10 0.096588
-160 -5 0.141340
-160 0 0.172631
-160 5 0.176316
-160 10 0.150246
-160 15 0.112388
-160 20 0.082955
-160 25 0.079037
-160 30 0.095008
-160 35 0.132683
-160 40 0.170617
-160 45 0.194408
-160 50 0.199378
-160 55 0.187047
-160 60 0.166438
-160 65 0.147803
-160 70 0.138482
-160 75 0.141397
-160 80 0.143114
-160 85 0.150002
-160 90 0.158110
-160 95 0.186046
-160 100 0.248556
-160 105 0.342603
-160 110 0.469865
-160 115 0.624610
-160 120 0.796310
-160 125 1.011580
-160 130 1.287408
-160 135 1.657218
-160 140 2.143673
-160 145 2.742450
-160 150 3.423875
-160 155 4.085925
-160 160 4.549625
-160 165 4.678400
-160 170 4.387400
-160 175 3.745125
-155 -180 2.900975
-155 -175 2.059918
-155 -170 1.352228
-155 -165 0.829830
-155 -160 0.483263
-155 -155 0.280615
-155 -150 0.159102
-155 -145 0.088305
-155 -140 0.045186
-155 -135 0.025065
-155 -130 0.022786
-155 -125 0.026429
-155 -120 0.038930
-155 -115 0.051533
-155 -110 0.060067
-155 -105 0.061946
-155 -100 0.056483
-155 -95 0.049763
-155 -90 0.045771
-155 -85 0.049239
-155 -80 0.066189
-155 -75 0.084676
-155 -70 0.098413
-155 -65 0.101535
-155 -60 0.092886
-155 -55 0.074533
-155 -50 0.050048
-155 -45 0.030810
-155 -40 0.020805
-155 -35 0.016755
-155 -30 0.020883
-155 -25 0.032339
-155 -20 0.053511
-155 -15 0.094907
-155 -10 0.151963
-155 -5 0.211912
-155 0 0.252773
-155 5 0.259557
-155 10 0.230665
-155 15 0.189317
-155 20 0.161167
-155 25 0.161585
-155 30 0.179134
-155 35 0.212927
-155 40 0.240725
-155 45 0.252018
-155 50 0.248533
-155 55 0.235349
-155 60 0.218952
-155 65 0.205812
-155 70 0.198356
-155 75 0.198155
-155 80 0.190851
-155 85 0.188022
-155 90 0.191025
-155 95 0.222588
-155 100 0.303943
-155 105 0.429575
-155 110 0.596208
-155 115 0.797630
-155 120 1.008780
-155 125 1.257355
-155 130 1.567773
-155 135 1.984883
-155 140 2.514900
-155 145 3.131925
-155 150 3.782525
-155 155 4.352825
-155 160 4.689800
-155 165 4.712400
-155 170 4.369525
-155 175 3.726000
-150 -180 2.633950
-150 -175 1.872202
-150 -170 1.224368
-150 -165 0.741245
-150 -160 0.424538
-150 -155 0.240525
-150 -150 0.135779
-150 -145 0.077184
-150 -140 0.043570
-150 -135 0.030672
-150 -130 0.033143
-150 -125 0.039560
-150 -120 0.051993
-150 -115 0.063526
-150 -110 0.070795
-150 -105 0.070763
-150 -100 0.063163
-150 -95 0.057648
-150 -90 0.059193
-150 -85 0.072046
-150 -80 0.099984
-150 -75 0.126996
-150 -70 0.140431
-150 -65 0.135710
-150 -60 0.116795
-150 -55 0.090036
-150 -50 0.060529
-150 -45 0.041956
-150 -40 0.036869
-150 -35 0.040308
-150 -30 0.053034
-150 -25 0.073331
-150 -20 0.104653
-150 -15 0.159465
-150 -10 0.233728
-150 -5 0.309200
-150 0 0.359543
-150 5 0.370750
-150 10 0.342690
-150 15 0.302225
-150 20 0.279815
-150 25 0.285803
-150 30 0.303205
-150 35 0.326047
-150 40 0.334795
-150 45 0.326210
-150 50 0.310032
-150 55 0.297655
-150 60 0.291380
-150 65 0.291070
-150 70 0.289697
-150 75 0.283043
-150 80 0.258167
-150 85 0.232870
-150 90 0.218630
-150 95 0.242807
-150 100 0.331382
-150 105 0.477890
-150 110 0.673620
-150 115 0.911290
-150 120 1.153145
-150 125 1.421432
-150 130 1.747180
-150 135 2.180658
-150 140 2.714150
-150 145 3.302100
-150 150 3.874250
-150 155 4.307700
-150 160 4.489175
-150 165 4.392225
-150 170 4.005425
-150 175 3.389925
-145 -180 2.239035
-145 -175 1.581543
-145 -170 1.025085
-145 -165 0.610123
-145 -160 0.344977
-145 -155 0.190786
-145 -150 0.109064
-145 -145 0.066093
-145 -140 0.044587
-145 -135 0.040897
-145 -130 0.048164
-145 -125 0.055778
-145 -120 0.063999
-145 -115 0.069972
-145 -110 0.072605
-145 -105 0.068880
-145 -100 0.059286
-145 -95 0.056195
-145 -90 0.064488
-145 -85 0.086874
-145 -80 0.123919
-145 -75 0.157184
-145 -70 0.168440
-145 -65 0.155447
-145 -60 0.127462
-145 -55 0.095012
-145 -50 0.066097
-145 -45 0.054599
-145 -40 0.061270
-145 -35 0.078888
-145 -30 0.105959
-145 -25 0.139488
-145 -20 0.186846
-145 -15 0.262487
-145 -10 0.362932
-145 -5 0.460960
-145 0 0.526110
-145 5 0.544030
-145 10 0.518395
-145 15 0.477647
-145 20 0.457780
-145 25 0.463048
-145 30 0.471813
-145 35 0.471883
-145 40 0.449905
-145 45 0.411207
-145 50 0.374195
-145 55 0.358895
-145 60 0.364630
-145 65 0.382117
-145 70 0.391458
-145 75 0.378812
-145 80 0.333338
-145 85 0.279408
-145 90 0.242181
-145 95 0.253522
-145 100 0.338690
-145 105 0.491820
-145 110 0.700157
-145 115 0.955173
-145 120 1.212548
-145 125 1.485712
-145 130 1.808307
-145 135 2.223447
-145 140 2.720600
-145 145 3.244375
-145 150 3.721425
-145 155 4.025150
-145 160 4.079550
-145 165 3.890800
-145 170 3.479575
-145 175 2.905725
-140 -180 1.847115
-140 -175 1.295063
-140 -170 0.835255
-140 -165 0.494198
-140 -160 0.283212
-140 -155 0.158664
-140 -150 0.098463
-140 -145 0.069483
-140 -140 0.058235
-140 -135 0.061491
-140 -130 0.070134
-140 -125 0.075463
-140 -120 0.076265
-140 -115 0.074457
-140 -110 0.071782
-140 -105 0.064550
-140 -100 0.053599
-140 -95 0.051799
-140 -90 0.062872
-140 -85 0.088081
-140 -80 0.126141
-140 -75 0.159644
-140 -70 0.168181
-140 -65 0.151844
-140 -60 0.121884
-140 -55 0.089983
-140 -50 0.068386
-140 -45 0.069117
-140 -40 0.092579
-140 -35 0.129800
-140 -30 0.175676
-140 -25 0.225293
-140 -20 0.290857
-140 -15 0.389047
-140 -10 0.517255
-140 -5 0.639217
-140 0 0.722615
-140 5 0.751145
-140 10 0.733455
-140 15 0.696263
-140 20 0.677865
-140 25 0.677017
-140 30 0.668978
-140 35 0.636340
-140 40 0.574503
-140 45 0.498897
-140 50 0.435240
-140 55 0.414260
-140 60 0.434595
-140 65 0.476535
-140 70 0.503045
-140 75 0.487583
-140 80 0.420970
-140 85 0.335250
-140 90 0.270535
-140 95 0.265425
-140 100 0.338220
-140 105 0.485363
-140 110 0.690290
-140 115 0.942053
-140 120 1.197945
-140 125 1.462063
-140 130 1.765270
-140 135 2.134690
-140 140 2.566175
-140 145 3.005950
-140 150 3.389050
-140 155 3.593825
-140 160 3.573250
-140 165 3.340850
-140 170 2.936900
-140 175 2.418778
-135 -180 1.555457
-135 -175 1.084603
-135 -170 0.700095
-135 -165 0.416287
-135 -160 0.246436
-135 -155 0.143983
-135 -150 0.098923
-135 -145 0.080531
-135 -140 0.076563
-135 -135 0.083718
-135 -130 0.090975
-135 -125 0.092112
-135 -120 0.085495
-135 -115 0.077049
-135 -110 0.070929
-135 -105 0.062227
-135 -100 0.051446
-135 -95 0.049235
-135 -90 0.057348
-135 -85 0.076490
-135 -80 0.105828
-135 -75 0.133135
-135 -70 0.140586
-135 -65 0.129630
-135 -60 0.109371
-135 -55 0.088228
-135 -50 0.081840
-135 -45 0.097704
-135 -40 0.138472
-135 -35 0.195632
-135 -30 0.258827
-135 -25 0.323215
-135 -20 0.405842
-135 -15 0.526590
-135 -10 0.683478
-135 -5 0.835167
-135 0 0.949238
-135 5 1.001605
-135 10 1.001465
-135 15 0.969530
-135 20 0.940427
-135 25 0.913347
-135 30 0.866495
-135 35 0.786235
-135 40 0.677897
-135 45 0.566163
-135 50 0.478462
-135 55 0.451170
-135 60 0.482923
-135 65 0.545353
-135 70 0.586302
-135 75 0.570405
-135 80 0.489510
-135 85 0.382493
-135 90 0.299568
-135 95 0.284190
-135 100 0.343452
-135 105 0.476842
-135 110 0.663523
-135 115 0.891443
-135 120 1.126772
-135 125 1.369957
-135 130 1.646565
-135 135 1.963395
-135 140 2.327113
-135 145 2.687750
-135 150 2.993375
-135 155 3.137800
-135 160 3.094475
-135 165 2.869025
-135 170 2.502475
-135 175 2.045177
-130 -180 1.363342
-130 -175 0.948960
-130 -170 0.617173
-130 -165 0.373510
-130 -160 0.231159
-130 -155 0.145119
-130 -150 0.110175
-130 -145 0.099103
-130 -140 0.098635
-130 -135 0.104440
-130 -130 0.105369
-130 -125 0.099376
-130 -120 0.085860
-130 -115 0.073222
-130 -110 0.067270
-130 -105 0.061533
-130 -100 0.055382
-130 -95 0.054882
-130 -90 0.058720
-130 -85 0.067636
-130 -80 0.082884
-130 -75 0.100064
-130 -70 0.107164
-130 -65 0.106811
-130 -60 0.103639
-130 -55 0.099269
-130 -50 0.110219
-130 -45 0.138125
-130 -40 0.191717
-130 -35 0.265930
-130 -30 0.345438
-130 -25 0.426940
-130 -20 0.528433
-130 -15 0.675122
-130 -10 0.866322
-130 -5 1.062272
-130 0 1.231135
-130 5 1.329547
-130 10 1.354528
-130 15 1.317988
-130 20 1.250365
-130 25 1.162653
-130 30 1.043160
-130 35 0.894458
-130 40 0.731945
-130 45 0.585700
-130 50 0.478850
-130 55 0.445563
-130 60 0.481322
-130 65 0.553013
-130 70 0.600185
-130 75 0.587167
-130 80 0.506780
-130 85 0.400520
-130 90 0.319200
-130 95 0.306695
-130 100 0.357605
-130 105 0.473940
-130 110 0.633023
-130 115 0.825425
-130 120 1.032183
-130 125 1.255607
-130 130 1.512628
-130 135 1.790765
-130 140 2.104532
-130 145 2.406357
-130 150 2.654175
-130 155 2.764550
-130 160 2.722825
-130 165 2.523150
-130 170 2.198305
-130 175 1.791987
-125 -180 1.285755
-125 -175 0.898693
-125 -170 0.589895
-125 -165 0.363670
-125 -160 0.232596
-125 -155 0.155047
-125 -150 0.124352
-125 -145 0.116478
-125 -140 0.115490
-125 -135 0.115744
-125 -130 0.107397
-125 -125 0.093390
-125 -120 0.074746
-125 -115 0.060788
-125 -110 0.058119
-125 -105 0.059535
-125 -100 0.062614
-125 -95 0.068008
-125 -90 0.070740
-125 -85 0.071037
-125 -80 0.072536
-125 -75 0.079383
-125 -70 0.087009
-125 -65 0.099273
-125 -60 0.116454
-125 -55 0.131978
-125 -50 0.159604
-125 -45 0.195867
-125 -40 0.258408
-125 -35 0.348203
-125 -30 0.445918
-125 -25 0.551375
-125 -20 0.677785
-125 -15 0.855853
-125 -10 1.086240
-125 -5 1.338185
-125 0 1.579010
-125 5 1.737680
-125 10 1.788382
-125 15 1.732252
-125 20 1.596283
-125 25 1.412103
-125 30 1.185277
-125 35 0.946708
-125 40 0.721090
-125 45 0.540987
-125 50 0.420732
-125 55 0.382490
-125 60 0.414805
-125 65 0.483463
-125 70 0.529940
-125 75 0.526617
-125 80 0.467105
-125 85 0.388250
-125 90 0.330912
-125 95 0.334350
-125 100 0.385350
-125 105 0.489380
-125 110 0.625035
-125 115 0.785963
-125 120 0.963635
-125 125 1.163342
-125 130 1.393698
-125 135 1.635985
-125 140 1.912360
-125 145 2.178978
-125 150 2.396847
-125 155 2.502925
-125 160 2.485385
-125 165 2.326833
-125 170 2.045295
-125 175 1.678722
-120 -180 1.303035
-120 -175 0.907105
-120 -170 0.591448
-120 -165 0.364200
-120 -160 0.232862
-120 -155 0.159218
-120 -150 0.128469
-120 -145 0.120207
-120 -140 0.116595
-120 -135 0.110747
-120 -130 0.095160
-120 -125 0.076363
-120 -120 0.056641
-120 -115 0.045004
-120 -110 0.047732
-120 -105 0.058070
-120 -100 0.072189
-120 -95 0.085937
-120 -90 0.090932
-120 -85 0.087063
-120 -80 0.078919
-120 -75 0.077302
-120 -70 0.084704
-120 -65 0.105851
-120 -60 0.139397
-120 -55 0.172643
-120 -50 0.214441
-120 -45 0.258843
-120 -40 0.333200
-120 -35 0.445150
-120 -30 0.575492
-120 -25 0.726947
-120 -20 0.904258
-120 -15 1.139905
-120 -10 1.433327
-120 -5 1.762575
-120 0 2.083918
-120 5 2.295212
-120 10 2.345522
-120 15 2.229553
-120 20 1.982920
-120 25 1.664470
-120 30 1.302922
-120 35 0.960813
-120 40 0.668330
-120 45 0.456445
-120 50 0.326275
-120 55 0.282718
-120 60 0.304995
-120 65 0.359710
-120 70 0.399497
-120 75 0.407895
-120 80 0.380727
-120 85 0.345390
-120 90 0.328360
-120 95 0.360970
-120 100 0.426990
-120 105 0.531473
-120 110 0.656885
-120 115 0.798975
-120 120 0.954758
-120 125 1.132900
-120 130 1.336497
-120 135 1.550305
-120 140 1.800482
-120 145 2.051757
-120 150 2.266840
-120 155 2.396830
-120 160 2.421308
-120 165 2.309150
-120 170 2.057522
-120 175 1.701067
-115 -180 1.375675
-115 -175 0.946422
-115 -170 0.604598
-115 -165 0.364500
-115 -160 0.224466
-115 -155 0.149469
-115 -150 0.116066
-115 -145 0.105926
-115 -140 0.101025
-115 -135 0.092964
-115 -130 0.075808
-115 -125 0.056535
-115 -120 0.038264
-115 -115 0.029720
-115 -110 0.036251
-115 -105 0.053351
-115 -100 0.076792
-115 -95 0.099442
-115 -90 0.110481
-115 -85 0.108728
-115 -80 0.097336
-115 -75 0.090429
-115 -70 0.095601
-115 -65 0.118604
-115 -60 0.159991
-115 -55 0.204582
-115 -50 0.257115
-115 -45 0.313397
-115 -40 0.409820
-115 -35 0.560250
-115 -30 0.750620
-115 -25 0.986185
-115 -20 1.264147
-115 -15 1.611927
-115 -10 2.019742
-115 -5 2.458678
-115 0 2.854025
-115 5 3.069950
-115 10 3.042075
-115 15 2.782150
-115 20 2.360517
-115 25 1.871077
-115 30 1.368548
-115 35 0.935092
-115 40 0.594555
-115 45 0.366363
-115 50 0.235371
-115 55 0.188868
-115 60 0.198177
-115 65 0.233841
-115 70 0.264607
-115 75 0.283780
-115 80 0.289750
-115 85 0.297387
-115 90 0.319842
-115 95 0.381182
-115 100 0.467610
-115 105 0.581955
-115 110 0.712910
-115 115 0.855897
-115 120 1.006037
-115 125 1.172643
-115 130 1.353422
-115 135 1.542952
-115 140 1.769827
-115 145 2.013397
-115 150 2.240163
-115 155 2.409638
-115 160 2.485487
-115 165 2.417378
-115 170 2.179508
-115 175 1.808275
-110 -180 1.510020
-110 -175 1.018995
-110 -170 0.629883
-110 -165 0.366415
-110 -160 0.211675
-110 -155 0.132048
-110 -150 0.094833
-110 -145 0.081515
-110 -140 0.076008
-110 -135 0.069020
-110 -130 0.055437
-110 -125 0.039510
-110 -120 0.024499
-110 -115 0.018586
-110 -110 0.025857
-110 -105 0.045010
-110 -100 0.072357
-110 -95 0.100127
-110 -90 0.117269
-110 -85 0.121587
-110 -80 0.113396
-110 -75 0.107291
-110 -70 0.112009
-110 -65 0.133229
-110 -60 0.174584
-110 -55 0.222851
-110 -50 0.281797
-110 -45 0.356463
-110 -40 0.491965
-110 -35 0.706185
-110 -30 0.996645
-110 -25 1.368623
-110 -20 1.815850
-110 -15 2.343120
-110 -10 2.918450
-110 -5 3.478450
-110 0 3.899175
-110 5 4.022175
-110 10 3.802400
-110 15 3.301075
-110 20 2.649375
-110 25 1.974085
-110 30 1.355287
-110 35 0.867435
-110 40 0.516250
-110 45 0.297382
-110 50 0.179025
-110 55 0.133666
-110 60 0.129632
-110 65 0.145976
-110 70 0.167559
-110 75 0.193017
-110 80 0.223260
-110 85 0.261945
-110 90 0.312915
-110 95 0.396730
-110 100 0.505518
-110 105 0.637008
-110 110 0.784630
-110 115 0.941377
-110 120 1.096580
-110 125 1.256637
-110 130 1.417473
-110 135 1.587420
-110 140 1.798030
-110 145 2.048310
-110 150 2.309048
-110 155 2.541600
-110 160 2.684500
-110 165 2.660500
-110 170 2.421575
-110 175 2.008545
-105 -180 1.719960
-105 -175 1.131827
-105 -170 0.673347
-105 -165 0.375443
-105 -160 0.201470
-105 -155 0.115086
-105 -150 0.074564
-105 -145 0.059345
-105 -140 0.055286
-105 -135 0.052171
-105 -130 0.044475
-105 -125 0.032276
-105 -120 0.019144
-105 -115 0.012961
-105 -110 0.017065
-105 -105 0.032863
-105 -100 0.057740
-105 -95 0.084412
-105 -90 0.103538
-105 -85 0.112969
-105 -80 0.110483
-105 -75 0.110044
-105 -70 0.118260
-105 -65 0.139104
-105 -60 0.178408
-105 -55 0.226958
-105 -50 0.290615
-105 -45 0.391160
-105 -40 0.582147
-105 -35 0.887715
-105 -30 1.323403
-105 -25 1.897530
-105 -20 2.602575
-105 -15 3.392875
-105 -10 4.190000
-105 -5 4.858025
-105 0 5.208875
-105 5 5.092475
-105 10 4.538175
-105 15 3.701125
-105 20 2.789150
-105 25 1.946915
-105 30 1.264455
-105 35 0.771705
-105 40 0.448498
-105 45 0.262880
-105 50 0.169731
-105 55 0.131583
-105 60 0.117739
-105 65 0.116642
-105 70 0.126903
-105 75 0.149789
-105 80 0.189607
-105 85 0.243914
-105 90 0.311847
-105 95 0.411625
-105 100 0.541990
-105 105 0.694593
-105 110 0.865882
-105 115 1.046570
-105 120 1.220673
-105 125 1.388450
-105 130 1.544645
-105 135 1.711350
-105 140 1.928445
-105 145 2.213433
-105 150 2.541475
-105 155 2.866425
-105 160 3.090100
-105 165 3.098925
-105 170 2.826550
-105 175 2.327097
-100 -180 2.077148
-100 -175 1.324898
-100 -170 0.751050
-100 -165 0.395977
-100 -160 0.195473
-100 -155 0.100582
-100 -150 0.058687
-100 -145 0.044255
-100 -140 0.043456
-100 -135 0.044772
-100 -130 0.042196
-100 -125 0.032682
-100 -120 0.020284
-100 -115 0.012545
-100 -110 0.012242
-100 -105 0.021707
-100 -100 0.039457
-100 -95 0.059291
-100 -90 0.075126
-100 -85 0.085860
-100 -80 0.088698
-100 -75 0.097673
-100 -70 0.115054
-100 -65 0.142260
-100 -60 0.186356
-100 -55 0.241562
-100 -50 0.318442
-100 -45 0.459495
-100 -40 0.728737
-100 -35 1.159485
-100 -30 1.787953
-100 -25 2.624200
-100 -20 3.652500
-100 -15 4.745625
-100 -10 5.754025
-100 -5 6.448000
-100 0 6.587525
-100 5 6.077650
-100 10 5.075250
-100 15 3.858250
-100 20 2.705600
-100 25 1.754343
-100 30 1.081187
-100 35 0.641802
-100 40 0.386943
-100 45 0.261082
-100 50 0.209374
-100 55 0.190098
-100 60 0.175986
-100 65 0.164128
-100 70 0.161674
-100 75 0.170960
-100 80 0.201897
-100 85 0.252005
-100 90 0.321215
-100 95 0.427372
-100 100 0.572833
-100 105 0.744387
-100 110 0.938115
-100 115 1.142465
-100 120 1.340885
-100 125 1.528242
-100 130 1.698855
-100 135 1.889370
-100 140 2.152955
-100 145 2.530800
-100 150 2.995875
-100 155 3.482475
-100 160 3.836200
-100 165 3.883625
-100 170 3.535700
-100 175 2.874450
-95 -180 2.613450
-95 -175 1.608275
-95 -170 0.859513
-95 -165 0.420260
-95 -160 0.186353
-95 -155 0.083387
-95 -150 0.042729
-95 -145 0.031371
-95 -140 0.034220
-95 -135 0.039280
-95 -130 0.040473
-95 -125 0.033102
-95 -120 0.021392
-95 -115 0.012237
-95 -110 0.008104
-95 -105 0.011228
-95 -100 0.021154
-95 -95 0.032842
-95 -90 0.043259
-95 -85 0.052436
-95 -80 0.059000
-95 -75 0.078026
-95 -70 0.107643
-95 -65 0.147526
-95 -60 0.205974
-95 -55 0.279280
-95 -50 0.385912
-95 -45 0.589760
-95 -40 0.969797
-95 -35 1.574200
-95 -30 2.459230
-95 -25 3.627275
-95 -20 5.028075
-95 -15 6.420800
-95 -10 7.559775
-95 -5 8.124475
-95 0 7.873325
-95 5 6.829550
-95 10 5.317500
-95 15 3.737750
-95 20 2.409863
-95 25 1.429880
-95 30 0.831200
-95 35 0.485283
-95 40 0.319368
-95 45 0.263845
-95 50 0.260030
-95 55 0.265945
-95 60 0.257930
-95 65 0.239495
-95 70 0.223266
-95 75 0.214053
-95 80 0.228279
-95 85 0.265987
-95 90 0.330583
-95 95 0.438298
-95 100 0.593317
-95 105 0.781327
-95 110 0.996690
-95 115 1.226670
-95 120 1.459605
-95 125 1.686627
-95 130 1.903850
-95 135 2.161200
-95 140 2.527575
-95 145 3.074725
-95 150 3.763050
-95 155 4.493700
-95 160 5.032650
-95 165 5.119900
-95 170 4.637225
-95 175 3.711700
-90 -180 3.272350
-90 -175 1.937113
-90 -170 0.972400
-90 -165 0.437328
-90 -160 0.174092
-90 -155 0.068323
-90 -150 0.032047
-90 -145 0.024165
-90 -140 0.028826
-90 -135 0.034477
-90 -130 0.036062
-90 -125 0.029759
-90 -120 0.019347
-90 -115 0.010400
-90 -110 0.005025
-90 -105 0.004536
-90 -100 0.008935
-90 -95 0.014401
-90 -90 0.019854
-90 -85 0.025906
-90 -80 0.033602
-90 -75 0.059150
-90 -70 0.099292
-90 -65 0.153945
-90 -60 0.233943
-90 -55 0.338765
-90 -50 0.498555
-90 -45 0.796735
-90 -40 1.343505
-90 -35 2.209630
-90 -30 3.466625
-90 -25 5.074850
-90 -20 6.887900
-90 -15 8.507325
-90 -10 9.575875
-90 -5 9.741150
-90 0 8.869400
-90 5 7.177850
-90 10 5.173550
-90 15 3.330975
-90 20 1.948763
-90 25 1.039560
-90 30 0.565600
-90 35 0.330138
-90 40 0.249531
-90 45 0.255933
-90 50 0.294368
-90 55 0.327590
-90 60 0.333653
-90 65 0.317582
-90 70 0.292440
-90 75 0.265380
-90 80 0.258553
-90 85 0.276685
-90 90 0.328087
-90 95 0.429227
-90 100 0.587345
-90 105 0.792183
-90 110 1.038070
-90 115 1.308190
-90 120 1.597458
-90 125 1.894768
-90 130 2.204290
-90 135 2.594500
-90 140 3.150725
-90 145 3.975650
-90 150 4.992000
-90 155 6.035025
-90 160 6.770600
-90 165 6.840750
-90 170 6.113325
-90 175 4.790275
-85 -180 3.899325
-85 -175 2.228485
-85 -170 1.056360
-85 -165 0.437778
-85 -160 0.156121
-85 -155 0.052843
-85 -150 0.021966
-85 -145 0.015949
-85 -140 0.020271
-85 -135 0.024744
-85 -130 0.025881
-85 -125 0.021358
-85 -120 0.013885
-85 -115 0.007146
-85 -110 0.002613
-85 -105 0.000837
-85 -100 0.001921
-85 -95 0.003392
-85 -90 0.005224
-85 -85 0.008063
-85 -80 0.015245
-85 -75 0.042803
-85 -70 0.089330
-85 -65 0.156669
-85 -60 0.262340
-85 -55 0.417017
-85 -50 0.673438
-85 -45 1.136388
-85 -40 1.960595
-85 -35 3.232525
-85 -30 4.999650
-85 -25 7.121750
-85 -20 9.283900
-85 -15 10.917225
-85 -10 11.589550
-85 -5 11.036000
-85 0 9.358200
-85 5 7.010550
-85 10 4.642625
-85 15 2.714000
-85 20 1.422068
-85 25 0.668717
-85 30 0.336512
-85 35 0.200297
-85 40 0.180665
-85 45 0.225642
-85 50 0.289375
-85 55 0.341685
-85 60 0.362455
-85 65 0.354350
-85 70 0.327653
-85 75 0.290733
-85 80 0.268300
-85 85 0.268665
-85 90 0.305695
-85 95 0.396435
-85 100 0.553403
-85 105 0.774785
-85 110 1.060820
-85 115 1.391560
-85 120 1.769833
-85 125 2.189258
-85 130 2.663975
-85 135 3.274150
-85 140 4.106675
-85 145 5.275675
-85 150 6.639025
-85 155 7.950225
-85 160 8.791100
-85 165 8.734775
-85 170 7.663550
-85 175 5.872975
-80 -180 4.259075
-80 -175 2.360080
-80 -170 1.065415
-80 -165 0.409485
-80 -160 0.130851
-80 -155 0.037566
-80 -150 0.013336
-80 -145 0.008322
-80 -140 0.011256
-80 -135 0.013965
-80 -130 0.014607
-80 -125 0.012054
-80 -120 0.007836
-80 -115 0.004008
-80 -110 0.001397
-80 -105 0.000000
-80 -100 0.000000
-80 -95 0.000000
-80 -90 0.000178
-80 -85 0.001141
-80 -80 0.007497
-80 -75 0.032554
-80 -70 0.080381
-80 -65 0.157727
-80 -60 0.293755
-80 -55 0.523467
-80 -50 0.930203
-80 -45 1.639080
-80 -40 2.850425
-80 -35 4.638850
-80 -30 6.981975
-80 -25 9.579800
-80 -20 11.913200
-80 -15 13.280075
-80 -10 13.249875
-80 -5 11.770625
-80 0 9.260050
-80 5 6.387800
-80 10 3.861325
-80 15 2.029127
-80 20 0.938753
-80 25 0.381032
-80 30 0.174090
-80 35 0.108823
-80 40 0.119974
-80 45 0.175772
-80 50 0.242323
-80 55 0.298438
-80 60 0.326870
-80 65 0.327153
-80 70 0.305322
-80 75 0.269260
-80 80 0.241927
-80 85 0.231908
-80 90 0.257593
-80 95 0.336545
-80 100 0.488633
-80 105 0.721205
-80 110 1.050412
-80 115 1.459442
-80 120 1.960705
-80 125 2.559275
-80 130 3.273975
-80 135 4.173000
-80 140 5.316800
-80 145 6.792125
-80 150 8.386325
-80 155 9.784375
-80 160 10.540625
-80 165 10.228075
-80 170 8.780150
-80 175 6.580625
-75 -180 4.146950
-75 -175 2.233300
-75 -170 0.967915
-75 -165 0.348127
-75 -160 0.100036
-75 -155 0.023522
-75 -150 0.006823
-75 -145 0.003051
-75 -140 0.004780
-75 -135 0.006207
-75 -130 0.006492
-75 -125 0.005358
-75 -120 0.003483
-75 -115 0.001781
-75 -110 0.000621
-75 -105 0.000000
-75 -100 0.000000
-75 -95 0.000000
-75 -90 0.000045
-75 -85 0.000185
-75 -80 0.005000
-75 -75 0.023866
-75 -70 0.068461
-75 -65 0.153758
-75 -60 0.324060
-75 -55 0.652693
-75 -50 1.255888
-75 -45 2.274070
-75 -40 3.933425
-75 -35 6.257175
-75 -30 9.101475
-75 -25 11.982325
-75 -20 14.205125
-75 -15 15.022500
-75 -10 14.105175
-75 -5 11.700725
-75 0 8.535575
-75 5 5.402700
-75 10 2.958925
-75 15 1.378872
-75 20 0.550590
-75 25 0.184041
-75 30 0.070898
-75 35 0.049259
-75 40 0.070010
-75 45 0.117574
-75 50 0.170649
-75 55 0.216205
-75 60 0.242371
-75 65 0.247754
-75 70 0.234738
-75 75 0.209214
-75 80 0.188031
-75 85 0.176687
-75 90 0.193946
-75 95 0.258302
-75 100 0.401310
-75 105 0.638850
-75 110 1.014463
-75 115 1.519365
-75 120 2.173602
-75 125 2.992350
-75 130 3.983350
-75 135 5.174950
-75 140 6.575425
-75 145 8.199450
-75 150 9.783025
-75 155 10.983700
-75 160 11.416100
-75 165 10.740175
-75 170 8.976425
-75 175 6.566175
-70 -180 3.537200
-70 -175 1.851408
-70 -170 0.775110
-70 -165 0.263858
-70 -160 0.069205
-70 -155 0.013415
-70 -150 0.003289
-70 -145 0.000328
-70 -140 0.000549
-70 -135 0.000727
-70 -130 0.000760
-70 -125 0.000627
-70 -120 0.000408
-70 -115 0.000209
-70 -110 0.000073
-70 -105 0.000000
-70 -100 0.000000
-70 -95 0.000000
-70 -90 0.000693
-70 -85 0.001776
-70 -80 0.006946
-70 -75 0.021233
-70 -70 0.062762
-70 -65 0.155390
-70 -60 0.359843
-70 -55 0.794893
-70 -50 1.603782
-70 -45 2.932000
-70 -40 4.990500
-70 -35 7.706500
-70 -30 10.785075
-70 -25 13.592800
-70 -20 15.363525
-70 -15 15.436525
-70 -10 13.681050
-70 -5 10.637125
-70 0 7.216125
-70 5 4.192175
-70 10 2.073875
-70 15 0.851463
-70 20 0.291982
-70 25 0.080292
-70 30 0.025119
-70 35 0.021124
-70 40 0.036253
-70 45 0.065684
-70 50 0.098084
-70 55 0.126692
-70 60 0.144590
-70 65 0.150556
-70 70 0.144877
-70 75 0.130996
-70 80 0.118954
-70 85 0.111287
-70 90 0.123343
-70 95 0.173459
-70 100 0.304065
-70 105 0.540118
-70 110 0.955865
-70 115 1.557163
-70 120 2.367563
-70 125 3.403750
-70 130 4.635925
-70 135 6.026975
-70 140 7.521000
-70 145 9.041600
-70 150 10.320100
-70 155 11.056100
-70 160 11.002475
-70 165 9.970025
-70 170 8.068700
-70 175 5.742350
-65 -180 2.595625
-65 -175 1.317673
-65 -170 0.534567
-65 -165 0.173752
-65 -160 0.042125
-65 -155 0.006686
-65 -150 0.001648
-65 -145 0.000000
-65 -140 0.000000
-65 -135 0.000000
-65 -130 0.000000
-65 -125 0.000000
-65 -120 0.000000
-65 -115 0.000000
-65 -110 0.000000
-65 -105 0.000000
-65 -100 0.000000
-65 -95 0.000000
-65 -90 0.001630
-65 -85 0.004569
-65 -80 0.011333
-65 -75 0.023080
-65 -70 0.062097
-65 -65 0.159867
-65 -60 0.391955
-65 -55 0.915473
-65 -50 1.886818
-65 -45 3.433825
-65 -40 5.697975
-65 -35 8.484200
-65 -30 11.366400
-65 -25 13.666900
-65 -20 14.704950
-65 -15 14.042375
-65 -10 11.781550
-65 -5 8.629650
-65 0 5.478825
-65 5 2.938675
-65 10 1.319185
-65 15 0.478977
-65 20 0.141965
-65 25 0.033374
-65 30 0.007953
-65 35 0.008598
-65 40 0.015911
-65 45 0.029609
-65 50 0.044867
-65 55 0.058731
-65 60 0.068125
-65 65 0.072315
-65 70 0.070861
-65 75 0.065483
-65 80 0.060864
-65 85 0.057403
-65 90 0.065397
-65 95 0.101056
-65 100 0.213311
-65 105 0.436423
-65 110 0.871430
-65 115 1.540965
-65 120 2.465855
-65 125 3.650075
-65 130 5.003125
-65 135 6.413800
-65 140 7.769750
-65 145 8.929775
-65 150 9.680850
-65 155 9.829675
-65 160 9.302725
-65 165 8.066950
-65 170 6.282250
-65 175 4.330650
-60 -180 1.628078
-60 -175 0.800153
-60 -170 0.315325
-60 -165 0.098836
-60 -160 0.022397
-60 -155 0.002753
-60 -150 0.000687
-60 -145 0.000000
-60 -140 0.000000
-60 -135 0.000000
-60 -130 0.000000
-60 -125 0.000000
-60 -120 0.000000
-60 -115 0.000000
-60 -110 0.000000
-60 -105 0.000000
-60 -100 0.000000
-60 -95 0.000000
-60 -90 0.002996
-60 -85 0.008684
-60 -80 0.018801
-60 -75 0.031972
-60 -70 0.069750
-60 -65 0.166944
-60 -60 0.405300
-60 -55 0.957710
-60 -50 1.973332
-60 -45 3.537975
-60 -40 5.696075
-60 -35 8.152200
-60 -30 10.429325
-60 -25 11.933250
-60 -20 12.196100
-60 -15 11.053950
-60 -10 8.780850
-60 -5 6.069750
-60 0 3.618850
-60 5 1.798025
-60 10 0.735300
-60 15 0.236574
-60 20 0.060550
-60 25 0.012110
-60 30 0.001150
-60 35 0.002467
-60 40 0.005175
-60 45 0.009696
-60 50 0.014451
-60 55 0.018563
-60 60 0.021478
-60 65 0.023311
-60 70 0.023736
-60 75 0.023262
-60 80 0.023303
-60 85 0.023091
-60 90 0.028026
-60 95 0.051297
-60 100 0.142056
-60 105 0.341375
-60 110 0.762435
-60 115 1.440133
-60 120 2.387868
-60 125 3.585725
-60 130 4.882200
-60 135 6.110100
-60 140 7.127850
-60 145 7.786525
-60 150 7.972950
-60 155 7.629800
-60 160 6.828500
-60 165 5.636125
-60 170 4.201200
-60 175 2.795950
-55 -180 0.849677
-55 -175 0.401200
-55 -170 0.152782
-55 -165 0.045793
-55 -160 0.009145
-55 -155 0.000368
-55 -150 0.000000
-55 -145 0.000000
-55 -140 0.000000
-55 -135 0.000000
-55 -130 0.000000
-55 -125 0.000000
-55 -120 0.000000
-55 -115 0.000000
-55 -110 0.000000
-55 -105 0.000000
-55 -100 0.000000
-55 -95 0.000000
-55 -90 0.004304
-55 -85 0.012945
-55 -80 0.027274
-55 -75 0.044324
-55 -70 0.080815
-55 -65 0.167749
-55 -60 0.381097
-55 -55 0.878325
-55 -50 1.781710
-55 -45 3.126275
-55 -40 4.874425
-55 -35 6.703025
-55 -30 8.186900
-55 -25 8.905500
-55 -20 8.632175
-55 -15 7.413825
-55 -10 5.572675
-55 -5 3.638650
-55 0 2.044935
-55 5 0.946440
-55 10 0.357300
-55 15 0.104983
-55 20 0.024836
-55 25 0.005132
-55 30 0.000162
-55 35 0.000463
-55 40 0.000925
-55 45 0.001460
-55 50 0.001819
-55 55 0.001792
-55 60 0.001537
-55 65 0.001562
-55 70 0.001922
-55 75 0.002735
-55 80 0.004047
-55 85 0.005053
-55 90 0.007672
-55 95 0.020985
-55 100 0.087966
-55 105 0.254180
-55 110 0.625435
-55 115 1.240333
-55 120 2.102895
-55 125 3.165975
-55 130 4.242675
-55 135 5.151000
-55 140 5.757550
-55 145 5.952750
-55 150 5.723550
-55 155 5.123975
-55 160 4.298950
-55 165 3.345750
-55 170 2.364265
-55 175 1.509355
-50 -180 0.356770
-50 -175 0.158683
-50 -170 0.057364
-50 -165 0.016489
-50 -160 0.003154
-50 -155 0.000071
-50 -150 0.000000
-50 -145 0.000000
-50 -140 0.000000
-50 -135 0.000000
-50 -130 0.000000
-50 -125 0.000000
-50 -120 0.000000
-50 -115 0.000000
-50 -110 0.000000
-50 -105 0.000000
-50 -100 0.000000
-50 -95 0.000000
-50 -90 0.004829
-50 -85 0.015225
-50 -80 0.032297
-50 -75 0.052552
-50 -70 0.086269
-50 -65 0.154796
-50 -60 0.318540
-50 -55 0.695470
-50 -50 1.371225
-50 -45 2.341220
-50 -40 3.530350
-50 -35 4.663500
-50 -30 5.435050
-50 -25 5.609250
-50 -20 5.137000
-50 -15 4.156700
-50 -10 2.936025
-50 -5 1.796575
-50 0 0.946148
-50 5 0.404652
-50 10 0.141254
-50 15 0.038824
-50 20 0.008980
-50 25 0.001995
-50 30 0.000000
-50 35 0.000000
-50 40 0.000000
-50 45 0.000000
-50 50 0.000000
-50 55 0.000000
-50 60 0.000000
-50 65 0.000000
-50 70 0.000000
-50 75 0.000000
-50 80 0.000000
-50 85 0.000000
-50 90 0.000315
-50 95 0.006385
-50 100 0.049684
-50 105 0.175720
-50 110 0.466512
-50 115 0.955583
-50 120 1.639512
-50 125 2.455525
-50 130 3.222225
-50 135 3.785125
-50 140 4.046850
-50 145 3.955350
-50 150 3.557200
-50 155 2.958575
-50 160 2.303562
-50 165 1.668535
-50 170 1.100073
-50 175 0.664928
-45 -180 0.113356
-45 -175 0.046914
-45 -170 0.015691
-45 -165 0.004454
-45 -160 0.000746
-45 -155 0.000000
-45 -150 0.000000
-45 -145 0.000000
-45 -140 0.000000
-45 -135 0.000000
-45 -130 0.000000
-45 -125 0.000000
-45 -120 0.000000
-45 -115 0.000000
-45 -110 0.000000
-45 -105 0.000000
-45 -100 0.000000
-45 -95 0.000000
-45 -90 0.004228
-45 -85 0.014159
-45 -80 0.030804
-45 -75 0.051113
-45 -70 0.080363
-45 -65 0.128599
-45 -60 0.236738
-45 -55 0.475717
-45 -50 0.896585
-45 -45 1.477265
-45 -40 2.144062
-45 -35 2.709750
-45 -30 2.996250
-45 -25 2.906650
-45 -20 2.479275
-45 -15 1.851463
-45 -10 1.197085
-45 -5 0.663900
-45 0 0.316327
-45 5 0.118896
-45 10 0.037056
-45 15 0.009771
-45 20 0.001965
-45 25 0.000371
-45 30 0.000000
-45 35 0.000000
-45 40 0.000000
-45 45 0.000000
-45 50 0.000000
-45 55 0.000000
-45 60 0.000000
-45 65 0.000000
-45 70 0.000000
-45 75 0.000000
-45 80 0.000000
-45 85 0.000000
-45 90 0.000000
-45 95 0.002418
-45 100 0.026224
-45 105 0.110805
-45 110 0.307812
-45 115 0.642290
-45 120 1.107413
-45 125 1.642270
-45 130 2.104030
-45 135 2.385668
-45 140 2.431262
-45 145 2.234835
-45 150 1.859412
-45 155 1.413675
-45 160 0.999720
-45 165 0.657505
-45 170 0.394143
-45 175 0.223190
-40 -180 0.030920
-40 -175 0.012834
-40 -170 0.004276
-40 -165 0.001165
-40 -160 0.000173
-40 -155 0.000000
-40 -150 0.000000
-40 -145 0.000000
-40 -140 0.000000
-40 -135 0.000000
-40 -130 0.000000
-40 -125 0.000000
-40 -120 0.000000
-40 -115 0.000000
-40 -110 0.000000
-40 -105 0.000000
-40 -100 0.000000
-40 -95 0.000000
-40 -90 0.002888
-40 -85 0.010440
-40 -80 0.023397
-40 -75 0.039744
-40 -70 0.063023
-40 -65 0.094682
-40 -60 0.157610
-40 -55 0.283340
-40 -50 0.494028
-40 -45 0.766212
-40 -40 1.051805
-40 -35 1.253595
-40 -30 1.298390
-40 -25 1.164785
-40 -20 0.906147
-40 -15 0.605892
-40 -10 0.344533
-40 -5 0.163761
-40 0 0.067201
-40 5 0.020471
-40 10 0.006666
-40 15 0.002000
-40 20 0.000253
-40 25 0.000000
-40 30 0.000000
-40 35 0.000000
-40 40 0.000000
-40 45 0.000000
-40 50 0.000000
-40 55 0.000000
-40 60 0.000000
-40 65 0.000000
-40 70 0.000000
-40 75 0.000000
-40 80 0.000000
-40 85 0.000000
-40 90 0.000000
-40 95 0.000887
-40 100 0.011972
-40 105 0.061280
-40 110 0.174308
-40 115 0.365937
-40 120 0.629305
-40 125 0.918548
-40 130 1.144393
-40 135 1.249053
-40 140 1.209995
-40 145 1.042020
-40 150 0.795210
-40 155 0.545290
-40 160 0.344037
-40 165 0.201736
-40 170 0.109317
-40 175 0.060713
-35 -180 0.006054
-35 -175 0.002400
-35 -170 0.000585
-35 -165 0.000117
-35 -160 0.000000
-35 -155 0.000000
-35 -150 0.000000
-35 -145 0.000000
-35 -140 0.000000
-35 -135 0.000000
-35 -130 0.000000
-35 -125 0.000000
-35 -120 0.000000
-35 -115 0.000000
-35 -110 0.000000
-35 -105 0.000000
-35 -100 0.000000
-35 -95 0.000000
-35 -90 0.001538
-35 -85 0.006124
-35 -80 0.014189
-35 -75 0.024766
-35 -70 0.040864
-35 -65 0.059408
-35 -60 0.090733
-35 -55 0.142674
-35 -50 0.220905
-35 -45 0.311335
-35 -40 0.394587
-35 -35 0.437855
-35 -30 0.422605
-35 -25 0.350265
-35 -20 0.250230
-35 -15 0.149789
-35 -10 0.074197
-35 -5 0.028620
-35 0 0.009447
-35 5 0.001624
-35 10 0.000785
-35 15 0.000359
-35 20 0.000060
-35 25 0.000000
-35 30 0.000000
-35 35 0.000000
-35 40 0.000000
-35 45 0.000000
-35 50 0.000000
-35 55 0.000000
-35 60 0.000000
-35 65 0.000000
-35 70 0.000000
-35 75 0.000000
-35 80 0.000000
-35 85 0.000000
-35 90 0.000000
-35 95 0.000063
-35 100 0.003680
-35 105 0.027298
-35 110 0.080479
-35 115 0.170134
-35 120 0.292030
-35 125 0.419107
-35 130 0.507337
-35 135 0.533377
-35 140 0.492735
-35 145 0.400070
-35 150 0.280927
-35 155 0.173711
-35 160 0.096610
-35 165 0.048401
-35 170 0.022239
-35 175 0.012226
-30 -180 0.000747
-30 -175 0.000239
-30 -170 0.000000
-30 -165 0.000000
-30 -160 0.000000
-30 -155 0.000000
-30 -150 0.000000
-30 -145 0.000000
-30 -140 0.000000
-30 -135 0.000000
-30 -130 0.000000
-30 -125 0.000000
-30 -120 0.000000
-30 -115 0.000000
-30 -110 0.000000
-30 -105 0.000000
-30 -100 0.000000
-30 -95 0.000000
-30 -90 0.000630
-30 -85 0.002847
-30 -80 0.006849
-30 -75 0.012352
-30 -70 0.022367
-30 -65 0.032996
-30 -60 0.048042
-30 -55 0.065664
-30 -50 0.084618
-30 -45 0.100905
-30 -40 0.112251
-30 -35 0.114590
-30 -30 0.107902
-30 -25 0.091103
-30 -20 0.070118
-30 -15 0.045433
-30 -10 0.024996
-30 -5 0.010882
-30 0 0.003439
-30 5 0.000020
-30 10 0.000000
-30 15 0.000000
-30 20 0.000000
-30 25 0.000000
-30 30 0.000000
-30 35 0.000000
-30 40 0.000000
-30 45 0.000000
-30 50 0.000000
-30 55 0.000000
-30 60 0.000000
-30 65 0.000000
-30 70 0.000000
-30 75 0.000000
-30 80 0.000000
-30 85 0.000000
-30 90 0.000000
-30 95 0.000000
-30 100 0.000483
-30 105 0.009495
-30 110 0.028158
-30 115 0.059315
-30 120 0.100620
-30 125 0.140439
-30 130 0.163273
-30 135 0.163429
-30 140 0.142735
-30 145 0.108750
-30 150 0.069172
-30 155 0.038274
-30 160 0.018299
-30 165 0.007168
-30 170 0.002335
-30 175 0.001487
-25 -180 0.000000
-25 -175 0.000000
-25 -170 0.000000
-25 -165 0.000000
-25 -160 0.000000
-25 -155 0.000000
-25 -150 0.000000
-25 -145 0.000000
-25 -140 0.000000
-25 -135 0.000000
-25 -130 0.000000
-25 -125 0.000000
-25 -120 0.000000
-25 -115 0.000000
-25 -110 0.000000
-25 -105 0.000000
-25 -100 0.000000
-25 -95 0.000000
-25 -90 0.000000
-25 -85 0.000548
-25 -80 0.001679
-25 -75 0.003525
-25 -70 0.008710
-25 -65 0.014764
-25 -60 0.022960
-25 -55 0.030526
-25 -50 0.035046
-25 -45 0.036869
-25 -40 0.037582
-25 -35 0.038748
-25 -30 0.041788
-25 -25 0.042577
-25 -20 0.039670
-25 -15 0.030008
-25 -10 0.018613
-25 -5 0.009158
-25 0 0.002817
-25 5 0.000000
-25 10 0.000000
-25 15 0.000000
-25 20 0.000000
-25 25 0.000000
-25 30 0.000000
-25 35 0.000000
-25 40 0.000000
-25 45 0.000000
-25 50 0.000000
-25 55 0.000000
-25 60 0.000000
-25 65 0.000000
-25 70 0.000000
-25 75 0.000000
-25 80 0.000000
-25 85 0.000000
-25 90 0.000000
-25 95 0.000000
-25 100 0.000000
-25 105 0.002270
-25 110 0.006483
-25 115 0.013386
-25 120 0.022112
-25 125 0.029588
-25 130 0.032744
-25 135 0.030957
-25 140 0.025491
-25 145 0.018390
-25 150 0.010764
-25 155 0.005586
-25 160 0.002340
-25 165 0.000590
-25 170 0.000000
-25 175 0.000000
-20 -180 0.000000
-20 -175 0.000000
-20 -170 0.000000
-20 -165 0.000000
-20 -160 0.000000
-20 -155 0.000000
-20 -150 0.000000
-20 -145 0.000000
-20 -140 0.000000
-20 -135 0.000000
-20 -130 0.000000
-20 -125 0.000000
-20 -120 0.000000
-20 -115 0.000000
-20 -110 0.000000
-20 -105 0.000000
-20 -100 0.000000
-20 -95 0.000000
-20 -90 0.000000
-20 -85 0.000064
-20 -80 0.000197
-20 -75 0.000492
-20 -70 0.002456
-20 -65 0.005051
-20 -60 0.008576
-20 -55 0.011762
-20 -50 0.012842
-20 -45 0.012897
-20 -40 0.014008
-20 -35 0.017310
-20 -30 0.023182
-20 -25 0.027556
-20 -20 0.027833
-20 -15 0.022231
-20 -10 0.014031
-20 -5 0.006990
-20 0 0.002150
-20 5 0.000000
-20 10 0.000000
-20 15 0.000000
-20 20 0.000000
-20 25 0.000000
-20 30 0.000000
-20 35 0.000000
-20 40 0.000000
-20 45 0.000000
-20 50 0.000000
-20 55 0.000000
-20 60 0.000000
-20 65 0.000000
-20 70 0.000000
-20 75 0.000000
-20 80 0.000000
-20 85 0.000000
-20 90 0.000000
-20 95 0.000000
-20 100 0.000000
-20 105 0.000054
-20 110 0.000137
-20 115 0.000282
-20 120 0.000476
-20 125 0.000638
-20 130 0.000723
-20 135 0.000705
-20 140 0.000593
-20 145 0.000424
-20 150 0.000235
-20 155 0.000116
-20 160 0.000039
-20 165 0.000000
-20 170 0.000000
-20 175 0.000000
-15 -180 0.000000
-15 -175 0.000000
-15 -170 0.000000
-15 -165 0.000000
-15 -160 0.000000
-15 -155 0.000000
-15 -150 0.000000
-15 -145 0.000000
-15 -140 0.000000
-15 -135 0.000000
-15 -130 0.000000
-15 -125 0.000000
-15 -120 0.000000
-15 -115 0.000000
-15 -110 0.000000
-15 -105 0.000000
-15 -100 0.000000
-15 -95 0.000000
-15 -90 0.000000
-15 -85 0.000000
-15 -80 0.000000
-15 -75 0.000040
-15 -70 0.000728
-15 -65 0.001696
-15 -60 0.003093
-15 -55 0.004416
-15 -50 0.004929
-15 -45 0.005404
-15 -40 0.006878
-15 -35 0.009625
-15 -30 0.013660
-15 -25 0.016635
-15 -20 0.016802
-15 -15 0.013420
-15 -10 0.008470
-15 -5 0.004220
-15 0 0.001298
-15 5 0.000000
-15 10 0.000000
-15 15 0.000000
-15 20 0.000000
-15 25 0.000000
-15 30 0.000000
-15 35 0.000000
-15 40 0.000000
-15 45 0.000000
-15 50 0.000000
-15 55 0.000000
-15 60 0.000000
-15 65 0.000000
-15 70 0.000000
-15 75 0.000000
-15 80 0.000000
-15 85 0.000000
-15 90 0.000000
-15 95 0.000000
-15 100 0.000000
-15 105 0.000000
-15 110 0.000000
-15 115 0.000000
-15 120 0.000000
-15 125 0.000000
-15 130 0.000000
-15 135 0.000000
-15 140 0.000000
-15 145 0.000000
-15 150 0.000000
-15 155 0.000000
-15 160 0.000000
-15 165 0.000000
-15 170 0.000000
-15 175 0.000000
-10 -180 0.000000
-10 -175 0.000000
-10 -170 0.000000
-10 -165 0.000000
-10 -160 0.000000
-10 -155 0.000000
-10 -150 0.000000
-10 -145 0.000000
-10 -140 0.000000
-10 -135 0.000000
-10 -130 0.000000
-10 -125 0.000000
-10 -120 0.000000
-10 -115 0.000000
-10 -110 0.000000
-10 -105 0.000000
-10 -100 0.000000
-10 -95 0.000000
-10 -90 0.000000
-10 -85 0.000000
-10 -80 0.000000
-10 -75 0.000000
-10 -70 0.000000
-10 -65 0.000000
-10 -60 0.000000
-10 -55 0.000000
-10 -50 0.000000
-10 -45 0.000528
-10 -40 0.001887
-10 -35 0.003854
-10 -30 0.006221
-10 -25 0.007944
-10 -20 0.008024
-10 -15 0.006409
-10 -10 0.004045
-10 -5 0.002015
-10 0 0.000620
-10 5 0.000000
-10 10 0.000000
-10 15 0.000000
-10 20 0.000000
-10 25 0.000000
-10 30 0.000000
-10 35 0.000000
-10 40 0.000000
-10 45 0.000000
-10 50 0.000000
-10 55 0.000000
-10 60 0.000000
-10 65 0.000000
-10 70 0.000000
-10 75 0.000000
-10 80 0.000000
-10 85 0.000000
-10 90 0.000000
-10 95 0.000000
-10 100 0.000000
-10 105 0.000000
-10 110 0.000000
-10 115 0.000000
-10 120 0.000000
-10 125 0.000000
-10 130 0.000000
-10 135 0.000000
-10 140 0.000000
-10 145 0.000000
-10 150 0.000000
-10 155 0.000000
-10 160 0.000000
-10 165 0.000000
-10 170 0.000000
-10 175 0.000000
-5 -180 0.000000
-5 -175 0.000000
-5 -170 0.000000
-5 -165 0.000000
-5 -160 0.000000
-5 -155 0.000000
-5 -150 0.000000
-5 -145 0.000000
-5 -140 0.000000
-5 -135 0.000000
-5 -130 0.000000
-5 -125 0.000000
-5 -120 0.000000
-5 -115 0.000000
-5 -110 0.000000
-5 -105 0.000000
-5 -100 0.000000
-5 -95 0.000000
-5 -90 0.000000
-5 -85 0.000000
-5 -80 0.000000
-5 -75 0.000000
-5 -70 0.000000
-5 -65 0.000000
-5 -60 0.000000
-5 -55 0.000000
-5 -50 0.000000
-5 -45 0.000126
-5 -40 0.000452
-5 -35 0.000923
-5 -30 0.001490
-5 -25 0.001902
-5 -20 0.001921
-5 -15 0.001534
-5 -10 0.000968
-5 -5 0.000482
-5 0 0.000148
-5 5 0.000000
-5 10 0.000000
-5 15 0.000000
-5 20 0.000000
-5 25 0.000000
-5 30 0.000000
-5 35 0.000000
-5 40 0.000000
-5 45 0.000000
-5 50 0.000000
-5 55 0.000000
-5 60 0.000000
-5 65 0.000000
-5 70 0.000000
-5 75 0.000000
-5 80 0.000000
-5 85 0.000000
-5 90 0.000000
-5 95 0.000000
-5 100 0.000000
-5 105 0.000000
-5 110 0.000000
-5 115 0.000000
-5 120 0.000000
-5 125 0.000000
-5 130 0.000000
-5 135 0.000000
-5 140 0.000000
-5 145 0.000000
-5 150 0.000000
-5 155 0.000000
-5 160 0.000000
-5 165 0.000000
-5 170 0.000000
-5 175 0.000000
0 -180 0.000000
0 -175 0.000000
0 -170 0.000000
0 -165 0.000000
0 -160 0.000000
0 -155 0.000000
0 -150 0.000000
0 -145 0.000000
0 -140 0.000000
0 -135 0.000000
0 -130 0.000000
0 -125 0.000000
0 -120 0.000000
0 -115 0.000000
0 -110 0.000000
0 -105 0.000000
0 -100 0.000000
0 -95 0.000000
0 -90 0.000000
0 -85 0.000000
0 -80 0.000000
0 -75 0.000000
0 -70 0.000000
0 -65 0.000000
0 -60 0.000000
0 -55 0.000000
0 -50 0.000000
0 -45 0.000000
0 -40 0.000000
0 -35 0.000000
0 -30 0.000000
0 -25 0.000000
0 -20 0.000000
0 -15 0.000000
0 -10 0.000000
0 -5 0.000000
0 0 0.000000
0 5 0.000000
0 10 0.000000
0 15 0.000000
0 20 0.000000
0 25 0.000000
0 30 0.000000
0 35 0.000000
0 40 0.000000
0 45 0.000000
0 50 0.000000
0 55 0.000000
0 60 0.000000
0 65 0.000000
0 70 0.000000
0 75 0.000000
0 80 0.000000
0 85 0.000000
0 90 0.000000
0 95 0.000000
0 100 0.000000
0 105 0.000000
0 110 0.000000
0 115 0.000000
0 120 0.000000
0 125 0.000000
0 130 0.000000
0 135 0.000000
0 140 0.000000
0 145 0.000000
0 150 0.000000
0 155 0.000000
0 160 0.000000
0 165 0.000000
0 170 0.000000
0 175 0.000000
5 -180 0.000000
5 -175 0.000000
5 -170 0.000000
5 -165 0.000000
5 -160 0.000000
5 -155 0.000000
5 -150 0.000000
5 -145 0.000000
5 -140 0.000000
5 -135 0.000000
5 -130 0.000000
5 -125 0.000000
5 -120 0.000000
5 -115 0.000000
5 -110 0.000000
5 -105 0.000000
5 -100 0.000000
5 -95 0.000000
5 -90 0.000000
5 -85 0.000000
5 -80 0.000000
5 -75 0.000000
5 -70 0.000000
5 -65 0.000000
5 -60 0.000000
5 -55 0.000000
5 -50 0.000000
5 -45 0.000000
5 -40 0.000000
5 -35 0.000000
5 -30 0.000000
5 -25 0.000000
5 -20 0.000000
5 -15 0.000000
5 -10 0.000000
5 -5 0.000000
5 0 0.000000
5 5 0.000000
5 10 0.000000
5 15 0.000000
5 20 0.000000
5 25 0.000000
5 30 0.000000
5 35 0.000000
5 40 0.000000
5 45 0.000000
5 50 0.000000
5 55 0.000000
5 60 0.000000
5 65 0.000000
5 70 0.000000
5 75 0.000000
5 80 0.000000
5 85 0.000000
5 90 0.000000
5 95 0.000000
5 100 0.000000
5 105 0.000000
5 110 0.000000
5 115 0.000000
5 120 0.000000
5 125 0.000000
5 130 0.000000
5 135 0.000000
5 140 0.000000
5 145 0.000000
5 150 0.000000
5 155 0.000000
5 160 0.000000
5 165 0.000000
5 170 0.000000
5 175 0.000000
10 -180 0.000000
10 -175 0.000000
10 -170 0.000000
10 -165 0.000000
10 -160 0.000000
10 -155 0.000000
10 -150 0.000000
10 -145 0.000000
10 -140 0.000000
10 -135 0.000000
10 -130 0.000000
10 -125 0.000000
10 -120 0.000000
10 -115 0.000000
10 -110 0.000000
10 -105 0.000000
10 -100 0.000000
10 -95 0.000000
10 -90 0.000000
10 -85 0.000000
10 -80 0.000000
10 -75 0.000000
10 -70 0.000000
10 -65 0.000000
10 -60 0.000000
10 -55 0.000000
10 -50 0.000000
10 -45 0.000000
10 -40 0.000000
10 -35 0.000000
10 -30 0.000000
10 -25 0.000000
10 -20 0.000000
10 -15 0.000000
10 -10 0.000000
10 -5 0.000000
10 0 0.000000
10 5 0.000000
10 10 0.000000
10 15 0.000000
10 20 0.000000
10 25 0.000000
10 30 0.000000
10 35 0.000000
10 40 0.000000
10 45 0.000000
10 50 0.000000
10 55 0.000000
10 60 0.000000
10 65 0.000000
10 70 0.000000
10 75 0.000000
10 80 0.000000
10 85 0.000000
10 90 0.000000
10 95 0.000000
10 100 0.000000
10 105 0.000000
10 110 0.000000
10 115 0.000000
10 120 0.000000
10 125 0.000000
10 130 0.000000
10 135 0.000000
10 140 0.000000
10 145 0.000000
10 150 0.000000
10 155 0.000000
10 160 0.000000
10 165 0.000000
10 170 0.000000
10 175 0.000000
15 -180 0.000000
15 -175 0.000000
15 -170 0.000000
15 -165 0.000000
15 -160 0.000000
15 -155 0.000000
15 -150 0.000000
15 -145 0.000000
15 -140 0.000000
15 -135 0.000000
15 -130 0.000000
15 -125 0.000000
15 -120 0.000000
15 -115 0.000000
15 -110 0.000000
15 -105 0.000000
15 -100 0.000000
15 -95 0.000000
15 -90 0.000000
15 -85 0.000000
15 -80 0.000000
15 -75 0.000000
15 -70 0.000000
15 -65 0.000000
15 -60 0.000000
15 -55 0.000000
15 -50 0.000000
15 -45 0.000000
15 -40 0.000000
15 -35 0.000000
15 -30 0.000000
15 -25 0.000000
15 -20 0.000000
15 -15 0.000000
15 -10 0.000000
15 -5 0.000000
15 0 0.000000
15 5 0.000000
15 10 0.000000
15 15 0.000000
15 20 0.000000
15 25 0.000000
15 30 0.000000
15 35 0.000000
15 40 0.000013
15 45 0.000339
15 50 0.000796
15 55 0.001463
15 60 0.002102
15 65 0.002358
15 70 0.002065
15 75 0.001410
15 80 0.000751
15 85 0.000308
15 90 0.000000
15 95 0.000000
15 100 0.000000
15 105 0.000000
15 110 0.000000
15 115 0.000000
15 120 0.000000
15 125 0.000000
15 130 0.000000
15 135 0.000000
15 140 0.000000
15 145 0.000000
15 150 0.000000
15 155 0.000000
15 160 0.000000
15 165 0.000000
15 170 0.000000
15 175 0.000000
20 -180 0.000000
20 -175 0.000000
20 -170 0.000000
20 -165 0.000000
20 -160 0.000000
20 -155 0.000000
20 -150 0.000000
20 -145 0.000000
20 -140 0.000000
20 -135 0.000000
20 -130 0.000000
20 -125 0.000000
20 -120 0.000000
20 -115 0.000000
20 -110 0.000000
20 -105 0.000000
20 -100 0.000000
20 -95 0.000000
20 -90 0.000000
20 -85 0.000000
20 -80 0.000000
20 -75 0.000000
20 -70 0.000000
20 -65 0.000000
20 -60 0.000000
20 -55 0.000000
20 -50 0.000000
20 -45 0.000000
20 -40 0.000000
20 -35 0.000000
20 -30 0.000000
20 -25 0.000000
20 -20 0.000000
20 -15 0.000000
20 -10 0.000000
20 -5 0.000000
20 0 0.000000
20 5 0.000000
20 10 0.000000
20 15 0.000000
20 20 0.000206
20 25 0.000816
20 30 0.001824
20 35 0.003151
20 40 0.004386
20 45 0.006104
20 50 0.007370
20 55 0.008754
20 60 0.009903
20 65 0.009828
20 70 0.008090
20 75 0.005399
20 80 0.002844
20 85 0.001164
20 90 0.000000
20 95 0.000000
20 100 0.000000
20 105 0.000000
20 110 0.000000
20 115 0.000000
20 120 0.000000
20 125 0.000000
20 130 0.000000
20 135 0.000000
20 140 0.000000
20 145 0.000000
20 150 0.000000
20 155 0.000000
20 160 0.000000
20 165 0.000000
20 170 0.000000
20 175 0.000000
25 -180 0.000000
25 -175 0.000000
25 -170 0.000000
25 -165 0.000000
25 -160 0.000000
25 -155 0.000000
25 -150 0.000000
25 -145 0.000000
25 -140 0.000000
25 -135 0.000000
25 -130 0.000000
25 -125 0.000000
25 -120 0.000000
25 -115 0.000000
25 -110 0.000000
25 -105 0.000000
25 -100 0.000000
25 -95 0.000000
25 -90 0.000000
25 -85 0.000000
25 -80 0.000000
25 -75 0.000000
25 -70 0.000000
25 -65 0.000000
25 -60 0.000000
25 -55 0.000000
25 -50 0.000000
25 -45 0.000000
25 -40 0.000000
25 -35 0.000000
25 -30 0.000000
25 -25 0.000000
25 -20 0.000000
25 -15 0.000000
25 -10 0.000000
25 -5 0.000000
25 0 0.000000
25 5 0.000000
25 10 0.000000
25 15 0.000122
25 20 0.001579
25 25 0.006890
25 30 0.017127
25 35 0.032326
25 40 0.049911
25 45 0.065588
25 50 0.072905
25 55 0.071145
25 60 0.061742
25 65 0.047177
25 70 0.030751
25 75 0.016942
25 80 0.007622
25 85 0.002498
25 90 0.000000
25 95 0.000000
25 100 0.000000
25 105 0.000000
25 110 0.000000
25 115 0.000000
25 120 0.000000
25 125 0.000000
25 130 0.000000
25 135 0.000000
25 140 0.000000
25 145 0.000000
25 150 0.000000
25 155 0.000000
25 160 0.000000
25 165 0.000000
25 170 0.000000
25 175 0.000000
30 -180 0.000000
30 -175 0.000000
30 -170 0.000000
30 -165 0.000090
30 -160 0.000217
30 -155 0.001083
30 -150 0.002912
30 -145 0.005607
30 -140 0.008681
30 -135 0.010984
30 -130 0.011281
30 -125 0.009370
30 -120 0.006881
30 -115 0.004920
30 -110 0.004139
30 -105 0.004460
30 -100 0.004829
30 -95 0.004304
30 -90 0.002996
30 -85 0.001630
30 -80 0.000693
30 -75 0.000026
30 -70 0.000000
30 -65 0.000000
30 -60 0.000000
30 -55 0.000000
30 -50 0.000000
30 -45 0.000000
30 -40 0.000000
30 -35 0.000000
30 -30 0.000000
30 -25 0.000000
30 -20 0.000000
30 -15 0.000000
30 -10 0.000000
30 -5 0.000000
30 0 0.000000
30 5 0.000024
30 10 0.000849
30 15 0.004539
30 20 0.015009
30 25 0.040128
30 30 0.080330
30 35 0.132487
30 40 0.185446
30 45 0.223910
30 50 0.233052
30 55 0.213242
30 60 0.172794
30 65 0.123336
30 70 0.074904
30 75 0.038795
30 80 0.016298
30 85 0.004805
30 90 0.000000
30 95 0.000000
30 100 0.000000
30 105 0.000000
30 110 0.000000
30 115 0.000000
30 120 0.000000
30 125 0.000000
30 130 0.000000
30 135 0.000000
30 140 0.000000
30 145 0.000000
30 150 0.000000
30 155 0.000000
30 160 0.000000
30 165 0.000000
30 170 0.000000
30 175 0.000000
35 -180 0.000000
35 -175 0.000000
35 -170 0.000000
35 -165 0.000874
35 -160 0.002114
35 -155 0.005999
35 -150 0.014189
35 -145 0.025413
35 -140 0.038202
35 -135 0.048808
35 -130 0.052010
35 -125 0.046127
35 -120 0.035472
35 -115 0.025167
35 -110 0.018079
35 -105 0.014743
35 -100 0.013709
35 -95 0.011466
35 -90 0.007675
35 -85 0.004175
35 -80 0.001776
35 -75 0.000067
35 -70 0.000000
35 -65 0.000000
35 -60 0.000000
35 -55 0.000000
35 -50 0.000000
35 -45 0.000000
35 -40 0.000000
35 -35 0.000000
35 -30 0.000000
35 -25 0.000000
35 -20 0.000000
35 -15 0.000000
35 -10 0.000000
35 -5 0.000000
35 0 0.000000
35 5 0.000933
35 10 0.005512
35 15 0.020972
35 20 0.056387
35 25 0.126215
35 30 0.227154
35 35 0.346197
35 40 0.455225
35 45 0.521560
35 50 0.520740
35 55 0.459315
35 60 0.358868
35 65 0.247174
35 70 0.145101
35 75 0.072644
35 80 0.029345
35 85 0.008105
35 90 0.000000
35 95 0.000000
35 100 0.000000
35 105 0.000000
35 110 0.000000
35 115 0.000000
35 120 0.000000
35 125 0.000000
35 130 0.000000
35 135 0.000000
35 140 0.000000
35 145 0.000000
35 150 0.000000
35 155 0.000000
35 160 0.000000
35 165 0.000000
35 170 0.000000
35 175 0.000000
40 -180 0.000000
40 -175 0.000000
40 -170 0.000000
40 -165 0.001982
40 -160 0.004795
40 -155 0.013338
40 -150 0.031776
40 -145 0.057085
40 -140 0.086848
40 -135 0.112834
40 -130 0.122900
40 -125 0.112504
40 -120 0.089449
40 -115 0.064801
40 -110 0.045340
40 -105 0.033624
40 -100 0.028544
40 -95 0.022502
40 -90 0.014597
40 -85 0.007940
40 -80 0.003378
40 -75 0.000128
40 -70 0.000000
40 -65 0.000000
40 -60 0.000033
40 -55 0.000596
40 -50 0.001387
40 -45 0.002531
40 -40 0.003613
40 -35 0.004033
40 -30 0.003517
40 -25 0.002395
40 -20 0.001272
40 -15 0.000517
40 -10 0.000000
40 -5 0.000321
40 0 0.001745
40 5 0.007467
40 10 0.022625
40 15 0.063045
40 20 0.143869
40 25 0.284172
40 30 0.472710
40 35 0.679455
40 40 0.851258
40 45 0.934655
40 50 0.900540
40 55 0.770630
40 60 0.585365
40 65 0.393142
40 70 0.226391
40 75 0.111574
40 80 0.044293
40 85 0.011867
40 90 0.000144
40 95 0.000000
40 100 0.000000
40 105 0.000000
40 110 0.000000
40 115 0.000000
40 120 0.000000
40 125 0.000000
40 130 0.000000
40 135 0.000000
40 140 0.000000
40 145 0.000000
40 150 0.000000
40 155 0.000000
40 160 0.000000
40 165 0.000000
40 170 0.000000
40 175 0.000000
45 -180 0.000214
45 -175 0.000833
45 -170 0.001727
45 -165 0.006367
45 -160 0.012225
45 -155 0.026849
45 -150 0.057787
45 -145 0.099944
45 -140 0.150479
45 -135 0.195942
45 -130 0.215344
45 -125 0.200143
45 -120 0.161328
45 -115 0.117625
45 -110 0.080882
45 -105 0.056645
45 -100 0.045342
45 -95 0.034320
45 -90 0.021723
45 -85 0.011999
45 -80 0.005665
45 -75 0.001566
45 -70 0.002453
45 -65 0.003433
45 -60 0.004076
45 -55 0.005537
45 -50 0.007047
45 -45 0.009248
45 -40 0.011272
45 -35 0.011757
45 -30 0.009987
45 -25 0.006676
45 -20 0.003547
45 -15 0.001763
45 -10 0.001994
45 -5 0.006747
45 0 0.016849
45 5 0.038682
45 10 0.078045
45 15 0.158911
45 20 0.300293
45 25 0.520665
45 30 0.797607
45 35 1.080070
45 40 1.289540
45 45 1.359438
45 50 1.266690
45 55 1.056220
45 60 0.787035
45 65 0.523303
45 70 0.302698
45 75 0.151586
45 80 0.061860
45 85 0.017764
45 90 0.001164
45 95 0.000000
45 100 0.000000
45 105 0.000000
45 110 0.000000
45 115 0.000000
45 120 0.000000
45 125 0.000000
45 130 0.000000
45 135 0.000000
45 140 0.000000
45 145 0.000000
45 150 0.000000
45 155 0.000000
45 160 0.000000
45 165 0.000000
45 170 0.000000
45 175 0.000000
50 -180 0.001722
50 -175 0.002773
50 -170 0.004884
50 -165 0.012961
50 -160 0.022370
50 -155 0.042279
50 -150 0.083585
50 -145 0.139558
50 -140 0.208279
50 -135 0.272130
50 -130 0.302035
50 -125 0.285202
50 -120 0.233292
50 -115 0.171415
50 -110 0.116172
50 -105 0.076958
50 -100 0.057628
50 -95 0.041375
50 -90 0.025319
50 -85 0.014395
50 -80 0.008027
50 -75 0.004969
50 -70 0.008684
50 -65 0.012407
50 -60 0.014963
50 -55 0.018056
50 -50 0.020060
50 -45 0.022601
50 -40 0.024583
50 -35 0.024067
50 -30 0.019832
50 -25 0.013074
50 -20 0.007452
50 -15 0.004884
50 -10 0.008249
50 -5 0.022419
50 0 0.049350
50 5 0.098222
50 10 0.172272
50 15 0.299887
50 20 0.499238
50 25 0.780523
50 30 1.111225
50 35 1.421995
50 40 1.619015
50 45 1.637140
50 50 1.472055
50 55 1.194790
50 60 0.874772
50 65 0.579125
50 70 0.340532
50 75 0.175791
50 80 0.074993
50 85 0.023559
50 90 0.002608
50 95 0.000000
50 100 0.000000
50 105 0.000000
50 110 0.000000
50 115 0.000000
50 120 0.000000
50 125 0.000000
50 130 0.000000
50 135 0.000000
50 140 0.000118
50 145 0.000699
50 150 0.001527
50 155 0.002635
50 160 0.003587
50 165 0.003847
50 170 0.003245
50 175 0.002150
55 -180 0.004338
55 -175 0.005771
55 -170 0.009517
55 -165 0.021048
55 -160 0.033409
55 -155 0.055050
55 -150 0.098435
55 -145 0.156953
55 -140 0.231226
55 -135 0.302792
55 -130 0.339377
55 -125 0.325698
55 -120 0.270528
55 -115 0.200547
55 -110 0.134417
55 -105 0.084618
55 -100 0.058962
55 -95 0.039600
55 -90 0.023141
55 -85 0.013848
55 -80 0.010269
55 -75 0.011322
55 -70 0.020595
55 -65 0.029815
55 -60 0.036000
55 -55 0.040639
55 -50 0.041330
55 -45 0.041729
55 -40 0.041433
55 -35 0.038247
55 -30 0.030725
55 -25 0.020138
55 -20 0.012724
55 -15 0.010938
55 -10 0.021453
55 -5 0.051281
55 0 0.103376
55 5 0.187366
55 10 0.299565
55 15 0.464897
55 20 0.694630
55 25 0.985762
55 30 1.303233
55 35 1.572127
55 40 1.703067
55 45 1.647555
55 50 1.425590
55 55 1.125160
55 60 0.812137
55 65 0.540735
55 70 0.329348
55 75 0.179066
55 80 0.081722
55 85 0.028691
55 90 0.004606
55 95 0.000000
55 100 0.000000
55 105 0.000000
55 110 0.000000
55 115 0.000000
55 120 0.000000
55 125 0.000000
55 130 0.000000
55 135 0.000000
55 140 0.000332
55 145 0.001976
55 150 0.004317
55 155 0.007450
55 160 0.010142
55 165 0.010876
55 170 0.009175
55 175 0.006080
60 -180 0.007962
60 -175 0.009332
60 -170 0.014580
60 -165 0.028594
60 -160 0.042344
60 -155 0.061204
60 -150 0.096435
60 -145 0.143679
60 -140 0.206752
60 -135 0.270285
60 -130 0.305563
60 -125 0.298020
60 -120 0.251418
60 -115 0.188193
60 -110 0.125186
60 -105 0.075427
60 -100 0.048837
60 -95 0.030246
60 -90 0.016608
60 -85 0.011050
60 -80 0.012130
60 -75 0.019187
60 -70 0.035523
60 -65 0.051779
60 -60 0.062637
60 -55 0.068256
60 -50 0.065776
60 -45 0.061191
60 -40 0.055850
60 -35 0.048390
60 -30 0.037673
60 -25 0.024468
60 -20 0.017487
60 -15 0.018795
60 -10 0.039961
60 -5 0.088627
60 0 0.168152
60 5 0.284712
60 10 0.425157
60 15 0.602932
60 20 0.818700
60 25 1.059122
60 30 1.297168
60 35 1.468978
60 40 1.509187
60 45 1.392292
60 50 1.156075
60 55 0.886380
60 60 0.633290
60 65 0.429108
60 70 0.275643
60 75 0.160331
60 80 0.079052
60 85 0.030806
60 90 0.006398
60 95 0.000000
60 100 0.000000
60 105 0.000000
60 110 0.000000
60 115 0.000000
60 120 0.000000
60 125 0.000000
60 130 0.000000
60 135 0.000000
60 140 0.000648
60 145 0.003851
60 150 0.008413
60 155 0.014517
60 160 0.019763
60 165 0.021195
60 170 0.017880
60 175 0.011847
65 -180 0.011611
65 -175 0.012006
65 -170 0.017590
65 -165 0.031996
65 -160 0.045038
65 -155 0.058287
65 -150 0.079738
65 -145 0.108174
65 -140 0.149517
65 -135 0.193719
65 -130 0.220345
65 -125 0.218318
65 -120 0.187025
65 -115 0.141411
65 -110 0.093660
65 -105 0.054475
65 -100 0.032878
65 -95 0.018543
65 -90 0.009373
65 -85 0.007647
65 -80 0.013417
65 -75 0.026398
65 -70 0.049455
65 -65 0.072601
65 -60 0.087999
65 -55 0.093299
65 -50 0.085881
65 -45 0.073945
65 -40 0.061585
65 -35 0.049204
65 -30 0.036684
65 -25 0.023774
65 -20 0.020722
65 -15 0.027978
65 -10 0.061312
65 -5 0.125783
65 0 0.223770
65 5 0.354730
65 10 0.498545
65 15 0.655735
65 20 0.818187
65 25 0.970197
65 30 1.099473
65 35 1.163310
65 40 1.128905
65 45 0.989280
65 50 0.786245
65 55 0.585583
65 60 0.416812
65 65 0.291772
65 70 0.200770
65 75 0.125801
65 80 0.066781
65 85 0.028293
65 90 0.006982
65 95 0.000000
65 100 0.000000
65 105 0.000000
65 110 0.000000
65 115 0.000000
65 120 0.000000
65 125 0.000000
65 130 0.000000
65 135 0.000000
65 140 0.000992
65 145 0.005900
65 150 0.012889
65 155 0.022242
65 160 0.030279
65 165 0.032472
65 170 0.027394
65 175 0.018151
70 -180 0.013451
70 -175 0.012319
70 -170 0.016733
70 -165 0.029094
70 -160 0.039596
70 -155 0.047158
70 -150 0.056202
70 -145 0.067800
70 -140 0.087933
70 -135 0.111575
70 -130 0.127125
70 -125 0.127856
70 -120 0.111154
70 -115 0.084893
70 -110 0.056133
70 -105 0.031790
70 -100 0.018016
70 -95 0.009175
70 -90 0.004166
70 -85 0.004815
70 -80 0.013302
70 -75 0.029499
70 -70 0.055763
70 -65 0.082446
70 -60 0.100104
70 -55 0.103882
70 -50 0.092028
70 -45 0.073893
70 -40 0.056027
70 -35 0.040505
70 -30 0.028473
70 -25 0.018795
70 -20 0.022023
70 -15 0.036380
70 -10 0.078894
70 -5 0.149323
70 0 0.247371
70 5 0.365733
70 10 0.483912
70 15 0.595535
70 20 0.689702
70 25 0.754430
70 30 0.790702
70 35 0.775702
70 40 0.703525
70 45 0.577590
70 50 0.433183
70 55 0.310260
70 60 0.220871
70 65 0.163308
70 70 0.123128
70 75 0.083899
70 80 0.048293
70 85 0.023046
70 90 0.008523
70 95 0.003827
70 100 0.004517
70 105 0.004191
70 110 0.003061
70 115 0.001763
70 120 0.000801
70 125 0.000125
70 130 0.000000
70 135 0.000000
70 140 0.001197
70 145 0.007117
70 150 0.015549
70 155 0.026832
70 160 0.036528
70 165 0.039174
70 170 0.033047
70 175 0.021897
75 -180 0.012382
75 -175 0.010103
75 -170 0.012568
75 -165 0.021257
75 -160 0.028300
75 -155 0.031565
75 -150 0.032853
75 -145 0.033969
75 -140 0.039540
75 -135 0.048134
75 -130 0.054920
75 -125 0.056704
75 -120 0.050427
75 -115 0.039011
75 -110 0.025516
75 -105 0.013480
75 -100 0.006455
75 -95 0.002283
75 -90 0.000488
75 -85 0.002281
75 -80 0.011072
75 -75 0.026752
75 -70 0.050955
75 -65 0.075845
75 -60 0.092199
75 -55 0.094078
75 -50 0.080750
75 -45 0.061044
75 -40 0.042297
75 -35 0.027197
75 -30 0.017681
75 -25 0.012523
75 -20 0.021371
75 -15 0.040785
75 -10 0.085352
75 -5 0.149465
75 0 0.229479
75 5 0.314603
75 10 0.389850
75 15 0.449258
75 20 0.484633
75 25 0.489795
75 30 0.473743
75 35 0.426990
75 40 0.358310
75 45 0.272225
75 50 0.190956
75 55 0.131406
75 60 0.095060
75 65 0.076223
75 70 0.063543
75 75 0.046593
75 80 0.029369
75 85 0.016841
75 90 0.010674
75 95 0.010020
75 100 0.011827
75 105 0.010973
75 110 0.008015
75 115 0.004615
75 120 0.002098
75 125 0.000328
75 130 0.000000
75 135 0.000000
75 140 0.001139
75 145 0.006770
75 150 0.014792
75 155 0.025525
75 160 0.034748
75 165 0.037266
75 170 0.031437
75 175 0.020830
80 -180 0.009055
80 -175 0.006633
80 -170 0.007461
80 -165 0.012229
80 -160 0.015855
80 -155 0.016582
80 -150 0.014614
80 -145 0.011681
80 -140 0.010504
80 -135 0.011115
80 -130 0.012494
80 -125 0.013779
80 -120 0.013115
80 -115 0.010691
80 -110 0.007239
80 -105 0.003933
80 -100 0.001805
80 -95 0.000476
80 -90 0.000000
80 -85 0.001261
80 -80 0.007884
80 -75 0.019670
80 -70 0.037683
80 -65 0.056428
80 -60 0.068633
80 -55 0.069093
80 -50 0.057788
80 -45 0.041545
80 -40 0.026547
80 -35 0.014995
80 -30 0.008815
80 -25 0.007691
80 -20 0.019539
80 -15 0.040461
80 -10 0.080248
80 -5 0.130068
80 0 0.183552
80 5 0.230256
80 10 0.263238
80 15 0.281295
80 20 0.280892
80 25 0.260885
80 30 0.231144
80 35 0.187981
80 40 0.142540
80 45 0.096682
80 50 0.061155
80 55 0.039477
80 60 0.029609
80 65 0.027178
80 70 0.025617
80 75 0.020356
80 80 0.015432
80 85 0.013061
80 90 0.014851
80 95 0.019166
80 100 0.022623
80 105 0.020989
80 110 0.015330
80 115 0.008827
80 120 0.004012
80 125 0.000627
80 130 0.000000
80 135 0.000000
80 140 0.000855
80 145 0.005085
80 150 0.011110
80 155 0.019172
80 160 0.026099
80 165 0.027990
80 170 0.023612
80 175 0.015645
85 -180 0.005261
85 -175 0.003491
85 -170 0.003503
85 -165 0.005741
85 -160 0.007444
85 -155 0.007632
85 -150 0.006183
85 -145 0.003954
85 -140 0.001994
85 -135 0.000650
85 -130 0.000000
85 -125 0.000000
85 -120 0.000000
85 -115 0.000000
85 -110 0.000000
85 -105 0.000000
85 -100 0.000000
85 -95 0.000000
85 -90 0.000000
85 -85 0.000623
85 -80 0.004585
85 -75 0.011684
85 -70 0.022485
85 -65 0.033843
85 -60 0.041150
85 -55 0.040793
85 -50 0.033110
85 -45 0.022342
85 -40 0.012644
85 -35 0.005510
85 -30 0.002396
85 -25 0.004134
85 -20 0.016325
85 -15 0.035529
85 -10 0.066757
85 -5 0.100578
85 0 0.129511
85 5 0.146049
85 10 0.150096
85 15 0.145132
85 20 0.131574
85 25 0.110773
85 30 0.089224
85 35 0.063797
85 40 0.042044
85 45 0.024113
85 50 0.013495
85 55 0.008717
85 60 0.007851
85 65 0.008837
85 70 0.008974
85 75 0.007347
85 80 0.008501
85 85 0.012367
85 90 0.019916
85 95 0.028719
85 100 0.033898
85 105 0.031451
85 110 0.022971
85 115 0.013227
85 120 0.006012
85 125 0.000940
85 130 0.000000
85 135 0.000000
85 140 0.000508
85 145 0.003019
85 150 0.006595
85 155 0.011381
85 160 0.015494
85 165 0.016616
85 170 0.014017
85 175 0.009288
90 -180 0.002358
90 -175 0.001203
90 -170 0.000740
90 -165 0.001213
90 -160 0.001573
90 -155 0.001613
90 -150 0.001307
90 -145 0.000836
90 -140 0.000421
90 -135 0.000137
90 -130 0.000000
90 -125 0.000000
90 -120 0.000000
90 -115 0.000000
90 -110 0.000000
90 -105 0.000000
90 -100 0.000000
90 -95 0.000000
90 -90 0.000000
90 -85 0.000183
90 -80 0.001942
90 -75 0.005136
90 -70 0.009986
90 -65 0.015182
90 -60 0.018510
90 -55 0.018167
90 -50 0.014411
90 -45 0.009271
90 -40 0.004787
90 -35 0.001556
90 -30 0.000353
90 -25 0.002888
90 -20 0.012780
90 -15 0.027590
90 -10 0.048710
90 -5 0.068133
90 0 0.079176
90 5 0.077868
90 10 0.067866
90 15 0.055341
90 20 0.042572
90 25 0.030768
90 30 0.022510
90 35 0.013985
90 40 0.007974
90 45 0.003450
90 50 0.001277
90 55 0.000368
90 60 0.000000
90 65 0.000000
90 70 0.000000
90 75 0.000000
90 80 0.004417
90 85 0.011701
90 90 0.022447
90 95 0.033755
90 100 0.039842
90 105 0.036966
90 110 0.026999
90 115 0.015546
90 120 0.007067
90 125 0.001104
90 130 0.000000
90 135 0.000000
90 140 0.000238
90 145 0.001417
90 150 0.003097
90 155 0.005344
90 160 0.007275
90 165 0.007802
90 170 0.006581
90 175 0.004361
95 -180 0.000479
95 -175 0.000179
95 -170 0.000000
95 -165 0.000000
95 -160 0.000000
95 -155 0.000000
95 -150 0.000000
95 -145 0.000000
95 -140 0.000000
95 -135 0.000000
95 -130 0.000000
95 -125 0.000000
95 -120 0.000000
95 -115 0.000000
95 -110 0.000000
95 -105 0.000000
95 -100 0.000000
95 -95 0.000000
95 -90 0.000000
95 -85 0.000000
95 -80 0.000549
95 -75 0.001553
95 -70 0.003027
95 -65 0.004638
95 -60 0.005595
95 -55 0.005322
95 -50 0.003997
95 -45 0.002373
95 -40 0.001114
95 -35 0.000235
95 -30 0.000000
95 -25 0.002137
95 -20 0.008645
95 -15 0.018255
95 -10 0.030700
95 -5 0.040830
95 0 0.043801
95 5 0.038204
95 10 0.027816
95 15 0.017811
95 20 0.010081
95 25 0.005144
95 30 0.003350
95 35 0.001740
95 40 0.000818
95 45 0.000181
95 50 0.000000
95 55 0.000000
95 60 0.000000
95 65 0.000000
95 70 0.000000
95 75 0.000000
95 80 0.004078
95 85 0.010802
95 90 0.020722
95 95 0.031162
95 100 0.036781
95 105 0.034126
95 110 0.024925
95 115 0.014352
95 120 0.006524
95 125 0.001020
95 130 0.000000
95 135 0.000000
95 140 0.000050
95 145 0.000300
95 150 0.000654
95 155 0.001129
95 160 0.001537
95 165 0.001649
95 170 0.001391
95 175 0.000922
100 -180 0.000000
100 -175 0.000000
100 -170 0.000000
100 -165 0.000000
100 -160 0.000000
100 -155 0.000000
100 -150 0.000000
100 -145 0.000000
100 -140 0.000000
100 -135 0.000000
100 -130 0.000000
100 -125 0.000000
100 -120 0.000000
100 -115 0.000000
100 -110 0.000000
100 -105 0.000000
100 -100 0.000000
100 -95 0.000000
100 -90 0.000000
100 -85 0.000000
100 -80 0.000011
100 -75 0.000030
100 -70 0.000059
100 -65 0.000090
100 -60 0.000109
100 -55 0.000104
100 -50 0.000078
100 -45 0.000046
100 -40 0.000022
100 -35 0.000005
100 -30 0.000000
100 -25 0.001291
100 -20 0.004772
100 -15 0.009849
100 -10 0.016033
100 -5 0.020662
100 0 0.021086
100 5 0.017038
100 10 0.010895
100 15 0.005510
100 20 0.001782
100 25 0.000045
100 30 0.000000
100 35 0.000000
100 40 0.000000
100 45 0.000000
100 50 0.000000
100 55 0.000000
100 60 0.000000
100 65 0.000000
100 70 0.000000
100 75 0.000000
100 80 0.002961
100 85 0.007844
100 90 0.015048
100 95 0.022629
100 100 0.026710
100 105 0.024781
100 110 0.018100
100 115 0.010422
100 120 0.004737
100 125 0.000740
100 130 0.000000
100 135 0.000000
100 140 0.000000
100 145 0.000000
100 150 0.000000
100 155 0.000000
100 160 0.000000
100 165 0.000000
100 170 0.000000
100 175 0.000000
105 -180 0.000000
105 -175 0.000000
105 -170 0.000000
105 -165 0.000000
105 -160 0.000000
105 -155 0.000000
105 -150 0.000000
105 -145 0.000000
105 -140 0.000000
105 -135 0.000000
105 -130 0.000000
105 -125 0.000000
105 -120 0.000000
105 -115 0.000000
105 -110 0.000000
105 -105 0.000000
105 -100 0.000000
105 -95 0.000000
105 -90 0.000000
105 -85 0.000000
105 -80 0.000000
105 -75 0.000000
105 -70 0.000000
105 -65 0.000000
105 -60 0.000000
105 -55 0.000000
105 -50 0.000000
105 -45 0.000000
105 -40 0.000000
105 -35 0.000000
105 -30 0.000000
105 -25 0.000643
105 -20 0.002240
105 -15 0.004555
105 -10 0.007318
105 -5 0.009297
105 0 0.009344
105 5 0.007427
105 10 0.004666
105 15 0.002315
105 20 0.000697
105 25 0.000000
105 30 0.000000
105 35 0.000000
105 40 0.000000
105 45 0.000000
105 50 0.000000
105 55 0.000000
105 60 0.000000
105 65 0.000000
105 70 0.000000
105 75 0.000000
105 80 0.001694
105 85 0.004487
105 90 0.008608
105 95 0.012945
105 100 0.015280
105 105 0.014176
105 110 0.010354
105 115 0.005962
105 120 0.002710
105 125 0.000424
105 130 0.000000
105 135 0.000000
105 140 0.000000
105 145 0.000000
105 150 0.000000
105 155 0.000000
105 160 0.000000
105 165 0.000000
105 170 0.000000
105 175 0.000000
110 -180 0.000000
110 -175 0.000000
110 -170 0.000000
110 -165 0.000000
110 -160 0.000000
110 -155 0.000000
110 -150 0.000000
110 -145 0.000000
110 -140 0.000000
110 -135 0.000000
110 -130 0.000000
110 -125 0.000000
110 -120 0.000000
110 -115 0.000000
110 -110 0.000000
110 -105 0.000000
110 -100 0.000000
110 -95 0.000000
110 -90 0.000000
110 -85 0.000000
110 -80 0.000000
110 -75 0.000000
110 -70 0.000000
110 -65 0.000000
110 -60 0.000000
110 -55 0.000000
110 -50 0.000000
110 -45 0.000000
110 -40 0.000000
110 -35 0.000000
110 -30 0.000000
110 -25 0.000198
110 -20 0.000689
110 -15 0.001401
110 -10 0.002251
110 -5 0.002860
110 0 0.002874
110 5 0.002285
110 10 0.001435
110 15 0.000712
110 20 0.000214
110 25 0.000000
110 30 0.000000
110 35 0.000000
110 40 0.000000
110 45 0.000000
110 50 0.000000
110 55 0.000000
110 60 0.000000
110 65 0.000000
110 70 0.000000
110 75 0.000000
110 80 0.000765
110 85 0.002025
110 90 0.003885
110 95 0.005842
110 100 0.006896
110 105 0.006398
110 110 0.004673
110 115 0.002691
110 120 0.001223
110 125 0.000191
110 130 0.000000
110 135 0.000000
110 140 0.000000
110 145 0.000000
110 150 0.000000
110 155 0.000000
110 160 0.000000
110 165 0.000000
110 170 0.000000
110 175 0.000000
115 -180 0.000000
115 -175 0.000000
115 -170 0.000000
115 -165 0.000000
115 -160 0.000000
115 -155 0.000000
115 -150 0.000000
115 -145 0.000000
115 -140 0.000000
115 -135 0.000000
115 -130 0.000000
115 -125 0.000000
115 -120 0.000000
115 -115 0.000000
115 -110 0.000000
115 -105 0.000000
115 -100 0.000000
115 -95 0.000000
115 -90 0.000000
115 -85 0.000000
115 -80 0.000000
115 -75 0.000000
115 -70 0.000000
115 -65 0.000000
115 -60 0.000000
115 -55 0.000000
115 -50 0.000000
115 -45 0.000000
115 -40 0.000000
115 -35 0.000000
115 -30 0.000000
115 -25 0.000000
115 -20 0.000000
115 -15 0.000000
115 -10 0.000000
115 -5 0.000000
115 0 0.000000
115 5 0.000000
115 10 0.000000
115 15 0.000000
115 20 0.000000
115 25 0.000000
115 30 0.000000
115 35 0.000000
115 40 0.000000
115 45 0.000000
115 50 0.000000
115 55 0.000000
115 60 0.000000
115 65 0.000000
115 70 0.000000
115 75 0.000000
115 80 0.000110
115 85 0.000291
115 90 0.000559
115 95 0.000840
115 100 0.000992
115 105 0.000920
115 110 0.000672
115 115 0.000387
115 120 0.000176
115 125 0.000027
115 130 0.000000
115 135 0.000000
115 140 0.000000
115 145 0.000000
115 150 0.000000
115 155 0.000000
115 160 0.000000
115 165 0.000000
115 170 0.000000
115 175 0.000000
120 -180 0.000000
120 -175 0.000000
120 -170 0.000000
120 -165 0.000000
120 -160 0.000000
120 -155 0.000000
120 -150 0.000000
120 -145 0.000000
120 -140 0.000000
120 -135 0.000000
120 -130 0.000000
120 -125 0.000000
120 -120 0.000000
120 -115 0.000000
120 -110 0.000000
120 -105 0.000000
120 -100 0.000000
120 -95 0.000000
120 -90 0.000000
120 -85 0.000000
120 -80 0.000000
120 -75 0.000000
120 -70 0.000000
120 -65 0.000000
120 -60 0.000000
120 -55 0.000000
120 -50 0.000000
120 -45 0.000000
120 -40 0.000000
120 -35 0.000000
120 -30 0.000000
120 -25 0.000000
120 -20 0.000000
120 -15 0.000000
120 -10 0.000000
120 -5 0.000000
120 0 0.000000
120 5 0.000000
120 10 0.000000
120 15 0.000000
120 20 0.000000
120 25 0.000000
120 30 0.000000
120 35 0.000000
120 40 0.000000
120 45 0.000000
120 50 0.000000
120 55 0.000000
120 60 0.000000
120 65 0.000000
120 70 0.000000
120 75 0.000000
120 80 0.000000
120 85 0.000000
120 90 0.000000
120 95 0.000000
120 100 0.000000
120 105 0.000000
120 110 0.000000
120 115 0.000000
120 120 0.000000
120 125 0.000000
120 130 0.000000
120 135 0.000000
120 140 0.000000
120 145 0.000000
120 150 0.000000
120 155 0.000000
120 160 0.000000
120 165 0.000000
120 170 0.000000
120 175 0.000000
125 -180 0.000000
125 -175 0.000000
125 -170 0.000000
125 -165 0.000000
125 -160 0.000000
125 -155 0.000000
125 -150 0.000000
125 -145 0.000000
125 -140 0.000000
125 -135 0.000000
125 -130 0.000000
125 -125 0.000000
125 -120 0.000000
125 -115 0.000000
125 -110 0.000000
125 -105 0.000000
125 -100 0.000000
125 -95 0.000000
125 -90 0.000000
125 -85 0.000000
125 -80 0.000000
125 -75 0.000000
125 -70 0.000000
125 -65 0.000000
125 -60 0.000000
125 -55 0.000000
125 -50 0.000000
125 -45 0.000000
125 -40 0.000000
125 -35 0.000000
125 -30 0.000000
125 -25 0.000000
125 -20 0.000000
125 -15 0.000000
125 -10 0.000000
125 -5 0.000000
125 0 0.000000
125 5 0.000000
125 10 0.000000
125 15 0.000000
125 20 0.000000
125 25 0.000000
125 30 0.000000
125 35 0.000000
125 40 0.000000
125 45 0.000000
125 50 0.000000
125 55 0.000000
125 60 0.000000
125 65 0.000000
125 70 0.000000
125 75 0.000000
125 80 0.000000
125 85 0.000000
125 90 0.000000
125 95 0.000000
125 100 0.000000
125 105 0.000000
125 110 0.000000
125 115 0.000000
125 120 0.000000
125 125 0.000000
125 130 0.000000
125 135 0.000000
125 140 0.000000
125 145 0.000000
125 150 0.000000
125 155 0.000000
125 160 0.000000
125 165 0.000000
125 170 0.000000
125 175 0.000000
130 -180 0.000000
130 -175 0.000000
130 -170 0.000000
130 -165 0.000000
130 -160 0.000000
130 -155 0.000000
130 -150 0.000000
130 -145 0.000000
130 -140 0.000000
130 -135 0.000000
130 -130 0.000000
130 -125 0.000000
130 -120 0.000000
130 -115 0.000000
130 -110 0.000000
130 -105 0.000000
130 -100 0.000000
130 -95 0.000000
130 -90 0.000000
130 -85 0.000000
130 -80 0.000000
130 -75 0.000000
130 -70 0.000000
130 -65 0.000000
130 -60 0.000000
130 -55 0.000000
130 -50 0.000000
130 -45 0.000000
130 -40 0.000000
130 -35 0.000000
130 -30 0.000000
130 -25 0.000000
130 -20 0.000000
130 -15 0.000000
130 -10 0.000000
130 -5 0.000000
130 0 0.000000
130 5 0.000000
130 10 0.000000
130 15 0.000000
130 20 0.000000
130 25 0.000000
130 30 0.000000
130 35 0.000000
130 40 0.000000
130 45 0.000000
130 50 0.000000
130 55 0.000000
130 60 0.000000
130 65 0.000000
130 70 0.000000
130 75 0.000000
130 80 0.000000
130 85 0.000000
130 90 0.000000
130 95 0.000000
130 100 0.000000
130 105 0.000000
130 110 0.000000
130 115 0.000000
130 120 0.000000
130 125 0.000000
130 130 0.000000
130 135 0.000000
130 140 0.000000
130 145 0.000000
130 150 0.000000
130 155 0.000000
130 160 0.000000
130 165 0.000000
130 170 0.000000
130 175 0.000000
135 -180 0.000000
135 -175 0.000000
135 -170 0.000000
135 -165 0.000000
135 -160 0.000000
135 -155 0.000000
135 -150 0.000000
135 -145 0.000000
135 -140 0.000000
135 -135 0.000000
135 -130 0.000000
135 -125 0.000000
135 -120 0.000000
135 -115 0.000000
135 -110 0.000000
135 -105 0.000000
135 -100 0.000000
135 -95 0.000000
135 -90 0.000000
135 -85 0.000000
135 -80 0.000000
135 -75 0.000000
135 -70 0.000000
135 -65 0.000000
135 -60 0.000000
135 -55 0.000000
135 -50 0.000000
135 -45 0.000000
135 -40 0.000000
135 -35 0.000000
135 -30 0.000000
135 -25 0.000000
135 -20 0.000000
135 -15 0.000000
135 -10 0.000000
135 -5 0.000000
135 0 0.000000
135 5 0.000000
135 10 0.000000
135 15 0.000000
135 20 0.000000
135 25 0.000000
135 30 0.000000
135 35 0.000000
135 40 0.000000
135 45 0.000000
135 50 0.000000
135 55 0.000000
135 60 0.000000
135 65 0.000000
135 70 0.000000
135 75 0.000000
135 80 0.000000
135 85 0.000000
135 90 0.000000
135 95 0.000000
135 100 0.000000
135 105 0.000000
135 110 0.000000
135 115 0.000000
135 120 0.000000
135 125 0.000000
135 130 0.000000
135 135 0.000000
135 140 0.000000
135 145 0.000000
135 150 0.000000
135 155 0.000000
135 160 0.000000
135 165 0.000000
135 170 0.000000
135 175 0.000000
140 -180 0.000000
140 -175 0.000000
140 -170 0.000000
140 -165 0.000000
140 -160 0.000000
140 -155 0.000000
140 -150 0.000000
140 -145 0.000000
140 -140 0.000000
140 -135 0.000000
140 -130 0.000000
140 -125 0.000000
140 -120 0.000000
140 -115 0.000000
140 -110 0.000000
140 -105 0.000000
140 -100 0.000000
140 -95 0.000000
140 -90 0.000000
140 -85 0.000000
140 -80 0.000000
140 -75 0.000000
140 -70 0.000000
140 -65 0.000000
140 -60 0.000000
140 -55 0.000000
140 -50 0.000000
140 -45 0.000000
140 -40 0.000000
140 -35 0.000000
140 -30 0.000000
140 -25 0.000000
140 -20 0.000000
140 -15 0.000000
140 -10 0.000000
140 -5 0.000000
140 0 0.000000
140 5 0.000000
140 10 0.000000
140 15 0.000000
140 20 0.000000
140 25 0.000000
140 30 0.000000
140 35 0.000000
140 40 0.000000
140 45 0.000000
140 50 0.000000
140 55 0.000000
140 60 0.000000
140 65 0.000000
140 70 0.000000
140 75 0.000000
140 80 0.000000
140 85 0.000000
140 90 0.000000
140 95 0.000000
140 100 0.000000
140 105 0.000000
140 110 0.000000
140 115 0.000000
140 120 0.000000
140 125 0.000000
140 130 0.000000
140 135 0.000000
140 140 0.000000
140 145 0.000000
140 150 0.000000
140 155 0.000000
140 160 0.000000
140 165 0.000000
140 170 0.000000
140 175 0.000000
145 -180 0.000000
145 -175 0.000000
145 -170 0.000000
145 -165 0.000000
145 -160 0.000000
145 -155 0.000000
145 -150 0.000000
145 -145 0.000000
145 -140 0.000000
145 -135 0.000000
145 -130 0.000000
145 -125 0.000000
145 -120 0.000000
145 -115 0.000000
145 -110 0.000000
145 -105 0.000000
145 -100 0.000000
145 -95 0.000000
145 -90 0.000000
145 -85 0.000000
145 -80 0.000000
145 -75 0.000000
145 -70 0.000000
145 -65 0.000000
145 -60 0.000000
145 -55 0.000000
145 -50 0.000000
145 -45 0.000000
145 -40 0.000000
145 -35 0.000000
145 -30 0.000000
145 -25 0.000000
145 -20 0.000000
145 -15 0.000000
145 -10 0.000000
145 -5 0.000000
145 0 0.000000
145 5 0.000000
145 10 0.000000
145 15 0.000000
145 20 0.000000
145 25 0.000000
145 30 0.000000
145 35 0.000000
145 40 0.000000
145 45 0.000000
145 50 0.000000
145 55 0.000000
145 60 0.000000
145 65 0.000000
145 70 0.000000
145 75 0.000000
145 80 0.000000
145 85 0.000000
145 90 0.000000
145 95 0.000000
145 100 0.000000
145 105 0.000000
145 110 0.000000
145 115 0.000000
145 120 0.000000
145 125 0.000000
145 130 0.000000
145 135 0.000000
145 140 0.000000
145 145 0.000000
145 150 0.000000
145 155 0.000000
145 160 0.000000
145 165 0.000000
145 170 0.000000
145 175 0.000000
150 -180 0.002439
150 -175 0.001327
150 -170 0.000564
150 -165 0.000021
150 -160 0.000000
150 -155 0.000000
150 -150 0.000000
150 -145 0.000000
150 -140 0.000000
150 -135 0.000000
150 -130 0.000000
150 -125 0.000000
150 -120 0.000000
150 -115 0.000000
150 -110 0.000000
150 -105 0.000000
150 -100 0.000000
150 -95 0.000000
150 -90 0.000000
150 -85 0.000000
150 -80 0.000000
150 -75 0.000000
150 -70 0.000000
150 -65 0.000000
150 -60 0.000000
150 -55 0.000000
150 -50 0.000000
150 -45 0.000000
150 -40 0.000000
150 -35 0.000000
150 -30 0.000000
150 -25 0.000000
150 -20 0.000000
150 -15 0.000000
150 -10 0.000000
150 -5 0.000000
150 0 0.000000
150 5 0.000000
150 10 0.000000
150 15 0.000000
150 20 0.000000
150 25 0.000000
150 30 0.000000
150 35 0.000000
150 40 0.000000
150 45 0.000000
150 50 0.000000
150 55 0.000000
150 60 0.000000
150 65 0.000000
150 70 0.000000
150 75 0.000000
150 80 0.000000
150 85 0.000000
150 90 0.000000
150 95 0.000000
150 100 0.000000
150 105 0.000000
150 110 0.000000
150 115 0.000000
150 120 0.000000
150 125 0.000171
150 130 0.000667
150 135 0.001382
150 140 0.002265
150 145 0.002936
150 150 0.003524
150 155 0.003691
150 160 0.003910
150 165 0.004228
150 170 0.004187
150 175 0.003503
155 -180 0.006895
155 -175 0.003751
155 -170 0.001596
155 -165 0.000060
155 -160 0.000000
155 -155 0.000000
155 -150 0.000000
155 -145 0.000000
155 -140 0.000000
155 -135 0.000000
155 -130 0.000000
155 -125 0.000000
155 -120 0.000000
155 -115 0.000000
155 -110 0.000000
155 -105 0.000000
155 -100 0.000000
155 -95 0.000000
155 -90 0.000000
155 -85 0.000000
155 -80 0.000000
155 -75 0.000000
155 -70 0.000000
155 -65 0.000000
155 -60 0.000000
155 -55 0.000000
155 -50 0.000000
155 -45 0.000000
155 -40 0.000000
155 -35 0.000000
155 -30 0.000000
155 -25 0.000000
155 -20 0.000000
155 -15 0.000000
155 -10 0.000000
155 -5 0.000000
155 0 0.000000
155 5 0.000000
155 10 0.000000
155 15 0.000000
155 20 0.000000
155 25 0.000000
155 30 0.000000
155 35 0.000000
155 40 0.000000
155 45 0.000000
155 50 0.000000
155 55 0.000000
155 60 0.000000
155 65 0.000000
155 70 0.000000
155 75 0.000000
155 80 0.000000
155 85 0.000000
155 90 0.000000
155 95 0.000000
155 100 0.000000
155 105 0.000000
155 110 0.000000
155 115 0.000000
155 120 0.000000
155 125 0.000545
155 130 0.002123
155 135 0.004400
155 140 0.007212
155 145 0.009351
155 150 0.011038
155 155 0.011308
155 160 0.011614
155 165 0.012234
155 170 0.011929
155 175 0.009906
160 -180 0.017692
160 -175 0.009656
160 -170 0.004078
160 -165 0.000239
160 -160 0.000000
160 -155 0.000000
160 -150 0.000000
160 -145 0.000000
160 -140 0.000000
160 -135 0.000000
160 -130 0.000000
160 -125 0.000000
160 -120 0.000000
160 -115 0.000000
160 -110 0.000000
160 -105 0.000000
160 -100 0.000000
160 -95 0.000000
160 -90 0.000000
160 -85 0.000000
160 -80 0.000000
160 -75 0.000000
160 -70 0.000000
160 -65 0.000000
160 -60 0.000000
160 -55 0.000000
160 -50 0.000000
160 -45 0.000000
160 -40 0.000000
160 -35 0.000000
160 -30 0.000000
160 -25 0.000000
160 -20 0.000000
160 -15 0.000000
160 -10 0.000000
160 -5 0.000000
160 0 0.000000
160 5 0.000000
160 10 0.000000
160 15 0.000000
160 20 0.000000
160 25 0.000000
160 30 0.000000
160 35 0.000000
160 40 0.000000
160 45 0.000000
160 50 0.000000
160 55 0.000000
160 60 0.000000
160 65 0.000000
160 70 0.000000
160 75 0.000000
160 80 0.000000
160 85 0.000000
160 90 0.000000
160 95 0.000000
160 100 0.000000
160 105 0.000000
160 110 0.000000
160 115 0.000000
160 120 0.000252
160 125 0.001945
160 130 0.005978
160 135 0.011569
160 140 0.017923
160 145 0.022377
160 150 0.025871
160 155 0.026707
160 160 0.028229
160 165 0.030498
160 170 0.030248
160 175 0.025416
165 -180 0.062696
165 -175 0.041623
165 -170 0.024025
165 -165 0.010080
165 -160 0.004499
165 -155 0.001657
165 -150 0.000388
165 -145 0.000000
165 -140 0.000000
165 -135 0.000000
165 -130 0.000000
165 -125 0.000000
165 -120 0.000000
165 -115 0.000000
165 -110 0.000000
165 -105 0.000000
165 -100 0.000000
165 -95 0.000000
165 -90 0.000000
165 -85 0.000000
165 -80 0.000000
165 -75 0.000000
165 -70 0.000000
165 -65 0.000000
165 -60 0.000000
165 -55 0.000000
165 -50 0.000000
165 -45 0.000000
165 -40 0.000000
165 -35 0.000000
165 -30 0.000000
165 -25 0.000000
165 -20 0.000000
165 -15 0.000000
165 -10 0.000000
165 -5 0.000000
165 0 0.000000
165 5 0.000000
165 10 0.000000
165 15 0.000000
165 20 0.000000
165 25 0.000000
165 30 0.000000
165 35 0.000000
165 40 0.000000
165 45 0.000000
165 50 0.000000
165 55 0.000000
165 60 0.000000
165 65 0.000000
165 70 0.000000
165 75 0.000000
165 80 0.000000
165 85 0.000000
165 90 0.000000
165 95 0.000000
165 100 0.000000
165 105 0.000000
165 110 0.000000
165 115 0.000000
165 120 0.000910
165 125 0.005172
165 130 0.014134
165 135 0.026511
165 140 0.040762
165 145 0.051377
165 150 0.060840
165 155 0.066900
165 160 0.075243
165 165 0.084748
165 170 0.088030
165 175 0.079979
170 -180 0.177045
170 -175 0.121541
170 -170 0.073870
170 -165 0.037346
170 -160 0.018849
170 -155 0.008733
170 -150 0.003621
170 -145 0.001399
170 -140 0.000488
170 -135 0.000115
170 -130 0.000000
170 -125 0.000000
170 -120 0.000000
170 -115 0.000000
170 -110 0.000000
170 -105 0.000000
170 -100 0.000000
170 -95 0.000000
170 -90 0.000000
170 -85 0.000000
170 -80 0.000000
170 -75 0.000000
170 -70 0.000000
170 -65 0.000000
170 -60 0.000000
170 -55 0.000000
170 -50 0.000000
170 -45 0.000000
170 -40 0.000000
170 -35 0.000000
170 -30 0.000000
170 -25 0.000000
170 -20 0.000000
170 -15 0.000000
170 -10 0.000000
170 -5 0.000000
170 0 0.000000
170 5 0.000000
170 10 0.000000
170 15 0.000000
170 20 0.000000
170 25 0.000000
170 30 0.000000
170 35 0.000000
170 40 0.000000
170 45 0.000000
170 50 0.000000
170 55 0.000000
170 60 0.000000
170 65 0.000077
170 70 0.000535
170 75 0.001186
170 80 0.002073
170 85 0.002855
170 90 0.003092
170 95 0.002631
170 100 0.001971
170 105 0.001448
170 110 0.001617
170 115 0.002282
170 120 0.006416
170 125 0.017398
170 130 0.037137
170 135 0.064507
170 140 0.096825
170 145 0.126137
170 150 0.157078
170 155 0.185953
170 160 0.217560
170 165 0.243336
170 170 0.248226
170 175 0.224147
175 -180 0.419750
175 -175 0.285342
175 -170 0.174359
175 -165 0.093954
175 -160 0.049962
175 -155 0.025641
175 -150 0.012034
175 -145 0.005433
175 -140 0.001986
175 -135 0.000482
175 -130 0.000000
175 -125 0.000000
175 -120 0.000000
175 -115 0.000000
175 -110 0.000000
175 -105 0.000000
175 -100 0.000000
175 -95 0.000000
175 -90 0.000000
175 -85 0.000000
175 -80 0.000000
175 -75 0.000000
175 -70 0.000000
175 -65 0.000000
175 -60 0.000000
175 -55 0.000000
175 -50 0.000000
175 -45 0.000000
175 -40 0.000000
175 -35 0.000000
175 -30 0.000000
175 -25 0.000000
175 -20 0.000155
175 -15 0.000586
175 -10 0.001282
175 -5 0.002148
175 0 0.002872
175 5 0.003074
175 10 0.002635
175 15 0.001811
175 20 0.001103
175 25 0.000972
175 30 0.001480
175 35 0.003098
175 40 0.005131
175 45 0.007050
175 50 0.008177
175 55 0.007967
175 60 0.006454
175 65 0.004507
175 70 0.003913
175 75 0.004714
175 80 0.006748
175 85 0.009091
175 90 0.009961
175 95 0.009011
175 100 0.007982
175 105 0.007785
175 110 0.010180
175 115 0.014712
175 120 0.026917
175 125 0.050861
175 130 0.089963
175 135 0.143628
175 140 0.212590
175 145 0.288502
175 150 0.379710
175 155 0.475955
175 160 0.567705
175 165 0.625387
175 170 0.618940
175 175 0.542727
