-180 -180 0.062449
-180 -175 0.045880
-180 -170 0.032252
-180 -165 0.019519
-180 -160 0.009828
-180 -155 0.003712
-180 -150 0.001130
-180 -145 0.000077
-180 -140 0.000000
-180 -135 0.000000
-180 -130 0.000000
-180 -125 0.000000
-180 -120 0.000000
-180 -115 0.000000
-180 -110 0.000000
-180 -105 0.000000
-180 -100 0.000000
-180 -95 0.000000
-180 -90 0.000000
-180 -85 0.000000
-180 -80 0.000000
-180 -75 0.000000
-180 -70 0.000000
-180 -65 0.000000
-180 -60 0.000000
-180 -55 0.000000
-180 -50 0.000000
-180 -45 0.000000
-180 -40 0.000000
-180 -35 0.000000
-180 -30 0.000000
-180 -25 0.000000
-180 -20 0.000000
-180 -15 0.000000
-180 -10 0.000000
-180 -5 0.000000
-180 0 0.000000
-180 5 0.000000
-180 10 0.000000
-180 15 0.000000
-180 20 0.000000
-180 25 0.000000
-180 30 0.000000
-180 35 0.000000
-180 40 0.000000
-180 45 0.000000
-180 50 0.000000
-180 55 0.000000
-180 60 0.000000
-180 65 0.000000
-180 70 0.000000
-180 75 0.000000
-180 80 0.000000
-180 85 0.000000
-180 90 0.000000
-180 95 0.000000
-180 100 0.000000
-180 105 0.000000
-180 110 0.000000
-180 115 0.002393
-180 120 0.013551
-180 125 0.031951
-180 130 0.061609
-180 135 0.094200
-180 140 0.124639
-180 145 0.141866
-180 150 0.146862
-180 155 0.142472
-180 160 0.130657
-180 165 0.112217
-180 170 0.095314
-180 175 0.077515
-175 -180 0.145680
-175 -175 0.117708
-175 -170 0.087298
-175 -165 0.056574
-175 -160 0.030484
-175 -155 0.012611
-175 -150 0.004073
-175 -145 0.000199
-175 -140 0.000000
-175 -135 0.000000
-175 -130 0.000000
-175 -125 0.000000
-175 -120 0.000000
-175 -115 0.000000
-175 -110 0.000000
-175 -105 0.000000
-175 -100 0.000000
-175 -95 0.000000
-175 -90 0.000000
-175 -85 0.000000
-175 -80 0.000000
-175 -75 0.000000
-175 -70 0.000000
-175 -65 0.000000
-175 -60 0.000000
-175 -55 0.000000
-175 -50 0.000000
-175 -45 0.000023
-175 -40 0.000414
-175 -35 0.000963
-175 -30 0.001757
-175 -25 0.002509
-175 -20 0.002801
-175 -15 0.002442
-175 -10 0.001663
-175 -5 0.000884
-175 0 0.000359
-175 5 0.000000
-175 10 0.000000
-175 15 0.000000
-175 20 0.000000
-175 25 0.000000
-175 30 0.000000
-175 35 0.000000
-175 40 0.000000
-175 45 0.000000
-175 50 0.000000
-175 55 0.000000
-175 60 0.000000
-175 65 0.000000
-175 70 0.000000
-175 75 0.000000
-175 80 0.000000
-175 85 0.000000
-175 90 0.000000
-175 95 0.000000
-175 100 0.000005
-175 105 0.000052
-175 110 0.000119
-175 115 0.005700
-175 120 0.025112
-175 125 0.059605
-175 130 0.115588
-175 135 0.180333
-175 140 0.241042
-175 145 0.280595
-175 150 0.293497
-175 155 0.283797
-175 160 0.258273
-175 165 0.224808
-175 170 0.196647
-175 175 0.169247
-170 -180 0.290947
-170 -175 0.251020
-170 -170 0.195156
-170 -165 0.132463
-170 -160 0.074745
-170 -155 0.032970
-170 -150 0.011400
-170 -145 0.001316
-170 -140 0.000470
-170 -135 0.000161
-170 -130 0.000000
-170 -125 0.000000
-170 -120 0.000000
-170 -115 0.000000
-170 -110 0.000000
-170 -105 0.000000
-170 -100 0.000000
-170 -95 0.000000
-170 -90 0.000000
-170 -85 0.000000
-170 -80 0.000000
-170 -75 0.000000
-170 -70 0.000000
-170 -65 0.000000
-170 -60 0.000000
-170 -55 0.000000
-170 -50 0.000000
-170 -45 0.000078
-170 -40 0.001406
-170 -35 0.003275
-170 -30 0.005973
-170 -25 0.008528
-170 -20 0.009519
-170 -15 0.008302
-170 -10 0.005653
-170 -5 0.003003
-170 0 0.001220
-170 5 0.000000
-170 10 0.000000
-170 15 0.000000
-170 20 0.000000
-170 25 0.000000
-170 30 0.000000
-170 35 0.000000
-170 40 0.000000
-170 45 0.000000
-170 50 0.000000
-170 55 0.000000
-170 60 0.000000
-170 65 0.000000
-170 70 0.000000
-170 75 0.000000
-170 80 0.000000
-170 85 0.000000
-170 90 0.000000
-170 95 0.000000
-170 100 0.000083
-170 105 0.000943
-170 110 0.002157
-170 115 0.013421
-170 120 0.043311
-170 125 0.099957
-170 130 0.191724
-170 135 0.305755
-170 140 0.418618
-170 145 0.503862
-170 150 0.539655
-170 155 0.526265
-170 160 0.476485
-170 165 0.413810
-170 170 0.362992
-170 175 0.322678
-165 -180 0.514340
-165 -175 0.451540
-165 -170 0.358068
-165 -165 0.249807
-165 -160 0.146034
-165 -155 0.068513
-165 -150 0.025766
-165 -145 0.005109
-165 -140 0.002126
-165 -135 0.000729
-165 -130 0.000000
-165 -125 0.000000
-165 -120 0.000000
-165 -115 0.000000
-165 -110 0.000000
-165 -105 0.000000
-165 -100 0.000000
-165 -95 0.000000
-165 -90 0.000000
-165 -85 0.000000
-165 -80 0.000000
-165 -75 0.000000
-165 -70 0.000000
-165 -65 0.000000
-165 -60 0.000000
-165 -55 0.000000
-165 -50 0.000000
-165 -45 0.000158
-165 -40 0.002847
-165 -35 0.006629
-165 -30 0.012092
-165 -25 0.017264
-165 -20 0.019270
-165 -15 0.016805
-165 -10 0.011443
-165 -5 0.006080
-165 0 0.002914
-165 5 0.001340
-165 10 0.002648
-165 15 0.004124
-165 20 0.005066
-165 25 0.005024
-165 30 0.004060
-165 35 0.002842
-165 40 0.001934
-165 45 0.001262
-165 50 0.000922
-165 55 0.000678
-165 60 0.000393
-165 65 0.000235
-165 70 0.000215
-165 75 0.000372
-165 80 0.000592
-165 85 0.000745
-165 90 0.000742
-165 95 0.000584
-165 100 0.000556
-165 105 0.002492
-165 110 0.005640
-165 115 0.023910
-165 120 0.064157
-165 125 0.146149
-165 130 0.280950
-165 135 0.462952
-165 140 0.659580
-165 145 0.832493
-165 150 0.929638
-165 155 0.935035
-165 160 0.860598
-165 165 0.750292
-165 170 0.648580
-165 175 0.571237
-160 -180 0.878745
-160 -175 0.747795
-160 -170 0.580033
-160 -165 0.399813
-160 -160 0.233534
-160 -155 0.112048
-160 -150 0.043111
-160 -145 0.010367
-160 -140 0.004501
-160 -135 0.001545
-160 -130 0.000000
-160 -125 0.000000
-160 -120 0.000000
-160 -115 0.000005
-160 -110 0.000023
-160 -105 0.000048
-160 -100 0.000080
-160 -95 0.000104
-160 -90 0.000108
-160 -85 0.000088
-160 -80 0.000057
-160 -75 0.000029
-160 -70 0.000010
-160 -65 0.000000
-160 -60 0.000000
-160 -55 0.000000
-160 -50 0.000000
-160 -45 0.000593
-160 -40 0.005427
-160 -35 0.012302
-160 -30 0.021928
-160 -25 0.030719
-160 -20 0.033805
-160 -15 0.029198
-160 -10 0.020272
-160 -5 0.011825
-160 0 0.007810
-160 5 0.007303
-160 10 0.011665
-160 15 0.015796
-160 20 0.018126
-160 25 0.018349
-160 30 0.016401
-160 35 0.013702
-160 40 0.011778
-160 45 0.009833
-160 50 0.007859
-160 55 0.005550
-160 60 0.003340
-160 65 0.002209
-160 70 0.002129
-160 75 0.003418
-160 80 0.005195
-160 85 0.006420
-160 90 0.006351
-160 95 0.004985
-160 100 0.003747
-160 105 0.007241
-160 110 0.015625
-160 115 0.046009
-160 120 0.103871
-160 125 0.220099
-160 130 0.409322
-160 135 0.679105
-160 140 0.992142
-160 145 1.298337
-160 150 1.508408
-160 155 1.577788
-160 160 1.504115
-160 165 1.345905
-160 170 1.167083
-160 175 1.009953
-155 -180 1.418865
-155 -175 1.140367
-155 -170 0.844800
-155 -165 0.563475
-155 -160 0.324425
-155 -155 0.158719
-155 -150 0.063124
-155 -145 0.018623
-155 -140 0.008358
-155 -135 0.002889
-155 -130 0.000000
-155 -125 0.000000
-155 -120 0.000000
-155 -115 0.000283
-155 -110 0.001180
-155 -105 0.002471
-155 -100 0.004209
-155 -95 0.005799
-155 -90 0.006453
-155 -85 0.006009
-155 -80 0.004821
-155 -75 0.003418
-155 -70 0.002773
-155 -65 0.003394
-155 -60 0.005675
-155 -55 0.008748
-155 -50 0.011389
-155 -45 0.013630
-155 -40 0.019561
-155 -35 0.028188
-155 -30 0.041472
-155 -25 0.054886
-155 -20 0.061274
-155 -15 0.056665
-155 -10 0.045179
-155 -5 0.033039
-155 0 0.027046
-155 5 0.027717
-155 10 0.036731
-155 15 0.046603
-155 20 0.054139
-155 25 0.058682
-155 30 0.058410
-155 35 0.055253
-155 40 0.052697
-155 45 0.048309
-155 50 0.043291
-155 55 0.037040
-155 60 0.031533
-155 65 0.028066
-155 70 0.025417
-155 75 0.025346
-155 80 0.026096
-155 85 0.025768
-155 90 0.024518
-155 95 0.021045
-155 100 0.019636
-155 105 0.027219
-155 110 0.046276
-155 115 0.094080
-155 120 0.177268
-155 125 0.333663
-155 130 0.585342
-155 135 0.957583
-155 140 1.420800
-155 145 1.916737
-155 150 2.317988
-155 155 2.531825
-155 160 2.514750
-155 165 2.319440
-155 170 2.025583
-155 175 1.713210
-150 -180 2.107240
-150 -175 1.593808
-150 -170 1.117123
-150 -165 0.712328
-150 -160 0.400730
-150 -155 0.199176
-150 -150 0.082011
-150 -145 0.028343
-150 -140 0.012809
-150 -135 0.004428
-150 -130 0.000000
-150 -125 0.000000
-150 -120 0.000000
-150 -115 0.000837
-150 -110 0.003432
-150 -105 0.007237
-150 -100 0.012987
-150 -95 0.019055
-150 -90 0.023038
-150 -85 0.024075
-150 -80 0.022271
-150 -75 0.018422
-150 -70 0.015500
-150 -65 0.015705
-150 -60 0.021260
-150 -55 0.029948
-150 -50 0.038420
-150 -45 0.045463
-150 -40 0.054059
-150 -35 0.065339
-150 -30 0.083939
-150 -25 0.106008
-150 -20 0.123734
-150 -15 0.131643
-150 -10 0.132545
-150 -5 0.130128
-150 0 0.131020
-150 5 0.134859
-150 10 0.142568
-150 15 0.146299
-150 20 0.146481
-150 25 0.145836
-150 30 0.141046
-150 35 0.133943
-150 40 0.128389
-150 45 0.118238
-150 50 0.108409
-150 55 0.098826
-150 60 0.094384
-150 65 0.094095
-150 70 0.091975
-150 75 0.090280
-150 80 0.086135
-150 85 0.079359
-150 90 0.073413
-150 95 0.065893
-150 100 0.065391
-150 105 0.078767
-150 110 0.112945
-150 115 0.182533
-150 120 0.298060
-150 125 0.495845
-150 130 0.809017
-150 135 1.279232
-150 140 1.898968
-150 145 2.611675
-150 150 3.265800
-150 155 3.706675
-150 160 3.822025
-150 165 3.626075
-150 170 3.199200
-150 175 2.659750
-145 -180 2.898950
-145 -175 2.076305
-145 -170 1.374460
-145 -165 0.829985
-145 -160 0.450550
-145 -155 0.225592
-145 -150 0.095472
-145 -145 0.036883
-145 -140 0.016424
-145 -135 0.005603
-145 -130 0.000000
-145 -125 0.000000
-145 -120 0.000000
-145 -115 0.001797
-145 -110 0.007285
-145 -105 0.015745
-145 -100 0.029466
-145 -95 0.044837
-145 -90 0.056698
-145 -85 0.062109
-145 -80 0.060809
-145 -75 0.053520
-145 -70 0.048605
-145 -65 0.050521
-145 -60 0.064616
-145 -55 0.084470
-145 -50 0.103035
-145 -45 0.116063
-145 -40 0.126901
-145 -35 0.141528
-145 -30 0.171697
-145 -25 0.214724
-145 -20 0.265753
-145 -15 0.312953
-145 -10 0.353758
-145 -5 0.381827
-145 0 0.398395
-145 5 0.400190
-145 10 0.390308
-145 15 0.366658
-145 20 0.341245
-145 25 0.320670
-145 30 0.300262
-145 35 0.278273
-145 40 0.258675
-145 45 0.232083
-145 50 0.210662
-145 55 0.197090
-145 60 0.199403
-145 65 0.209350
-145 70 0.212610
-145 75 0.209035
-145 80 0.194404
-145 85 0.172624
-145 90 0.154868
-145 95 0.140001
-145 100 0.142431
-145 105 0.167700
-145 110 0.226096
-145 115 0.326028
-145 120 0.480960
-145 125 0.714730
-145 130 1.073418
-145 135 1.612530
-145 140 2.363445
-145 145 3.284575
-145 150 4.222175
-145 155 4.956500
-145 160 5.280800
-145 165 5.139200
-145 170 4.590950
-145 175 3.782400
-140 -180 3.589700
-140 -175 2.473875
-140 -170 1.567488
-140 -165 0.904657
-140 -160 0.476395
-140 -155 0.240944
-140 -150 0.105291
-140 -145 0.043875
-140 -140 0.019767
-140 -135 0.008068
-140 -130 0.003484
-140 -125 0.005005
-140 -120 0.005703
-140 -115 0.008491
-140 -110 0.016704
-140 -105 0.031559
-140 -100 0.057438
-140 -95 0.088265
-140 -90 0.115021
-140 -85 0.130270
-140 -80 0.132270
-140 -75 0.120947
-140 -70 0.112494
-140 -65 0.114603
-140 -60 0.136545
-140 -55 0.167618
-140 -50 0.196650
-140 -45 0.216641
-140 -40 0.233569
-140 -35 0.259647
-140 -30 0.315642
-140 -25 0.400550
-140 -20 0.513955
-140 -15 0.635398
-140 -10 0.755235
-140 -5 0.849567
-140 0 0.906500
-140 5 0.912690
-140 10 0.871283
-140 15 0.790073
-140 20 0.702302
-140 25 0.624610
-140 30 0.555283
-140 35 0.488775
-140 40 0.430783
-140 45 0.369545
-140 50 0.326495
-140 55 0.308138
-140 60 0.323472
-140 65 0.351168
-140 70 0.366148
-140 75 0.362185
-140 80 0.334785
-140 85 0.295567
-140 90 0.266497
-140 95 0.249244
-140 100 0.263918
-140 105 0.311447
-140 110 0.401143
-140 115 0.532945
-140 120 0.722712
-140 125 0.976030
-140 130 1.350075
-140 135 1.911397
-140 140 2.733975
-140 145 3.798525
-140 150 4.969750
-140 155 5.977100
-140 160 6.520450
-140 165 6.462800
-140 170 5.831050
-140 175 4.783525
-135 -180 4.005750
-135 -175 2.701525
-135 -170 1.668893
-135 -165 0.936540
-135 -160 0.484418
-135 -155 0.247458
-135 -150 0.111140
-135 -145 0.047684
-135 -140 0.021646
-135 -135 0.010514
-135 -130 0.008357
-135 -125 0.012006
-135 -120 0.014080
-135 -115 0.018594
-135 -110 0.030051
-135 -105 0.052693
-135 -100 0.092600
-135 -95 0.140992
-135 -90 0.185823
-135 -85 0.214629
-135 -80 0.223959
-135 -75 0.211590
-135 -70 0.201913
-135 -65 0.204565
-135 -60 0.232869
-135 -55 0.272920
-135 -50 0.312117
-135 -45 0.341555
-135 -40 0.376355
-135 -35 0.434188
-135 -30 0.545297
-135 -25 0.708022
-135 -20 0.926103
-135 -15 1.163290
-135 -10 1.402695
-135 -5 1.597492
-135 0 1.715037
-135 5 1.726388
-135 10 1.633622
-135 15 1.455637
-135 20 1.255215
-135 25 1.065435
-135 30 0.898155
-135 35 0.744123
-135 40 0.613853
-135 45 0.496777
-135 50 0.419585
-135 55 0.394235
-135 60 0.426367
-135 65 0.476820
-135 70 0.510968
-135 75 0.511355
-135 80 0.474115
-135 85 0.420075
-135 90 0.382550
-135 95 0.369478
-135 100 0.404805
-135 105 0.484355
-135 110 0.608938
-135 115 0.768522
-135 120 0.978850
-135 125 1.229680
-135 130 1.586588
-135 135 2.124475
-135 140 2.948875
-135 145 4.056850
-135 150 5.341225
-135 155 6.511225
-135 160 7.206075
-135 165 7.228275
-135 170 6.573350
-135 175 5.392075
-130 -180 4.039650
-130 -175 2.706100
-130 -170 1.660438
-130 -165 0.926322
-130 -160 0.480725
-130 -155 0.249593
-130 -150 0.115264
-130 -145 0.049690
-130 -140 0.023073
-130 -135 0.013544
-130 -130 0.015613
-130 -125 0.022430
-130 -120 0.026518
-130 -115 0.032398
-130 -110 0.045227
-130 -105 0.073946
-130 -100 0.125353
-130 -95 0.189124
-130 -90 0.252240
-130 -85 0.298270
-130 -80 0.320937
-130 -75 0.314835
-130 -70 0.309003
-130 -65 0.311738
-130 -60 0.338532
-130 -55 0.377043
-130 -50 0.419128
-130 -45 0.458220
-130 -40 0.522628
-130 -35 0.635642
-130 -30 0.830555
-130 -25 1.102600
-130 -20 1.456365
-130 -15 1.838000
-130 -10 2.225975
-130 -5 2.552950
-130 0 2.761250
-130 5 2.798875
-130 10 2.657500
-130 15 2.361687
-130 20 2.001892
-130 25 1.636502
-130 30 1.306295
-130 35 1.009068
-130 40 0.766493
-130 45 0.573285
-130 50 0.451442
-130 55 0.413988
-130 60 0.457340
-130 65 0.525088
-130 70 0.579130
-130 75 0.589335
-130 80 0.554040
-130 85 0.500050
-130 90 0.467810
-130 95 0.472523
-130 100 0.539850
-130 105 0.662757
-130 110 0.828553
-130 115 1.018395
-130 120 1.243195
-130 125 1.477925
-130 130 1.787247
-130 135 2.252433
-130 140 2.992400
-130 145 4.015675
-130 150 5.248675
-130 155 6.418725
-130 160 7.152000
-130 165 7.226700
-130 170 6.615200
-130 175 5.445025
-125 -180 3.750050
-125 -175 2.513425
-125 -170 1.542450
-125 -165 0.862882
-125 -160 0.451338
-125 -155 0.236727
-125 -150 0.111333
-125 -145 0.047446
-125 -140 0.022936
-125 -135 0.015974
-125 -130 0.022717
-125 -125 0.032636
-125 -120 0.039148
-125 -115 0.047015
-125 -110 0.060981
-125 -105 0.094431
-125 -100 0.152242
-125 -95 0.223539
-125 -90 0.296905
-125 -85 0.356092
-125 -80 0.393197
-125 -75 0.399900
-125 -70 0.403693
-125 -65 0.407932
-125 -60 0.426702
-125 -55 0.456695
-125 -50 0.498690
-125 -45 0.554165
-125 -40 0.666013
-125 -35 0.862778
-125 -30 1.169277
-125 -25 1.574102
-125 -20 2.073335
-125 -15 2.594950
-125 -10 3.115275
-125 -5 3.563500
-125 0 3.861600
-125 5 3.936675
-125 10 3.761175
-125 15 3.353925
-125 20 2.817875
-125 25 2.242490
-125 30 1.709528
-125 35 1.236920
-125 40 0.861400
-125 45 0.586880
-125 50 0.417750
-125 55 0.360975
-125 60 0.400338
-125 65 0.468933
-125 70 0.533415
-125 75 0.555030
-125 80 0.535420
-125 85 0.501305
-125 90 0.492350
-125 95 0.527870
-125 100 0.632907
-125 105 0.799965
-125 110 1.004060
-125 115 1.221788
-125 120 1.459315
-125 125 1.681693
-125 130 1.942923
-125 135 2.319780
-125 140 2.921950
-125 145 3.765725
-125 150 4.810725
-125 155 5.838050
-125 160 6.508300
-125 165 6.606525
-125 170 6.085525
-125 175 5.037775
-120 -180 3.314925
-120 -175 2.226835
-120 -170 1.364528
-120 -165 0.764402
-120 -160 0.401663
-120 -155 0.211171
-120 -150 0.101071
-120 -145 0.043884
-120 -140 0.023215
-120 -135 0.017805
-120 -130 0.026776
-120 -125 0.037498
-120 -120 0.045344
-120 -115 0.055083
-120 -110 0.070107
-120 -105 0.105268
-120 -100 0.161792
-120 -95 0.229695
-120 -90 0.301440
-120 -85 0.366450
-120 -80 0.416310
-120 -75 0.441533
-120 -70 0.460563
-120 -65 0.469740
-120 -60 0.479403
-120 -55 0.499480
-120 -50 0.542290
-120 -45 0.621752
-120 -40 0.791552
-120 -35 1.086852
-120 -30 1.515937
-120 -25 2.059433
-120 -20 2.696250
-120 -15 3.341500
-120 -10 3.967800
-120 -5 4.513125
-120 0 4.884350
-120 5 4.990800
-120 10 4.780325
-120 15 4.261925
-120 20 3.543375
-120 25 2.751000
-120 30 2.011660
-120 35 1.372763
-120 40 0.881220
-120 45 0.545508
-120 50 0.342932
-120 55 0.266480
-120 60 0.287892
-120 65 0.339840
-120 70 0.399537
-120 75 0.427763
-120 80 0.430730
-120 85 0.429260
-120 90 0.456015
-120 95 0.528795
-120 100 0.671060
-120 105 0.877320
-120 110 1.118370
-120 115 1.371200
-120 120 1.636075
-120 125 1.868863
-120 130 2.104080
-120 135 2.401448
-120 140 2.849175
-120 145 3.476175
-120 150 4.272750
-120 155 5.088625
-120 160 5.645500
-120 165 5.746625
-120 170 5.323600
-120 175 4.433475
-115 -180 2.893425
-115 -175 1.941117
-115 -170 1.178675
-115 -165 0.658358
-115 -160 0.347192
-115 -155 0.184004
-115 -150 0.092751
-115 -145 0.044804
-115 -140 0.026922
-115 -135 0.020196
-115 -130 0.026886
-115 -125 0.034721
-115 -120 0.041624
-115 -115 0.052478
-115 -110 0.068662
-115 -105 0.102789
-115 -100 0.152511
-115 -95 0.209526
-115 -90 0.270457
-115 -85 0.333613
-115 -80 0.390693
-115 -75 0.433687
-115 -70 0.469567
-115 -65 0.490055
-115 -60 0.500650
-115 -55 0.523225
-115 -50 0.577965
-115 -45 0.690117
-115 -40 0.916975
-115 -35 1.304917
-115 -30 1.847180
-115 -25 2.518125
-115 -20 3.276150
-115 -15 4.026050
-115 -10 4.722650
-115 -5 5.315800
-115 0 5.706725
-115 5 5.796475
-115 10 5.517650
-115 15 4.880400
-115 20 3.997150
-115 25 3.026025
-115 30 2.129150
-115 35 1.382245
-115 40 0.828455
-115 45 0.471535
-115 50 0.263063
-115 55 0.176392
-115 60 0.175813
-115 65 0.202612
-115 70 0.244844
-115 75 0.270635
-115 80 0.290980
-115 85 0.321040
-115 90 0.383777
-115 95 0.491707
-115 100 0.664705
-115 105 0.896695
-115 110 1.163947
-115 115 1.449615
-115 120 1.748333
-115 125 2.009572
-115 130 2.241940
-115 135 2.478360
-115 140 2.786250
-115 145 3.216750
-115 150 3.786550
-115 155 4.407800
-115 160 4.862750
-115 165 4.964450
-115 170 4.620300
-115 175 3.862425
-110 -180 2.670000
-110 -175 1.779602
-110 -170 1.059315
-110 -165 0.583850
-110 -160 0.304748
-110 -155 0.160960
-110 -150 0.085908
-110 -145 0.047665
-110 -140 0.032076
-110 -135 0.022805
-110 -130 0.024297
-110 -125 0.026774
-110 -120 0.030763
-110 -115 0.041187
-110 -110 0.057342
-110 -105 0.087393
-110 -100 0.126908
-110 -95 0.169788
-110 -90 0.215689
-110 -85 0.270710
-110 -80 0.327472
-110 -75 0.381600
-110 -70 0.431962
-110 -65 0.470752
-110 -60 0.499733
-110 -55 0.545295
-110 -50 0.628595
-110 -45 0.781137
-110 -40 1.056400
-110 -35 1.514323
-110 -30 2.143820
-110 -25 2.916375
-110 -20 3.777350
-110 -15 4.622500
-110 -10 5.371825
-110 -5 5.969200
-110 0 6.311600
-110 5 6.301400
-110 10 5.881525
-110 15 5.094475
-110 20 4.072975
-110 25 2.993400
-110 30 2.029160
-110 35 1.265720
-110 40 0.723152
-110 45 0.389305
-110 50 0.201334
-110 55 0.116011
-110 60 0.097138
-110 65 0.101051
-110 70 0.122860
-110 75 0.141053
-110 80 0.168899
-110 85 0.218810
-110 90 0.304612
-110 95 0.434298
-110 100 0.623560
-110 105 0.866332
-110 110 1.151205
-110 115 1.469488
-110 120 1.808055
-110 125 2.106813
-110 130 2.345715
-110 135 2.530225
-110 140 2.721875
-110 145 3.011875
-110 150 3.438750
-110 155 3.961525
-110 160 4.396525
-110 165 4.537875
-110 170 4.255625
-110 175 3.567625
-105 -180 2.706825
-105 -175 1.779723
-105 -170 1.031910
-105 -165 0.558343
-105 -160 0.288233
-105 -155 0.151332
-105 -150 0.085733
-105 -145 0.054352
-105 -140 0.039744
-105 -135 0.027415
-105 -130 0.022665
-105 -125 0.019163
-105 -120 0.019162
-105 -115 0.027408
-105 -110 0.041926
-105 -105 0.066592
-105 -100 0.096677
-105 -95 0.127868
-105 -90 0.160611
-105 -85 0.203605
-105 -80 0.251153
-105 -75 0.305663
-105 -70 0.364893
-105 -65 0.428130
-105 -60 0.494445
-105 -55 0.583205
-105 -50 0.707315
-105 -45 0.898250
-105 -40 1.205645
-105 -35 1.709885
-105 -30 2.412490
-105 -25 3.283975
-105 -20 4.260350
-105 -15 5.209550
-105 -10 6.000850
-105 -5 6.545625
-105 0 6.742550
-105 5 6.518650
-105 10 5.864100
-105 15 4.890675
-105 20 3.768125
-105 25 2.667525
-105 30 1.744997
-105 35 1.060432
-105 40 0.599457
-105 45 0.326008
-105 50 0.177617
-105 55 0.104757
-105 60 0.075854
-105 65 0.063993
-105 70 0.067129
-105 75 0.073247
-105 80 0.096019
-105 85 0.149629
-105 90 0.242083
-105 95 0.379178
-105 100 0.573325
-105 105 0.818590
-105 110 1.115252
-105 115 1.460660
-105 120 1.833995
-105 125 2.165135
-105 130 2.409353
-105 135 2.553500
-105 140 2.671975
-105 145 2.909100
-105 150 3.319875
-105 155 3.880775
-105 160 4.401625
-105 165 4.620225
-105 170 4.360525
-105 175 3.645875
-100 -180 2.940050
-100 -175 1.911870
-100 -170 1.089080
-100 -165 0.583047
-100 -160 0.300157
-100 -155 0.155583
-100 -150 0.090161
-100 -145 0.060529
-100 -140 0.045890
-100 -135 0.031518
-100 -130 0.022131
-100 -125 0.014332
-100 -120 0.010915
-100 -115 0.015898
-100 -110 0.026954
-100 -105 0.045313
-100 -100 0.067417
-100 -95 0.090455
-100 -90 0.114393
-100 -85 0.145586
-100 -80 0.179361
-100 -75 0.225149
-100 -70 0.285210
-100 -65 0.369988
-100 -60 0.479080
-100 -55 0.618965
-100 -50 0.791405
-100 -45 1.023362
-100 -40 1.363180
-100 -35 1.909915
-100 -30 2.688550
-100 -25 3.664225
-100 -20 4.762125
-100 -15 5.805550
-100 -10 6.611525
-100 -5 7.043350
-100 0 7.011225
-100 5 6.489975
-100 10 5.546075
-100 15 4.375800
-100 20 3.193200
-100 25 2.144065
-100 30 1.345717
-100 35 0.804010
-100 40 0.467365
-100 45 0.274605
-100 50 0.174397
-100 55 0.122445
-100 60 0.095575
-100 65 0.080793
-100 70 0.074738
-100 75 0.070956
-100 80 0.081104
-100 85 0.126292
-100 90 0.212249
-100 95 0.345458
-100 100 0.536965
-100 105 0.780658
-100 110 1.084272
-100 115 1.447057
-100 120 1.841797
-100 125 2.190558
-100 130 2.428962
-100 135 2.539600
-100 140 2.618925
-100 145 2.868200
-100 150 3.355525
-100 155 4.052525
-100 160 4.732925
-100 165 5.055050
-100 170 4.795025
-100 175 3.994250
-95 -180 3.290450
-95 -175 2.117082
-95 -170 1.191232
-95 -165 0.632210
-95 -160 0.323785
-95 -155 0.163399
-95 -150 0.091825
-95 -145 0.059910
-95 -140 0.044855
-95 -135 0.030423
-95 -130 0.019214
-95 -125 0.009611
-95 -120 0.004373
-95 -115 0.006418
-95 -110 0.013722
-95 -105 0.025989
-95 -100 0.041451
-95 -95 0.058263
-95 -90 0.075866
-95 -85 0.096594
-95 -80 0.116851
-95 -75 0.152097
-95 -70 0.212029
-95 -65 0.316648
-95 -60 0.467208
-95 -55 0.655200
-95 -50 0.873015
-95 -45 1.142953
-95 -40 1.520635
-95 -35 2.122665
-95 -30 2.997700
-95 -25 4.094250
-95 -20 5.315800
-95 -15 6.419375
-95 -10 7.177350
-95 -5 7.416875
-95 0 7.080825
-95 5 6.220875
-95 10 4.997575
-95 15 3.679950
-95 20 2.504950
-95 25 1.569275
-95 30 0.941840
-95 35 0.561910
-95 40 0.350610
-95 45 0.234621
-95 50 0.177781
-95 55 0.149590
-95 60 0.135560
-95 65 0.130198
-95 70 0.125801
-95 75 0.116357
-95 80 0.110442
-95 85 0.137013
-95 90 0.203413
-95 95 0.320487
-95 100 0.501812
-95 105 0.743925
-95 110 1.059227
-95 115 1.443793
-95 120 1.859365
-95 125 2.224540
-95 130 2.457558
-95 135 2.548250
-95 140 2.620975
-95 145 2.928800
-95 150 3.550875
-95 155 4.438025
-95 160 5.308950
-95 165 5.735425
-95 170 5.445700
-95 175 4.512775
-90 -180 3.593400
-90 -175 2.279893
-90 -170 1.261440
-90 -165 0.657595
-90 -160 0.330545
-90 -155 0.160575
-90 -150 0.084827
-90 -145 0.050969
-90 -140 0.036599
-90 -135 0.024719
-90 -130 0.015640
-90 -125 0.007823
-90 -120 0.002999
-90 -115 0.002844
-90 -110 0.006133
-90 -105 0.012956
-90 -100 0.022968
-90 -95 0.035172
-90 -90 0.048526
-90 -85 0.061801
-90 -80 0.072125
-90 -75 0.098926
-90 -70 0.158374
-90 -65 0.275957
-90 -60 0.455558
-90 -55 0.679662
-90 -50 0.934878
-90 -45 1.246215
-90 -40 1.682567
-90 -35 2.374050
-90 -30 3.377350
-90 -25 4.609850
-90 -20 5.927350
-90 -15 7.010050
-90 -10 7.607050
-90 -5 7.556575
-90 0 6.869100
-90 5 5.696500
-90 10 4.282975
-90 15 2.928275
-90 20 1.845137
-90 25 1.066790
-90 30 0.613758
-90 35 0.372450
-90 40 0.255110
-90 45 0.194113
-90 50 0.168142
-90 55 0.161184
-90 60 0.165191
-90 65 0.175972
-90 70 0.180152
-90 75 0.169974
-90 80 0.151656
-90 85 0.159174
-90 90 0.203199
-90 95 0.298613
-90 100 0.465682
-90 105 0.709290
-90 110 1.048280
-90 115 1.474312
-90 120 1.931828
-90 125 2.335247
-90 130 2.579400
-90 135 2.665675
-90 140 2.744975
-90 145 3.112325
-90 150 3.856125
-90 155 4.904675
-90 160 5.922150
-90 165 6.411275
-90 170 6.061825
-90 175 4.986325
-85 -180 3.691575
-85 -175 2.299362
-85 -170 1.239910
-85 -165 0.627145
-85 -160 0.303183
-85 -155 0.138769
-85 -150 0.067241
-85 -145 0.035578
-85 -140 0.023789
-85 -135 0.015846
-85 -130 0.010044
-85 -125 0.005024
-85 -120 0.001821
-85 -115 0.001274
-85 -110 0.002747
-85 -105 0.006425
-85 -100 0.012306
-85 -95 0.019708
-85 -90 0.027762
-85 -85 0.034232
-85 -80 0.037816
-85 -75 0.059734
-85 -70 0.120915
-85 -65 0.248928
-85 -60 0.449880
-85 -55 0.704845
-85 -50 0.998067
-85 -45 1.362407
-85 -40 1.886462
-85 -35 2.703300
-85 -30 3.855400
-85 -25 5.210350
-85 -20 6.550225
-85 -15 7.490050
-85 -10 7.790675
-85 -5 7.364500
-85 0 6.323525
-85 5 4.920225
-85 10 3.449000
-85 15 2.183358
-85 20 1.267993
-85 25 0.671625
-85 30 0.374605
-85 35 0.236865
-85 40 0.178464
-85 45 0.150510
-85 50 0.142964
-85 55 0.151940
-85 60 0.173550
-85 65 0.200674
-85 70 0.215200
-85 75 0.207486
-85 80 0.182194
-85 85 0.174016
-85 90 0.196826
-85 95 0.269715
-85 100 0.420098
-85 105 0.664980
-85 110 1.033182
-85 115 1.515522
-85 120 2.040785
-85 125 2.522975
-85 130 2.830925
-85 135 2.962175
-85 140 3.070000
-85 145 3.468500
-85 150 4.248125
-85 155 5.334400
-85 160 6.368900
-85 165 6.829175
-85 170 6.389775
-85 175 5.198375
-80 -180 3.471500
-80 -175 2.115023
-80 -170 1.104597
-80 -165 0.540247
-80 -160 0.248892
-80 -155 0.106952
-80 -150 0.047350
-80 -145 0.021375
-80 -140 0.012610
-80 -135 0.008017
-80 -130 0.005083
-80 -125 0.002542
-80 -120 0.000830
-80 -115 0.000167
-80 -110 0.000359
-80 -105 0.001560
-80 -100 0.004045
-80 -95 0.007601
-80 -90 0.011843
-80 -85 0.015043
-80 -80 0.016464
-80 -75 0.037490
-80 -70 0.102110
-80 -65 0.239428
-80 -60 0.459097
-80 -55 0.747727
-80 -50 1.089822
-80 -45 1.523152
-80 -40 2.145622
-80 -35 3.080825
-80 -30 4.337825
-80 -25 5.735300
-80 -20 6.984025
-80 -15 7.673850
-80 -10 7.607225
-80 -5 6.806225
-80 0 5.493675
-80 5 3.994475
-80 10 2.603825
-80 15 1.526938
-80 20 0.818435
-80 25 0.397390
-80 30 0.216424
-80 35 0.142284
-80 40 0.113774
-80 45 0.102279
-80 50 0.104956
-80 55 0.123396
-80 60 0.155800
-80 65 0.191892
-80 70 0.212258
-80 75 0.207617
-80 80 0.182000
-80 85 0.166628
-80 90 0.176600
-80 95 0.233630
-80 100 0.370757
-80 105 0.619475
-80 110 1.026305
-80 115 1.589253
-80 120 2.224415
-80 125 2.841450
-80 130 3.270225
-80 135 3.479575
-80 140 3.604150
-80 145 3.956725
-80 150 4.628475
-80 155 5.570150
-80 160 6.444900
-80 165 6.762600
-80 170 6.214725
-80 175 4.976475
-75 -180 2.924400
-75 -175 1.735088
-75 -170 0.870770
-75 -165 0.410398
-75 -160 0.177486
-75 -155 0.070894
-75 -150 0.028508
-75 -145 0.010303
-75 -140 0.004709
-75 -135 0.002662
-75 -130 0.001688
-75 -125 0.000844
-75 -120 0.000265
-75 -115 0.000000
-75 -110 0.000000
-75 -105 0.000403
-75 -100 0.001370
-75 -95 0.002773
-75 -90 0.004435
-75 -85 0.005607
-75 -80 0.006121
-75 -75 0.027613
-75 -70 0.097395
-75 -65 0.249479
-75 -60 0.497935
-75 -55 0.840000
-75 -50 1.255065
-75 -45 1.771590
-75 -40 2.478455
-75 -35 3.477350
-75 -30 4.735100
-75 -25 6.047025
-75 -20 7.082650
-75 -15 7.451600
-75 -10 7.014100
-75 -5 5.910000
-75 0 4.454350
-75 5 2.999350
-75 10 1.798510
-75 15 0.971840
-75 20 0.480710
-75 25 0.216217
-75 30 0.117385
-75 35 0.080314
-75 40 0.065024
-75 45 0.059888
-75 50 0.066057
-75 55 0.085683
-75 60 0.118165
-75 65 0.152591
-75 70 0.172039
-75 75 0.169606
-75 80 0.148509
-75 85 0.134188
-75 90 0.139895
-75 95 0.188772
-75 100 0.316848
-75 105 0.569098
-75 110 1.013045
-75 115 1.661712
-75 120 2.426613
-75 125 3.208900
-75 130 3.793200
-75 135 4.095425
-75 140 4.208575
-75 145 4.421900
-75 150 4.833250
-75 155 5.449400
-75 160 6.003850
-75 165 6.095350
-75 170 5.461700
-75 175 4.283000
-70 -180 2.185300
-70 -175 1.255888
-70 -170 0.600143
-70 -165 0.271312
-70 -160 0.108246
-70 -155 0.039705
-70 -150 0.014014
-70 -145 0.003299
-70 -140 0.000469
-70 -135 0.000000
-70 -130 0.000000
-70 -125 0.000000
-70 -120 0.000000
-70 -115 0.000000
-70 -110 0.000000
-70 -105 0.000015
-70 -100 0.000052
-70 -95 0.000105
-70 -90 0.000168
-70 -85 0.000212
-70 -80 0.000617
-70 -75 0.024056
-70 -70 0.100429
-70 -65 0.270228
-70 -60 0.551628
-70 -55 0.954375
-70 -50 1.446995
-70 -45 2.036993
-70 -40 2.785325
-70 -35 3.757800
-70 -30 4.880425
-70 -25 5.959950
-70 -20 6.679075
-70 -15 6.718225
-70 -10 6.005375
-70 -5 4.767375
-70 0 3.352825
-70 5 2.081810
-70 10 1.136267
-70 15 0.561765
-70 20 0.254972
-70 25 0.106973
-70 30 0.058672
-70 35 0.041351
-70 40 0.032441
-70 45 0.029392
-70 50 0.034658
-70 55 0.049655
-70 60 0.074197
-70 65 0.099567
-70 70 0.113804
-70 75 0.112800
-70 80 0.098823
-70 85 0.089522
-70 90 0.094843
-70 95 0.138125
-70 100 0.256605
-70 105 0.507117
-70 110 0.979720
-70 115 1.703712
-70 120 2.592425
-70 125 3.532425
-70 130 4.264825
-70 135 4.640800
-70 140 4.701375
-70 145 4.701350
-70 150 4.759350
-70 155 4.950775
-70 160 5.114050
-70 165 4.966775
-70 170 4.304750
-70 175 3.285625
-65 -180 1.418208
-65 -175 0.784337
-65 -170 0.352285
-65 -165 0.151192
-65 -160 0.054416
-65 -155 0.018589
-65 -150 0.006360
-65 -145 0.001380
-65 -140 0.000128
-65 -135 0.000000
-65 -130 0.000000
-65 -125 0.000000
-65 -120 0.000000
-65 -115 0.000000
-65 -110 0.000000
-65 -105 0.000000
-65 -100 0.000000
-65 -95 0.000000
-65 -90 0.000000
-65 -85 0.000000
-65 -80 0.000424
-65 -75 0.025971
-65 -70 0.109245
-65 -65 0.298073
-65 -60 0.611240
-65 -55 1.067295
-65 -50 1.615512
-65 -45 2.232690
-65 -40 2.939925
-65 -35 3.765300
-65 -30 4.616675
-65 -25 5.347900
-65 -20 5.709800
-65 -15 5.485775
-65 -10 4.661325
-65 -5 3.493525
-65 0 2.295515
-65 5 1.310645
-65 10 0.642302
-65 15 0.285922
-65 20 0.115258
-65 25 0.042399
-65 30 0.022125
-65 35 0.015266
-65 40 0.011305
-65 45 0.010312
-65 50 0.014278
-65 55 0.023636
-65 60 0.038230
-65 65 0.052703
-65 70 0.060542
-65 75 0.059955
-65 80 0.052490
-65 85 0.048914
-65 90 0.055291
-65 95 0.093094
-65 100 0.199375
-65 105 0.437188
-65 110 0.916587
-65 115 1.678215
-65 120 2.642100
-65 125 3.675775
-65 130 4.486400
-65 135 4.870100
-65 140 4.825625
-65 145 4.576775
-65 150 4.279825
-65 155 4.068100
-65 160 3.890550
-65 165 3.577250
-65 170 2.976700
-65 175 2.199270
-60 -180 0.790057
-60 -175 0.421233
-60 -170 0.177722
-60 -165 0.072730
-60 -160 0.022621
-60 -155 0.007121
-60 -150 0.002304
-60 -145 0.000414
-60 -140 0.000000
-60 -135 0.000000
-60 -130 0.000000
-60 -125 0.000000
-60 -120 0.000000
-60 -115 0.000000
-60 -110 0.000000
-60 -105 0.000000
-60 -100 0.000000
-60 -95 0.000000
-60 -90 0.000000
-60 -85 0.000000
-60 -80 0.000519
-60 -75 0.027216
-60 -70 0.114906
-60 -65 0.315790
-60 -60 0.645112
-60 -55 1.123985
-60 -50 1.680130
-60 -45 2.257420
-60 -40 2.836375
-60 -35 3.414975
-60 -30 3.913675
-60 -25 4.255725
-60 -20 4.295600
-60 -15 3.928425
-60 -10 3.170800
-60 -5 2.248540
-60 0 1.384760
-60 5 0.727243
-60 10 0.316340
-60 15 0.125197
-60 20 0.043187
-60 25 0.012610
-60 30 0.005215
-60 35 0.003322
-60 40 0.002410
-60 45 0.002473
-60 50 0.004631
-60 55 0.008568
-60 60 0.014498
-60 65 0.020122
-60 70 0.022914
-60 75 0.022609
-60 80 0.019690
-60 85 0.019699
-60 90 0.025762
-60 95 0.054935
-60 100 0.143918
-60 105 0.355045
-60 110 0.808115
-60 115 1.546080
-60 120 2.495078
-60 125 3.507075
-60 130 4.280325
-60 135 4.589850
-60 140 4.418200
-60 145 3.966800
-60 150 3.426450
-60 155 2.958125
-60 160 2.589575
-60 165 2.231625
-60 170 1.770985
-60 175 1.263110
-55 -180 0.364690
-55 -175 0.184172
-55 -170 0.070807
-55 -165 0.027124
-55 -160 0.006933
-55 -155 0.002377
-55 -150 0.000918
-55 -145 0.000165
-55 -140 0.000000
-55 -135 0.000000
-55 -130 0.000000
-55 -125 0.000000
-55 -120 0.000000
-55 -115 0.000000
-55 -110 0.000000
-55 -105 0.000230
-55 -100 0.000765
-55 -95 0.001542
-55 -90 0.002454
-55 -85 0.003087
-55 -80 0.003715
-55 -75 0.029328
-55 -70 0.115217
-55 -65 0.313503
-55 -60 0.631655
-55 -55 1.085750
-55 -50 1.586680
-55 -45 2.054693
-55 -40 2.445555
-55 -35 2.748900
-55 -30 2.921525
-55 -25 2.954450
-55 -20 2.798150
-55 -15 2.427975
-55 -10 1.859980
-55 -5 1.251900
-55 0 0.726272
-55 5 0.352080
-55 10 0.134377
-55 15 0.047238
-55 20 0.013811
-55 25 0.002632
-55 30 0.000412
-55 35 0.000077
-55 40 0.000000
-55 45 0.000206
-55 50 0.000975
-55 55 0.002104
-55 60 0.003612
-55 65 0.004897
-55 70 0.005327
-55 75 0.004963
-55 80 0.004067
-55 85 0.004941
-55 90 0.008898
-55 95 0.027337
-55 100 0.096515
-55 105 0.270540
-55 110 0.664815
-55 115 1.315073
-55 120 2.151798
-55 125 3.025125
-55 130 3.658025
-55 135 3.844725
-55 140 3.577150
-55 145 3.035925
-55 150 2.424835
-55 155 1.892380
-55 160 1.498965
-55 165 1.195815
-55 170 0.893900
-55 175 0.608398
-50 -180 0.136691
-50 -175 0.065608
-50 -170 0.022531
-50 -165 0.007019
-50 -160 0.000325
-50 -155 0.000000
-50 -150 0.000000
-50 -145 0.000000
-50 -140 0.000000
-50 -135 0.000000
-50 -130 0.000000
-50 -125 0.000000
-50 -120 0.000000
-50 -115 0.000000
-50 -110 0.000000
-50 -105 0.000719
-50 -100 0.002389
-50 -95 0.004815
-50 -90 0.007664
-50 -85 0.009642
-50 -80 0.010225
-50 -75 0.030628
-50 -70 0.104316
-50 -65 0.279078
-50 -60 0.554322
-50 -55 0.938165
-50 -50 1.337823
-50 -45 1.665740
-50 -40 1.872512
-50 -35 1.954518
-50 -30 1.909687
-50 -25 1.772072
-50 -20 1.550947
-50 -15 1.262970
-50 -10 0.908938
-50 -5 0.577322
-50 0 0.314510
-50 5 0.139879
-50 10 0.045643
-50 15 0.014474
-50 20 0.003869
-50 25 0.000510
-50 30 0.000000
-50 35 0.000000
-50 40 0.000000
-50 45 0.000000
-50 50 0.000000
-50 55 0.000000
-50 60 0.000000
-50 65 0.000000
-50 70 0.000000
-50 75 0.000000
-50 80 0.000000
-50 85 0.000511
-50 90 0.002080
-50 95 0.010914
-50 100 0.061369
-50 105 0.195219
-50 110 0.510223
-50 115 1.028460
-50 120 1.686687
-50 125 2.347725
-50 130 2.787050
-50 135 2.848625
-50 140 2.544350
-50 145 2.028482
-50 150 1.487837
-50 155 1.033492
-50 160 0.723208
-50 165 0.523232
-50 170 0.364140
-50 175 0.236545
-45 -180 0.037771
-45 -175 0.018091
-45 -170 0.006217
-45 -165 0.001904
-45 -160 0.000000
-45 -155 0.000000
-45 -150 0.000000
-45 -145 0.000000
-45 -140 0.000000
-45 -135 0.000000
-45 -130 0.000000
-45 -125 0.000000
-45 -120 0.000000
-45 -115 0.000000
-45 -110 0.000000
-45 -105 0.001432
-45 -100 0.004757
-45 -95 0.009588
-45 -90 0.015261
-45 -85 0.019200
-45 -80 0.019593
-45 -75 0.031960
-45 -70 0.085166
-45 -65 0.219781
-45 -60 0.428930
-45 -55 0.713557
-45 -50 0.992615
-45 -45 1.186548
-45 -40 1.255462
-45 -35 1.207418
-45 -30 1.068995
-45 -25 0.886980
-45 -20 0.691415
-45 -15 0.511100
-45 -10 0.332545
-45 -5 0.192523
-45 0 0.095466
-45 5 0.037236
-45 10 0.009392
-45 15 0.002871
-45 20 0.001023
-45 25 0.000180
-45 30 0.000000
-45 35 0.000000
-45 40 0.000000
-45 45 0.000000
-45 50 0.000000
-45 55 0.000000
-45 60 0.000000
-45 65 0.000000
-45 70 0.000000
-45 75 0.000000
-45 80 0.000000
-45 85 0.000060
-45 90 0.000391
-45 95 0.003697
-45 100 0.039384
-45 105 0.135243
-45 110 0.364350
-45 115 0.734835
-45 120 1.194575
-45 125 1.632943
-45 130 1.890545
-45 135 1.867700
-45 140 1.591208
-45 145 1.181925
-45 150 0.785898
-45 155 0.471373
-45 160 0.277505
-45 165 0.173240
-45 170 0.108376
-45 175 0.066586
-40 -180 0.007281
-40 -175 0.003680
-40 -170 0.001507
-40 -165 0.000531
-40 -160 0.000000
-40 -155 0.000000
-40 -150 0.000000
-40 -145 0.000000
-40 -140 0.000000
-40 -135 0.000000
-40 -130 0.000000
-40 -125 0.000000
-40 -120 0.000000
-40 -115 0.000000
-40 -110 0.000000
-40 -105 0.002249
-40 -100 0.007470
-40 -95 0.015057
-40 -90 0.023966
-40 -85 0.030151
-40 -80 0.030301
-40 -75 0.033946
-40 -70 0.063348
-40 -65 0.150204
-40 -60 0.286455
-40 -55 0.469358
-40 -50 0.639442
-40 -45 0.735442
-40 -40 0.730125
-40 -35 0.639632
-40 -30 0.500707
-40 -25 0.355158
-40 -20 0.229630
-40 -15 0.145579
-40 -10 0.080739
-40 -5 0.041251
-40 0 0.018549
-40 5 0.006301
-40 10 0.000837
-40 15 0.000018
-40 20 0.000000
-40 25 0.000000
-40 30 0.000000
-40 35 0.000000
-40 40 0.000000
-40 45 0.000000
-40 50 0.000000
-40 55 0.000000
-40 60 0.000000
-40 65 0.000000
-40 70 0.000000
-40 75 0.000000
-40 80 0.000000
-40 85 0.000000
-40 90 0.000024
-40 95 0.000492
-40 100 0.023926
-40 105 0.087680
-40 110 0.239568
-40 115 0.478515
-40 120 0.765197
-40 125 1.019713
-40 130 1.141615
-40 135 1.080020
-40 140 0.869643
-40 145 0.595513
-40 150 0.354063
-40 155 0.177540
-40 160 0.082694
-40 165 0.041230
-40 170 0.021634
-40 175 0.012475
-35 -180 0.000000
-35 -175 0.000000
-35 -170 0.000000
-35 -165 0.000000
-35 -160 0.000000
-35 -155 0.000000
-35 -150 0.000000
-35 -145 0.000000
-35 -140 0.000000
-35 -135 0.000000
-35 -130 0.000000
-35 -125 0.000000
-35 -120 0.000000
-35 -115 0.000000
-35 -110 0.000000
-35 -105 0.002789
-35 -100 0.009264
-35 -95 0.018673
-35 -90 0.029720
-35 -85 0.037391
-35 -80 0.037350
-35 -75 0.034468
-35 -70 0.044184
-35 -65 0.089136
-35 -60 0.163010
-35 -55 0.262817
-35 -50 0.352052
-35 -45 0.390702
-35 -40 0.364940
-35 -35 0.291215
-35 -30 0.200033
-35 -25 0.118386
-35 -20 0.058892
-35 -15 0.030590
-35 -10 0.013654
-35 -5 0.006240
-35 0 0.003156
-35 5 0.001200
-35 10 0.000167
-35 15 0.000000
-35 20 0.000000
-35 25 0.000000
-35 30 0.000000
-35 35 0.000000
-35 40 0.000000
-35 45 0.000000
-35 50 0.000000
-35 55 0.000000
-35 60 0.000000
-35 65 0.000000
-35 70 0.000000
-35 75 0.000000
-35 80 0.000000
-35 85 0.000000
-35 90 0.000000
-35 95 0.000000
-35 100 0.014736
-35 105 0.053903
-35 110 0.142847
-35 115 0.277058
-35 120 0.431493
-35 125 0.556847
-35 130 0.601172
-35 135 0.544863
-35 140 0.415545
-35 145 0.262577
-35 150 0.138398
-35 155 0.055172
-35 160 0.017016
-35 165 0.004088
-35 170 0.000669
-35 175 0.000020
-30 -180 0.000000
-30 -175 0.000000
-30 -170 0.000000
-30 -165 0.000000
-30 -160 0.000000
-30 -155 0.000000
-30 -150 0.000000
-30 -145 0.000000
-30 -140 0.000000
-30 -135 0.000000
-30 -130 0.000000
-30 -125 0.000000
-30 -120 0.000000
-30 -115 0.000000
-30 -110 0.000000
-30 -105 0.002733
-30 -100 0.009081
-30 -95 0.018304
-30 -90 0.029133
-30 -85 0.036651
-30 -80 0.036507
-30 -75 0.030538
-30 -70 0.028184
-30 -65 0.043446
-30 -60 0.072885
-30 -55 0.115288
-30 -50 0.153298
-30 -45 0.166342
-30 -40 0.148739
-30 -35 0.110744
-30 -30 0.069015
-30 -25 0.035237
-30 -20 0.012660
-30 -15 0.004817
-30 -10 0.001095
-30 -5 0.000000
-30 0 0.000000
-30 5 0.000000
-30 10 0.000000
-30 15 0.000000
-30 20 0.000000
-30 25 0.000000
-30 30 0.000000
-30 35 0.000000
-30 40 0.000000
-30 45 0.000000
-30 50 0.000000
-30 55 0.000000
-30 60 0.000000
-30 65 0.000000
-30 70 0.000000
-30 75 0.000000
-30 80 0.000000
-30 85 0.000000
-30 90 0.000000
-30 95 0.000000
-30 100 0.007782
-30 105 0.028365
-30 110 0.073449
-30 115 0.138911
-30 120 0.211851
-30 125 0.266738
-30 130 0.280043
-30 135 0.246078
-30 140 0.181317
-30 145 0.109641
-30 150 0.054527
-30 155 0.019594
-30 160 0.005337
-30 165 0.000864
-30 170 0.000074
-30 175 0.000000
-25 -180 0.000000
-25 -175 0.000000
-25 -170 0.000000
-25 -165 0.000000
-25 -160 0.000000
-25 -155 0.000000
-25 -150 0.000000
-25 -145 0.000000
-25 -140 0.000000
-25 -135 0.000000
-25 -130 0.000000
-25 -125 0.000000
-25 -120 0.000000
-25 -115 0.000000
-25 -110 0.000000
-25 -105 0.002119
-25 -100 0.007040
-25 -95 0.014190
-25 -90 0.022586
-25 -85 0.028415
-25 -80 0.028273
-25 -75 0.022702
-25 -70 0.016848
-25 -65 0.018559
-25 -60 0.026744
-25 -55 0.041109
-25 -50 0.054839
-25 -45 0.058670
-25 -40 0.050221
-25 -35 0.034336
-25 -30 0.018589
-25 -25 0.007498
-25 -20 0.001010
-25 -15 0.000031
-25 -10 0.000011
-25 -5 0.000000
-25 0 0.000000
-25 5 0.000000
-25 10 0.000000
-25 15 0.000000
-25 20 0.000000
-25 25 0.000000
-25 30 0.000000
-25 35 0.000000
-25 40 0.000000
-25 45 0.000000
-25 50 0.000000
-25 55 0.000000
-25 60 0.000000
-25 65 0.000000
-25 70 0.000000
-25 75 0.000000
-25 80 0.000000
-25 85 0.000000
-25 90 0.000000
-25 95 0.000000
-25 100 0.003326
-25 105 0.012781
-25 110 0.032752
-25 115 0.060746
-25 120 0.091161
-25 125 0.112047
-25 130 0.114061
-25 135 0.096523
-25 140 0.068072
-25 145 0.038975
-25 150 0.017818
-25 155 0.005511
-25 160 0.001330
-25 165 0.000031
-25 170 0.000000
-25 175 0.000000
-20 -180 0.000000
-20 -175 0.000000
-20 -170 0.000000
-20 -165 0.000000
-20 -160 0.000000
-20 -155 0.000000
-20 -150 0.000000
-20 -145 0.000000
-20 -140 0.000000
-20 -135 0.000000
-20 -130 0.000000
-20 -125 0.000000
-20 -120 0.000000
-20 -115 0.000000
-20 -110 0.000000
-20 -105 0.001300
-20 -100 0.004317
-20 -95 0.008702
-20 -90 0.013851
-20 -85 0.017426
-20 -80 0.017339
-20 -75 0.013706
-20 -70 0.008854
-20 -65 0.006203
-20 -60 0.005788
-20 -55 0.008021
-20 -50 0.011217
-20 -45 0.012504
-20 -40 0.011084
-20 -35 0.007800
-20 -30 0.004336
-20 -25 0.001852
-20 -20 0.000257
-20 -15 0.000000
-20 -10 0.000000
-20 -5 0.000000
-20 0 0.000000
-20 5 0.000000
-20 10 0.000000
-20 15 0.000000
-20 20 0.000000
-20 25 0.000000
-20 30 0.000000
-20 35 0.000000
-20 40 0.000000
-20 45 0.000000
-20 50 0.000000
-20 55 0.000000
-20 60 0.000000
-20 65 0.000000
-20 70 0.000000
-20 75 0.000000
-20 80 0.000000
-20 85 0.000000
-20 90 0.000000
-20 95 0.000000
-20 100 0.000883
-20 105 0.003832
-20 110 0.009461
-20 115 0.017289
-20 120 0.025681
-20 125 0.031029
-20 130 0.031067
-20 135 0.026023
-20 140 0.018384
-20 145 0.010714
-20 150 0.004935
-20 155 0.001751
-20 160 0.000517
-20 165 0.000000
-20 170 0.000000
-20 175 0.000000
-15 -180 0.000000
-15 -175 0.000000
-15 -170 0.000000
-15 -165 0.000000
-15 -160 0.000000
-15 -155 0.000000
-15 -150 0.000000
-15 -145 0.000000
-15 -140 0.000000
-15 -135 0.000000
-15 -130 0.000000
-15 -125 0.000000
-15 -120 0.000000
-15 -115 0.000000
-15 -110 0.000000
-15 -105 0.000630
-15 -100 0.002094
-15 -95 0.004220
-15 -90 0.006717
-15 -85 0.008450
-15 -80 0.008408
-15 -75 0.006618
-15 -70 0.004119
-15 -65 0.002026
-15 -60 0.000582
-15 -55 0.000000
-15 -50 0.000000
-15 -45 0.000000
-15 -40 0.000000
-15 -35 0.000000
-15 -30 0.000000
-15 -25 0.000000
-15 -20 0.000000
-15 -15 0.000000
-15 -10 0.000000
-15 -5 0.000000
-15 0 0.000000
-15 5 0.000000
-15 10 0.000000
-15 15 0.000000
-15 20 0.000000
-15 25 0.000000
-15 30 0.000000
-15 35 0.000000
-15 40 0.000000
-15 45 0.000000
-15 50 0.000000
-15 55 0.000000
-15 60 0.000000
-15 65 0.000000
-15 70 0.000000
-15 75 0.000000
-15 80 0.000000
-15 85 0.000000
-15 90 0.000000
-15 95 0.000000
-15 100 0.000087
-15 105 0.000537
-15 110 0.001266
-15 115 0.002290
-15 120 0.003327
-15 125 0.003871
-15 130 0.003674
-15 135 0.002888
-15 140 0.001914
-15 145 0.001059
-15 150 0.000418
-15 155 0.000166
-15 160 0.000053
-15 165 0.000000
-15 170 0.000000
-15 175 0.000000
-10 -180 0.000000
-10 -175 0.000000
-10 -170 0.000000
-10 -165 0.000000
-10 -160 0.000000
-10 -155 0.000000
-10 -150 0.000000
-10 -145 0.000000
-10 -140 0.000000
-10 -135 0.000000
-10 -130 0.000000
-10 -125 0.000000
-10 -120 0.000000
-10 -115 0.000000
-10 -110 0.000000
-10 -105 0.000167
-10 -100 0.000554
-10 -95 0.001116
-10 -90 0.001777
-10 -85 0.002236
-10 -80 0.002225
-10 -75 0.001751
-10 -70 0.001090
-10 -65 0.000536
-10 -60 0.000154
-10 -55 0.000000
-10 -50 0.000000
-10 -45 0.000000
-10 -40 0.000000
-10 -35 0.000000
-10 -30 0.000000
-10 -25 0.000000
-10 -20 0.000000
-10 -15 0.000000
-10 -10 0.000000
-10 -5 0.000000
-10 0 0.000000
-10 5 0.000000
-10 10 0.000000
-10 15 0.000000
-10 20 0.000000
-10 25 0.000000
-10 30 0.000000
-10 35 0.000000
-10 40 0.000000
-10 45 0.000000
-10 50 0.000000
-10 55 0.000000
-10 60 0.000000
-10 65 0.000000
-10 70 0.000000
-10 75 0.000000
-10 80 0.000000
-10 85 0.000000
-10 90 0.000000
-10 95 0.000000
-10 100 0.000000
-10 105 0.000000
-10 110 0.000000
-10 115 0.000000
-10 120 0.000000
-10 125 0.000000
-10 130 0.000000
-10 135 0.000000
-10 140 0.000000
-10 145 0.000000
-10 150 0.000000
-10 155 0.000000
-10 160 0.000000
-10 165 0.000000
-10 170 0.000000
-10 175 0.000000
-5 -180 0.000000
-5 -175 0.000000
-5 -170 0.000000
-5 -165 0.000000
-5 -160 0.000000
-5 -155 0.000000
-5 -150 0.000000
-5 -145 0.000000
-5 -140 0.000000
-5 -135 0.000000
-5 -130 0.000000
-5 -125 0.000000
-5 -120 0.000000
-5 -115 0.000000
-5 -110 0.000000
-5 -105 0.000000
-5 -100 0.000000
-5 -95 0.000000
-5 -90 0.000000
-5 -85 0.000000
-5 -80 0.000000
-5 -75 0.000000
-5 -70 0.000000
-5 -65 0.000000
-5 -60 0.000000
-5 -55 0.000000
-5 -50 0.000000
-5 -45 0.000000
-5 -40 0.000000
-5 -35 0.000000
-5 -30 0.000000
-5 -25 0.000000
-5 -20 0.000000
-5 -15 0.000000
-5 -10 0.000000
-5 -5 0.000000
-5 0 0.000000
-5 5 0.000000
-5 10 0.000000
-5 15 0.000000
-5 20 0.000000
-5 25 0.000000
-5 30 0.000000
-5 35 0.000000
-5 40 0.000000
-5 45 0.000000
-5 50 0.000000
-5 55 0.000000
-5 60 0.000000
-5 65 0.000000
-5 70 0.000000
-5 75 0.000000
-5 80 0.000000
-5 85 0.000000
-5 90 0.000000
-5 95 0.000000
-5 100 0.000000
-5 105 0.000000
-5 110 0.000000
-5 115 0.000000
-5 120 0.000000
-5 125 0.000000
-5 130 0.000000
-5 135 0.000000
-5 140 0.000000
-5 145 0.000000
-5 150 0.000000
-5 155 0.000000
-5 160 0.000000
-5 165 0.000000
-5 170 0.000000
-5 175 0.000000
0 -180 0.000000
0 -175 0.000000
0 -170 0.000000
0 -165 0.000000
0 -160 0.000000
0 -155 0.000000
0 -150 0.000000
0 -145 0.000000
0 -140 0.000000
0 -135 0.000000
0 -130 0.000000
0 -125 0.000000
0 -120 0.000000
0 -115 0.000000
0 -110 0.000000
0 -105 0.000000
0 -100 0.000000
0 -95 0.000000
0 -90 0.000000
0 -85 0.000000
0 -80 0.000000
0 -75 0.000000
0 -70 0.000000
0 -65 0.000000
0 -60 0.000000
0 -55 0.000000
0 -50 0.000000
0 -45 0.000000
0 -40 0.000000
0 -35 0.000000
0 -30 0.000000
0 -25 0.000000
0 -20 0.000000
0 -15 0.000000
0 -10 0.000000
0 -5 0.000000
0 0 0.000000
0 5 0.000000
0 10 0.000000
0 15 0.000000
0 20 0.000000
0 25 0.000000
0 30 0.000000
0 35 0.000000
0 40 0.000000
0 45 0.000000
0 50 0.000000
0 55 0.000000
0 60 0.000000
0 65 0.000000
0 70 0.000000
0 75 0.000000
0 80 0.000000
0 85 0.000000
0 90 0.000000
0 95 0.000000
0 100 0.000000
0 105 0.000000
0 110 0.000000
0 115 0.000000
0 120 0.000000
0 125 0.000000
0 130 0.000000
0 135 0.000000
0 140 0.000000
0 145 0.000000
0 150 0.000000
0 155 0.000000
0 160 0.000000
0 165 0.000000
0 170 0.000000
0 175 0.000000
5 -180 0.000000
5 -175 0.000000
5 -170 0.000000
5 -165 0.000000
5 -160 0.000000
5 -155 0.000000
5 -150 0.000000
5 -145 0.000000
5 -140 0.000000
5 -135 0.000000
5 -130 0.000000
5 -125 0.000000
5 -120 0.000000
5 -115 0.000000
5 -110 0.000000
5 -105 0.000000
5 -100 0.000000
5 -95 0.000000
5 -90 0.000000
5 -85 0.000000
5 -80 0.000000
5 -75 0.000000
5 -70 0.000000
5 -65 0.000000
5 -60 0.000000
5 -55 0.000000
5 -50 0.000000
5 -45 0.000000
5 -40 0.000000
5 -35 0.000000
5 -30 0.000000
5 -25 0.000000
5 -20 0.000000
5 -15 0.000000
5 -10 0.000000
5 -5 0.000000
5 0 0.000000
5 5 0.000000
5 10 0.000000
5 15 0.000000
5 20 0.000000
5 25 0.000000
5 30 0.000000
5 35 0.000005
5 40 0.000099
5 45 0.000231
5 50 0.000422
5 55 0.000602
5 60 0.000672
5 65 0.000586
5 70 0.000399
5 75 0.000212
5 80 0.000086
5 85 0.000000
5 90 0.000000
5 95 0.000000
5 100 0.000000
5 105 0.000000
5 110 0.000000
5 115 0.000000
5 120 0.000000
5 125 0.000000
5 130 0.000000
5 135 0.000000
5 140 0.000000
5 145 0.000000
5 150 0.000000
5 155 0.000000
5 160 0.000000
5 165 0.000000
5 170 0.000000
5 175 0.000000
10 -180 0.000000
10 -175 0.000000
10 -170 0.000000
10 -165 0.000000
10 -160 0.000000
10 -155 0.000000
10 -150 0.000000
10 -145 0.000000
10 -140 0.000000
10 -135 0.000140
10 -130 0.000899
10 -125 0.001977
10 -120 0.003434
10 -115 0.004702
10 -110 0.005068
10 -105 0.004294
10 -100 0.002855
10 -95 0.001488
10 -90 0.000562
10 -85 0.000000
10 -80 0.000000
10 -75 0.000000
10 -70 0.000000
10 -65 0.000000
10 -60 0.000000
10 -55 0.000000
10 -50 0.000000
10 -45 0.000000
10 -40 0.000000
10 -35 0.000000
10 -30 0.000000
10 -25 0.000000
10 -20 0.000000
10 -15 0.000000
10 -10 0.000000
10 -5 0.000000
10 0 0.000000
10 5 0.000000
10 10 0.000000
10 15 0.000000
10 20 0.000000
10 25 0.000000
10 30 0.000000
10 35 0.000053
10 40 0.001040
10 45 0.002582
10 50 0.004807
10 55 0.007036
10 60 0.008099
10 65 0.007334
10 70 0.005229
10 75 0.002938
10 80 0.001285
10 85 0.000156
10 90 0.000000
10 95 0.000000
10 100 0.000000
10 105 0.000000
10 110 0.000000
10 115 0.000000
10 120 0.000000
10 125 0.000000
10 130 0.000000
10 135 0.000000
10 140 0.000000
10 145 0.000000
10 150 0.000000
10 155 0.000000
10 160 0.000000
10 165 0.000000
10 170 0.000000
10 175 0.000000
15 -180 0.000000
15 -175 0.000000
15 -170 0.000000
15 -165 0.000000
15 -160 0.000000
15 -155 0.000000
15 -150 0.000000
15 -145 0.000000
15 -140 0.000000
15 -135 0.000349
15 -130 0.002234
15 -125 0.004916
15 -120 0.008537
15 -115 0.011688
15 -110 0.012598
15 -105 0.010673
15 -100 0.007098
15 -95 0.003700
15 -90 0.001397
15 -85 0.000000
15 -80 0.000000
15 -75 0.000000
15 -70 0.000000
15 -65 0.000000
15 -60 0.000000
15 -55 0.000000
15 -50 0.000000
15 -45 0.000000
15 -40 0.000000
15 -35 0.000000
15 -30 0.000000
15 -25 0.000000
15 -20 0.000000
15 -15 0.000000
15 -10 0.000000
15 -5 0.000000
15 0 0.000000
15 5 0.000000
15 10 0.000000
15 15 0.000000
15 20 0.000000
15 25 0.000000
15 30 0.000000
15 35 0.000121
15 40 0.002539
15 45 0.006673
15 50 0.012633
15 55 0.018857
15 60 0.022206
15 65 0.020647
15 70 0.015171
15 75 0.008816
15 80 0.004016
15 85 0.000737
15 90 0.000000
15 95 0.000000
15 100 0.000000
15 105 0.000000
15 110 0.000000
15 115 0.000000
15 120 0.000000
15 125 0.000000
15 130 0.000000
15 135 0.000000
15 140 0.000000
15 145 0.000000
15 150 0.000000
15 155 0.000000
15 160 0.000000
15 165 0.000000
15 170 0.000000
15 175 0.000000
20 -180 0.000000
20 -175 0.000000
20 -170 0.000000
20 -165 0.000000
20 -160 0.000000
20 -155 0.000718
20 -150 0.001767
20 -145 0.003326
20 -140 0.004885
20 -135 0.006260
20 -130 0.009234
20 -125 0.012790
20 -120 0.018034
20 -115 0.022881
20 -110 0.023816
20 -105 0.020138
20 -100 0.013392
20 -95 0.006981
20 -90 0.002635
20 -85 0.000000
20 -80 0.000000
20 -75 0.000000
20 -70 0.000000
20 -65 0.000000
20 -60 0.000000
20 -55 0.000000
20 -50 0.000000
20 -45 0.000000
20 -40 0.000000
20 -35 0.000000
20 -30 0.000000
20 -25 0.000000
20 -20 0.000000
20 -15 0.000000
20 -10 0.000000
20 -5 0.000000
20 0 0.000000
20 5 0.000000
20 10 0.000000
20 15 0.000000
20 20 0.000000
20 25 0.000000
20 30 0.000154
20 35 0.001393
20 40 0.007445
20 45 0.017475
20 50 0.030847
20 55 0.043639
20 60 0.049369
20 65 0.044591
20 70 0.032114
20 75 0.018372
20 80 0.008065
20 85 0.001570
20 90 0.000000
20 95 0.000000
20 100 0.000000
20 105 0.000000
20 110 0.000000
20 115 0.000000
20 120 0.000000
20 125 0.000000
20 130 0.000000
20 135 0.000000
20 140 0.000000
20 145 0.000000
20 150 0.000000
20 155 0.000000
20 160 0.000000
20 165 0.000000
20 170 0.000000
20 175 0.000000
25 -180 0.000000
25 -175 0.000000
25 -170 0.000000
25 -165 0.000000
25 -160 0.000000
25 -155 0.001722
25 -150 0.004240
25 -145 0.007979
25 -140 0.011718
25 -135 0.014408
25 -130 0.018249
25 -125 0.022097
25 -120 0.028355
25 -115 0.034479
25 -110 0.035132
25 -105 0.029671
25 -100 0.019731
25 -95 0.010286
25 -90 0.003883
25 -85 0.000000
25 -80 0.000000
25 -75 0.000000
25 -70 0.000000
25 -65 0.000000
25 -60 0.000000
25 -55 0.000000
25 -50 0.000000
25 -45 0.000000
25 -40 0.000000
25 -35 0.000000
25 -30 0.000000
25 -25 0.000000
25 -20 0.000000
25 -15 0.000000
25 -10 0.000000
25 -5 0.000000
25 0 0.000000
25 5 0.000000
25 10 0.000000
25 15 0.000000
25 20 0.000000
25 25 0.000000
25 30 0.000490
25 35 0.003678
25 40 0.014616
25 45 0.032448
25 50 0.055041
25 55 0.075382
25 60 0.083174
25 65 0.073775
25 70 0.052496
25 75 0.029748
25 80 0.012761
25 85 0.002644
25 90 0.000000
25 95 0.000000
25 100 0.000000
25 105 0.000000
25 110 0.000000
25 115 0.000000
25 120 0.000000
25 125 0.000000
25 130 0.000000
25 135 0.000000
25 140 0.000000
25 145 0.000000
25 150 0.000000
25 155 0.000000
25 160 0.000000
25 165 0.000000
25 170 0.000000
25 175 0.000000
30 -180 0.000000
30 -175 0.000000
30 -170 0.000000
30 -165 0.000000
30 -160 0.000000
30 -155 0.003216
30 -150 0.007921
30 -145 0.014907
30 -140 0.021893
30 -135 0.026221
30 -130 0.029641
30 -125 0.031486
30 -120 0.035959
30 -115 0.041118
30 -110 0.040526
30 -105 0.034160
30 -100 0.022716
30 -95 0.011842
30 -90 0.004470
30 -85 0.000000
30 -80 0.000000
30 -75 0.000000
30 -70 0.000000
30 -65 0.000000
30 -60 0.000000
30 -55 0.000000
30 -50 0.000000
30 -45 0.000000
30 -40 0.000000
30 -35 0.000000
30 -30 0.000000
30 -25 0.000000
30 -20 0.000000
30 -15 0.000000
30 -10 0.000000
30 -5 0.000000
30 0 0.000000
30 5 0.000000
30 10 0.000000
30 15 0.000000
30 20 0.000000
30 25 0.000000
30 30 0.001215
30 35 0.007595
30 40 0.024348
30 45 0.050831
30 50 0.082339
30 55 0.108332
30 60 0.115633
30 65 0.099952
30 70 0.069797
30 75 0.038870
30 80 0.016120
30 85 0.003520
30 90 0.000000
30 95 0.000000
30 100 0.000000
30 105 0.000000
30 110 0.000000
30 115 0.000000
30 120 0.000000
30 125 0.000000
30 130 0.000000
30 135 0.000000
30 140 0.000000
30 145 0.000000
30 150 0.000000
30 155 0.000000
30 160 0.000000
30 165 0.000000
30 170 0.000000
30 175 0.000000
35 -180 0.000000
35 -175 0.000000
35 -170 0.000000
35 -165 0.000000
35 -160 0.000000
35 -155 0.004680
35 -150 0.011524
35 -145 0.021689
35 -140 0.031853
35 -135 0.037532
35 -130 0.039161
35 -125 0.037086
35 -120 0.037165
35 -115 0.039078
35 -110 0.036602
35 -105 0.030756
35 -100 0.020453
35 -95 0.010662
35 -90 0.004025
35 -85 0.000000
35 -80 0.000000
35 -75 0.000000
35 -70 0.000000
35 -65 0.000000
35 -60 0.000000
35 -55 0.000000
35 -50 0.000000
35 -45 0.000000
35 -40 0.000000
35 -35 0.000000
35 -30 0.000000
35 -25 0.000000
35 -20 0.000000
35 -15 0.000000
35 -10 0.000000
35 -5 0.000000
35 0 0.000000
35 5 0.000000
35 10 0.000160
35 15 0.000545
35 20 0.001103
35 25 0.001764
35 30 0.004639
35 35 0.015103
35 40 0.036989
35 45 0.070082
35 50 0.106693
35 55 0.133195
35 60 0.135943
35 65 0.113240
35 70 0.076770
35 75 0.041457
35 80 0.016288
35 85 0.003701
35 90 0.000000
35 95 0.000000
35 100 0.000000
35 105 0.000000
35 110 0.000000
35 115 0.000000
35 120 0.000000
35 125 0.000000
35 130 0.000000
35 135 0.000000
35 140 0.000000
35 145 0.000000
35 150 0.000000
35 155 0.000000
35 160 0.000000
35 165 0.000000
35 170 0.000000
35 175 0.000000
40 -180 0.000000
40 -175 0.000000
40 -170 0.000000
40 -165 0.000000
40 -160 0.000000
40 -155 0.005303
40 -150 0.013059
40 -145 0.024577
40 -140 0.036095
40 -135 0.042098
40 -130 0.041617
40 -125 0.035956
40 -120 0.031576
40 -115 0.029854
40 -110 0.025925
40 -105 0.021677
40 -100 0.014415
40 -95 0.007514
40 -90 0.002837
40 -85 0.000000
40 -80 0.000000
40 -75 0.000000
40 -70 0.000000
40 -65 0.000000
40 -60 0.000000
40 -55 0.000000
40 -50 0.000000
40 -45 0.000000
40 -40 0.000000
40 -35 0.000000
40 -30 0.000000
40 -25 0.000000
40 -20 0.000000
40 -15 0.000000
40 -10 0.000000
40 -5 0.000000
40 0 0.000000
40 5 0.000000
40 10 0.000606
40 15 0.002060
40 20 0.004170
40 25 0.006667
40 30 0.012127
40 35 0.025923
40 40 0.049748
40 45 0.083963
40 50 0.119428
40 55 0.141206
40 60 0.137900
40 65 0.111352
40 70 0.074379
40 75 0.040084
40 80 0.016025
40 85 0.004776
40 90 0.000811
40 95 0.000187
40 100 0.000000
40 105 0.000000
40 110 0.000000
40 115 0.000000
40 120 0.000000
40 125 0.000000
40 130 0.000000
40 135 0.000000
40 140 0.000000
40 145 0.000000
40 150 0.000000
40 155 0.000000
40 160 0.000000
40 165 0.000000
40 170 0.000000
40 175 0.000000
45 -180 0.000000
45 -175 0.000000
45 -170 0.000000
45 -165 0.000000
45 -160 0.000000
45 -155 0.004680
45 -150 0.011524
45 -145 0.021689
45 -140 0.031853
45 -135 0.036917
45 -130 0.035228
45 -125 0.028435
45 -120 0.022141
45 -115 0.018508
45 -110 0.014431
45 -105 0.011973
45 -100 0.007962
45 -95 0.004151
45 -90 0.001567
45 -85 0.000000
45 -80 0.000180
45 -75 0.000542
45 -70 0.001071
45 -65 0.001667
45 -60 0.002048
45 -55 0.001987
45 -50 0.001525
45 -45 0.000926
45 -40 0.000444
45 -35 0.000110
45 -30 0.000000
45 -25 0.000000
45 -20 0.000000
45 -15 0.000014
45 -10 0.000035
45 -5 0.000067
45 0 0.000098
45 5 0.000112
45 10 0.001350
45 15 0.004318
45 20 0.008637
45 25 0.013766
45 30 0.022214
45 35 0.038175
45 40 0.061230
45 45 0.092350
45 50 0.122588
45 55 0.137143
45 60 0.128226
45 65 0.101024
45 70 0.067649
45 75 0.037621
45 80 0.016484
45 85 0.006763
45 90 0.002261
45 95 0.000701
45 100 0.000572
45 105 0.001143
45 110 0.001803
45 115 0.002247
45 120 0.002213
45 125 0.001725
45 130 0.001063
45 135 0.000518
45 140 0.000141
45 145 0.000000
45 150 0.000000
45 155 0.000000
45 160 0.000000
45 165 0.000000
45 170 0.000000
45 175 0.000000
50 -180 0.000000
50 -175 0.000000
50 -170 0.000000
50 -165 0.000000
50 -160 0.000000
50 -155 0.003216
50 -150 0.007921
50 -145 0.014907
50 -140 0.021893
50 -135 0.025274
50 -130 0.023576
50 -125 0.018143
50 -120 0.012786
50 -115 0.009392
50 -110 0.006330
50 -105 0.005189
50 -100 0.003451
50 -95 0.001799
50 -90 0.000679
50 -85 0.000000
50 -80 0.000725
50 -75 0.002183
50 -70 0.004315
50 -65 0.006719
50 -60 0.008254
50 -55 0.008010
50 -50 0.006146
50 -45 0.003730
50 -40 0.001791
50 -35 0.000444
50 -30 0.000000
50 -25 0.000095
50 -20 0.000729
50 -15 0.002381
50 -10 0.004749
50 -5 0.007529
50 0 0.009578
50 5 0.009760
50 10 0.009991
50 15 0.012099
50 20 0.016672
50 25 0.023357
50 30 0.033731
50 35 0.049673
50 40 0.068792
50 45 0.092891
50 50 0.115420
50 55 0.123288
50 60 0.112273
50 65 0.088994
50 70 0.062542
50 75 0.038198
50 80 0.019833
50 85 0.010275
50 90 0.004392
50 95 0.001691
50 100 0.002161
50 105 0.004321
50 110 0.006816
50 115 0.008493
50 120 0.008366
50 125 0.006519
50 130 0.004018
50 135 0.001958
50 140 0.000533
50 145 0.000000
50 150 0.000000
50 155 0.000000
50 160 0.000000
50 165 0.000000
50 170 0.000000
50 175 0.000000
55 -180 0.000000
55 -175 0.000000
55 -170 0.000000
55 -165 0.000000
55 -160 0.000000
55 -155 0.001722
55 -150 0.004240
55 -145 0.007979
55 -140 0.011718
55 -135 0.013449
55 -130 0.012116
55 -125 0.008604
55 -120 0.004921
55 -115 0.002394
55 -110 0.000551
55 -105 0.000373
55 -100 0.000248
55 -95 0.000129
55 -90 0.000049
55 -85 0.000000
55 -80 0.001510
55 -75 0.004548
55 -70 0.008988
55 -65 0.013995
55 -60 0.017194
55 -55 0.016686
55 -50 0.012803
55 -45 0.007771
55 -40 0.003730
55 -35 0.001031
55 -30 0.000906
55 -25 0.002513
55 -20 0.006093
55 -15 0.012430
55 -10 0.020620
55 -5 0.028846
55 0 0.034593
55 5 0.035103
55 10 0.032304
55 15 0.029439
55 20 0.029691
55 25 0.033903
55 30 0.042747
55 35 0.056249
55 40 0.070347
55 45 0.087066
55 50 0.102943
55 55 0.106939
55 60 0.097197
55 65 0.080119
55 70 0.061108
55 75 0.041930
55 80 0.025020
55 85 0.014477
55 90 0.006703
55 95 0.002944
55 100 0.004457
55 105 0.008911
55 110 0.014055
55 115 0.017512
55 120 0.017252
55 125 0.013443
55 130 0.008326
55 135 0.004262
55 140 0.001587
55 145 0.000835
55 150 0.001130
55 155 0.001206
55 160 0.001013
55 165 0.000669
55 170 0.000347
55 175 0.000128
60 -180 0.000000
60 -175 0.000000
60 -170 0.000000
60 -165 0.000000
60 -160 0.000000
60 -155 0.000718
60 -150 0.001767
60 -145 0.003326
60 -140 0.004885
60 -135 0.005601
60 -130 0.005018
60 -125 0.003515
60 -120 0.001927
60 -115 0.000828
60 -110 0.000046
60 -105 0.000000
60 -100 0.000000
60 -95 0.000000
60 -90 0.000000
60 -85 0.000000
60 -80 0.002488
60 -75 0.007494
60 -70 0.014809
60 -65 0.023059
60 -60 0.028329
60 -55 0.027493
60 -50 0.021095
60 -45 0.012803
60 -40 0.006146
60 -35 0.001852
60 -30 0.002799
60 -25 0.007724
60 -20 0.017161
60 -15 0.032071
60 -10 0.050048
60 -5 0.066352
60 0 0.076558
60 5 0.076161
60 10 0.066835
60 15 0.053670
60 20 0.044036
60 25 0.040904
60 30 0.044362
60 35 0.053969
60 40 0.064308
60 45 0.076466
60 50 0.089265
60 55 0.093095
60 60 0.086558
60 65 0.074810
60 70 0.060837
60 75 0.044919
60 80 0.028436
60 85 0.016951
60 90 0.008050
60 95 0.004137
60 100 0.007268
60 105 0.014530
60 110 0.022918
60 115 0.028556
60 120 0.028132
60 125 0.021921
60 130 0.014033
60 135 0.008878
60 140 0.006631
60 145 0.008071
60 150 0.010648
60 155 0.011098
60 160 0.009130
60 165 0.005919
60 170 0.003020
60 175 0.001041
65 -180 0.000000
65 -175 0.000000
65 -170 0.000000
65 -165 0.000000
65 -160 0.000000
65 -155 0.000000
65 -150 0.000000
65 -145 0.000000
65 -140 0.000000
65 -135 0.000000
65 -130 0.000000
65 -125 0.000000
65 -120 0.000000
65 -115 0.000000
65 -110 0.000000
65 -105 0.000000
65 -100 0.000000
65 -95 0.000000
65 -90 0.000000
65 -85 0.000000
65 -80 0.003243
65 -75 0.009766
65 -70 0.019301
65 -65 0.030052
65 -60 0.036921
65 -55 0.035831
65 -50 0.027493
65 -45 0.016686
65 -40 0.008010
65 -35 0.003161
65 -30 0.007272
65 -25 0.018821
65 -20 0.038407
65 -15 0.065897
65 -10 0.096100
65 -5 0.120155
65 0 0.132756
65 5 0.128925
65 10 0.109807
65 15 0.082229
65 20 0.058372
65 25 0.043699
65 30 0.038584
65 35 0.042666
65 40 0.049876
65 45 0.059035
65 50 0.069826
65 55 0.074464
65 60 0.071401
65 65 0.064108
65 70 0.054150
65 75 0.041476
65 80 0.026738
65 85 0.016044
65 90 0.007620
65 95 0.004699
65 100 0.009375
65 105 0.018741
65 110 0.029562
65 115 0.036834
65 120 0.036286
65 125 0.028275
65 130 0.018728
65 135 0.014046
65 140 0.013981
65 145 0.019391
65 150 0.025484
65 155 0.026469
65 160 0.021704
65 165 0.014031
65 170 0.007141
65 175 0.002435
70 -180 0.000000
70 -175 0.000000
70 -170 0.000000
70 -165 0.000000
70 -160 0.000000
70 -155 0.000000
70 -150 0.000000
70 -145 0.000000
70 -140 0.000000
70 -135 0.000000
70 -130 0.000000
70 -125 0.000000
70 -120 0.000000
70 -115 0.000000
70 -110 0.000000
70 -105 0.000000
70 -100 0.000000
70 -95 0.000000
70 -90 0.000000
70 -85 0.000000
70 -80 0.003341
70 -75 0.010063
70 -70 0.019888
70 -65 0.030966
70 -60 0.038044
70 -55 0.036921
70 -50 0.028329
70 -45 0.017194
70 -40 0.008254
70 -35 0.004322
70 -30 0.012816
70 -25 0.032387
70 -20 0.063319
70 -15 0.103308
70 -10 0.143923
70 -5 0.172012
70 0 0.183100
70 5 0.173889
70 10 0.145374
70 15 0.105000
70 20 0.068378
70 25 0.042813
70 30 0.029412
70 35 0.028039
70 40 0.033240
70 45 0.040765
70 50 0.049915
70 55 0.054662
70 60 0.053310
70 65 0.048192
70 70 0.040743
70 75 0.031305
70 80 0.019962
70 85 0.011985
70 90 0.005692
70 95 0.004315
70 100 0.009564
70 105 0.019120
70 110 0.030158
70 115 0.037577
70 120 0.037018
70 125 0.028846
70 130 0.020187
70 135 0.018803
70 140 0.023619
70 145 0.035260
70 150 0.046250
70 155 0.047949
70 160 0.039251
70 165 0.025336
70 170 0.012878
70 175 0.004365
75 -180 0.000000
75 -175 0.000000
75 -170 0.000000
75 -165 0.000000
75 -160 0.000000
75 -155 0.000000
75 -150 0.000000
75 -145 0.000000
75 -140 0.000000
75 -135 0.000000
75 -130 0.000000
75 -125 0.000000
75 -120 0.000000
75 -115 0.000000
75 -110 0.000000
75 -105 0.000000
75 -100 0.000000
75 -95 0.000000
75 -90 0.000000
75 -85 0.000000
75 -80 0.002720
75 -75 0.008191
75 -70 0.016188
75 -65 0.025206
75 -60 0.030966
75 -55 0.030052
75 -50 0.023059
75 -45 0.013995
75 -40 0.006719
75 -35 0.005273
75 -30 0.018441
75 -25 0.045497
75 -20 0.085729
75 -15 0.133696
75 -10 0.177836
75 -5 0.202446
75 0 0.206097
75 5 0.189803
75 10 0.155417
75 15 0.109778
75 20 0.068333
75 25 0.038193
75 30 0.020570
75 35 0.015098
75 40 0.018194
75 45 0.023465
75 50 0.029860
75 55 0.033469
75 60 0.032918
75 65 0.029593
75 70 0.024724
75 75 0.018851
75 80 0.011782
75 85 0.007074
75 90 0.003359
75 95 0.003196
75 100 0.007712
75 105 0.015418
75 110 0.024319
75 115 0.030302
75 120 0.029851
75 125 0.023261
75 130 0.017854
75 135 0.021603
75 140 0.032491
75 145 0.050633
75 150 0.066290
75 155 0.068603
75 160 0.056066
75 165 0.036137
75 170 0.018344
75 175 0.006181
80 -180 0.000000
80 -175 0.000000
80 -170 0.000000
80 -165 0.000000
80 -160 0.000000
80 -155 0.000000
80 -150 0.000000
80 -145 0.000000
80 -140 0.000000
80 -135 0.000000
80 -130 0.000000
80 -125 0.000000
80 -120 0.000000
80 -115 0.000000
80 -110 0.000000
80 -105 0.000000
80 -100 0.000000
80 -95 0.000000
80 -90 0.000000
80 -85 0.000000
80 -80 0.001747
80 -75 0.005261
80 -70 0.010396
80 -65 0.016188
80 -60 0.019888
80 -55 0.019301
80 -50 0.014809
80 -45 0.008988
80 -40 0.004315
80 -35 0.005716
80 -30 0.021686
80 -25 0.052245
80 -20 0.095421
80 -15 0.143100
80 -10 0.182030
80 -5 0.197108
80 0 0.190685
80 5 0.168669
80 10 0.134224
80 15 0.092824
80 20 0.056214
80 25 0.029333
80 30 0.012768
80 35 0.005913
80 40 0.007298
80 45 0.010325
80 50 0.013942
80 55 0.016136
80 60 0.016057
80 65 0.014369
80 70 0.011871
80 75 0.008985
80 80 0.005498
80 85 0.003301
80 90 0.001568
80 95 0.001903
80 100 0.004911
80 105 0.009818
80 110 0.015486
80 115 0.019295
80 120 0.019008
80 125 0.014812
80 130 0.013183
80 135 0.021083
80 140 0.035956
80 145 0.057403
80 150 0.075014
80 155 0.077496
80 160 0.063230
80 165 0.040696
80 170 0.020632
80 175 0.006911
85 -180 0.000000
85 -175 0.000000
85 -170 0.000000
85 -165 0.000000
85 -160 0.000000
85 -155 0.000000
85 -150 0.000000
85 -145 0.000000
85 -140 0.000000
85 -135 0.000000
85 -130 0.000000
85 -125 0.000000
85 -120 0.000000
85 -115 0.000000
85 -110 0.000000
85 -105 0.000000
85 -100 0.000000
85 -95 0.000000
85 -90 0.000000
85 -85 0.000000
85 -80 0.000884
85 -75 0.002662
85 -70 0.005261
85 -65 0.008191
85 -60 0.010063
85 -55 0.009766
85 -50 0.007494
85 -45 0.004548
85 -40 0.002183
85 -35 0.005361
85 -30 0.020780
85 -25 0.048940
85 -20 0.087111
85 -15 0.126440
85 -10 0.154394
85 -5 0.159267
85 0 0.145844
85 5 0.122750
85 10 0.093886
85 15 0.063237
85 20 0.037499
85 25 0.018812
85 30 0.006989
85 35 0.001445
85 40 0.002068
85 45 0.003744
85 50 0.005454
85 55 0.006312
85 60 0.005932
85 65 0.004724
85 70 0.003360
85 75 0.002199
85 80 0.001106
85 85 0.000664
85 90 0.000315
85 95 0.000847
85 100 0.002466
85 105 0.004930
85 110 0.007777
85 115 0.009690
85 120 0.009546
85 125 0.007438
85 130 0.008273
85 135 0.017179
85 140 0.031766
85 145 0.051380
85 150 0.067018
85 155 0.069111
85 160 0.056295
85 165 0.036179
85 170 0.018318
85 175 0.006098
90 -180 0.000000
90 -175 0.000000
90 -170 0.000000
90 -165 0.000000
90 -160 0.000000
90 -155 0.000000
90 -150 0.000000
90 -145 0.000000
90 -140 0.000000
90 -135 0.000000
90 -130 0.000000
90 -125 0.000000
90 -120 0.000000
90 -115 0.000000
90 -110 0.000000
90 -105 0.000000
90 -100 0.000000
90 -95 0.000000
90 -90 0.000000
90 -85 0.000000
90 -80 0.000293
90 -75 0.000884
90 -70 0.001747
90 -65 0.002720
90 -60 0.003341
90 -55 0.003243
90 -50 0.002488
90 -45 0.001510
90 -40 0.000725
90 -35 0.004174
90 -30 0.016132
90 -25 0.037216
90 -20 0.064881
90 -15 0.091719
90 -10 0.108090
90 -5 0.106672
90 0 0.092427
90 5 0.073473
90 10 0.053379
90 15 0.034829
90 20 0.020479
90 25 0.010457
90 30 0.003977
90 35 0.000362
90 40 0.000078
90 45 0.000142
90 50 0.000201
90 55 0.000224
90 60 0.000194
90 65 0.000132
90 70 0.000070
90 75 0.000028
90 80 0.000000
90 85 0.000000
90 90 0.000000
90 95 0.000248
90 100 0.000790
90 105 0.001579
90 110 0.002490
90 115 0.003103
90 120 0.003057
90 125 0.002382
90 130 0.004118
90 135 0.011321
90 140 0.022263
90 145 0.036319
90 150 0.047282
90 155 0.048668
90 160 0.039576
90 165 0.025395
90 170 0.012840
90 175 0.004248
95 -180 0.000000
95 -175 0.000000
95 -170 0.000000
95 -165 0.000000
95 -160 0.000000
95 -155 0.000000
95 -150 0.000000
95 -145 0.000000
95 -140 0.000000
95 -135 0.000000
95 -130 0.000000
95 -125 0.000000
95 -120 0.000000
95 -115 0.000000
95 -110 0.000000
95 -105 0.000000
95 -100 0.000000
95 -95 0.000000
95 -90 0.000000
95 -85 0.000000
95 -80 0.000000
95 -75 0.000000
95 -70 0.000000
95 -65 0.000000
95 -60 0.000000
95 -55 0.000000
95 -50 0.000000
95 -45 0.000000
95 -40 0.000000
95 -35 0.002626
95 -30 0.010074
95 -25 0.022793
95 -20 0.038907
95 -15 0.053443
95 -10 0.060523
95 -5 0.056555
95 0 0.045480
95 5 0.033226
95 10 0.022244
95 15 0.013802
95 20 0.008088
95 25 0.004334
95 30 0.001781
95 35 0.000155
95 40 0.000000
95 45 0.000000
95 50 0.000000
95 55 0.000000
95 60 0.000000
95 65 0.000000
95 70 0.000000
95 75 0.000000
95 80 0.000000
95 85 0.000000
95 90 0.000000
95 95 0.000000
95 100 0.000000
95 105 0.000000
95 110 0.000000
95 115 0.000000
95 120 0.000000
95 125 0.000000
95 130 0.001506
95 135 0.005947
95 140 0.012351
95 145 0.020286
95 150 0.026356
95 155 0.027076
95 160 0.021978
95 165 0.014080
95 170 0.007109
95 175 0.002336
100 -180 0.000000
100 -175 0.000000
100 -170 0.000000
100 -165 0.000000
100 -160 0.000000
100 -155 0.000000
100 -150 0.000000
100 -145 0.000000
100 -140 0.000000
100 -135 0.000000
100 -130 0.000000
100 -125 0.000000
100 -120 0.000000
100 -115 0.000000
100 -110 0.000000
100 -105 0.000000
100 -100 0.000000
100 -95 0.000000
100 -90 0.000000
100 -85 0.000000
100 -80 0.000000
100 -75 0.000000
100 -70 0.000000
100 -65 0.000000
100 -60 0.000000
100 -55 0.000000
100 -50 0.000000
100 -45 0.000000
100 -40 0.000000
100 -35 0.001328
100 -30 0.004729
100 -25 0.010462
100 -20 0.017514
100 -15 0.023495
100 -10 0.025538
100 -5 0.022518
100 0 0.016389
100 5 0.010170
100 10 0.005255
100 15 0.002429
100 20 0.001165
100 25 0.000657
100 30 0.000292
100 35 0.000034
100 40 0.000000
100 45 0.000000
100 50 0.000000
100 55 0.000000
100 60 0.000000
100 65 0.000000
100 70 0.000000
100 75 0.000000
100 80 0.000000
100 85 0.000000
100 90 0.000000
100 95 0.000000
100 100 0.000000
100 105 0.000000
100 110 0.000000
100 115 0.000000
100 120 0.000000
100 125 0.000000
100 130 0.000663
100 135 0.002565
100 140 0.005308
100 145 0.008688
100 150 0.011248
100 155 0.011517
100 160 0.009319
100 165 0.005953
100 170 0.002998
100 175 0.000973
105 -180 0.000000
105 -175 0.000000
105 -170 0.000000
105 -165 0.000000
105 -160 0.000000
105 -155 0.000000
105 -150 0.000000
105 -145 0.000000
105 -140 0.000000
105 -135 0.000000
105 -130 0.000000
105 -125 0.000000
105 -120 0.000000
105 -115 0.000000
105 -110 0.000000
105 -105 0.000000
105 -100 0.000000
105 -95 0.000000
105 -90 0.000000
105 -85 0.000000
105 -80 0.000000
105 -75 0.000000
105 -70 0.000000
105 -65 0.000000
105 -60 0.000000
105 -55 0.000000
105 -50 0.000000
105 -45 0.000000
105 -40 0.000000
105 -35 0.000522
105 -30 0.001711
105 -25 0.003604
105 -20 0.005854
105 -15 0.007585
105 -10 0.007865
105 -5 0.006546
105 0 0.004381
105 5 0.002360
105 10 0.000854
105 15 0.000165
105 20 0.000000
105 25 0.000000
105 30 0.000000
105 35 0.000000
105 40 0.000000
105 45 0.000000
105 50 0.000000
105 55 0.000000
105 60 0.000000
105 65 0.000000
105 70 0.000000
105 75 0.000000
105 80 0.000000
105 85 0.000000
105 90 0.000000
105 95 0.000000
105 100 0.000000
105 105 0.000000
105 110 0.000000
105 115 0.000000
105 120 0.000000
105 125 0.000000
105 130 0.000099
105 135 0.000337
105 140 0.000683
105 145 0.001092
105 150 0.001381
105 155 0.001381
105 160 0.001092
105 165 0.000683
105 170 0.000337
105 175 0.000099
110 -180 0.000000
110 -175 0.000000
110 -170 0.000000
110 -165 0.000000
110 -160 0.000000
110 -155 0.000000
110 -150 0.000000
110 -145 0.000000
110 -140 0.000000
110 -135 0.000000
110 -130 0.000000
110 -125 0.000000
110 -120 0.000000
110 -115 0.000000
110 -110 0.000000
110 -105 0.000000
110 -100 0.000000
110 -95 0.000000
110 -90 0.000000
110 -85 0.000000
110 -80 0.000000
110 -75 0.000000
110 -70 0.000000
110 -65 0.000000
110 -60 0.000000
110 -55 0.000000
110 -50 0.000000
110 -45 0.000000
110 -40 0.000000
110 -35 0.000000
110 -30 0.000000
110 -25 0.000000
110 -20 0.000000
110 -15 0.000000
110 -10 0.000000
110 -5 0.000000
110 0 0.000000
110 5 0.000000
110 10 0.000000
110 15 0.000000
110 20 0.000000
110 25 0.000000
110 30 0.000000
110 35 0.000000
110 40 0.000000
110 45 0.000000
110 50 0.000000
110 55 0.000000
110 60 0.000000
110 65 0.000000
110 70 0.000000
110 75 0.000000
110 80 0.000000
110 85 0.000000
110 90 0.000000
110 95 0.000000
110 100 0.000000
110 105 0.000000
110 110 0.000000
110 115 0.000000
110 120 0.000000
110 125 0.000000
110 130 0.000000
110 135 0.000000
110 140 0.000000
110 145 0.000000
110 150 0.000000
110 155 0.000000
110 160 0.000000
110 165 0.000000
110 170 0.000000
110 175 0.000000
115 -180 0.000000
115 -175 0.000000
115 -170 0.000000
115 -165 0.000000
115 -160 0.000000
115 -155 0.000000
115 -150 0.000000
115 -145 0.000000
115 -140 0.000000
115 -135 0.000000
115 -130 0.000000
115 -125 0.000000
115 -120 0.000000
115 -115 0.000000
115 -110 0.000000
115 -105 0.000000
115 -100 0.000000
115 -95 0.000000
115 -90 0.000000
115 -85 0.000000
115 -80 0.000000
115 -75 0.000000
115 -70 0.000000
115 -65 0.000000
115 -60 0.000000
115 -55 0.000000
115 -50 0.000000
115 -45 0.000000
115 -40 0.000000
115 -35 0.000000
115 -30 0.000000
115 -25 0.000000
115 -20 0.000000
115 -15 0.000000
115 -10 0.000000
115 -5 0.000000
115 0 0.000000
115 5 0.000000
115 10 0.000000
115 15 0.000000
115 20 0.000000
115 25 0.000000
115 30 0.000000
115 35 0.000000
115 40 0.000000
115 45 0.000000
115 50 0.000000
115 55 0.000000
115 60 0.000000
115 65 0.000000
115 70 0.000000
115 75 0.000000
115 80 0.000000
115 85 0.000000
115 90 0.000000
115 95 0.000000
115 100 0.000000
115 105 0.000000
115 110 0.000000
115 115 0.000000
115 120 0.000000
115 125 0.000000
115 130 0.000000
115 135 0.000000
115 140 0.000000
115 145 0.000000
115 150 0.000000
115 155 0.000000
115 160 0.000000
115 165 0.000000
115 170 0.000000
115 175 0.000000
120 -180 0.000000
120 -175 0.000000
120 -170 0.000000
120 -165 0.000000
120 -160 0.000000
120 -155 0.000000
120 -150 0.000000
120 -145 0.000000
120 -140 0.000000
120 -135 0.000000
120 -130 0.000000
120 -125 0.000000
120 -120 0.000000
120 -115 0.000000
120 -110 0.000000
120 -105 0.000000
120 -100 0.000000
120 -95 0.000000
120 -90 0.000000
120 -85 0.000000
120 -80 0.000000
120 -75 0.000000
120 -70 0.000000
120 -65 0.000000
120 -60 0.000000
120 -55 0.000000
120 -50 0.000000
120 -45 0.000000
120 -40 0.000000
120 -35 0.000000
120 -30 0.000000
120 -25 0.000000
120 -20 0.000000
120 -15 0.000000
120 -10 0.000000
120 -5 0.000000
120 0 0.000000
120 5 0.000000
120 10 0.000000
120 15 0.000000
120 20 0.000000
120 25 0.000000
120 30 0.000000
120 35 0.000000
120 40 0.000000
120 45 0.000000
120 50 0.000000
120 55 0.000000
120 60 0.000000
120 65 0.000000
120 70 0.000000
120 75 0.000000
120 80 0.000000
120 85 0.000000
120 90 0.000000
120 95 0.000000
120 100 0.000000
120 105 0.000000
120 110 0.000000
120 115 0.000000
120 120 0.000000
120 125 0.000000
120 130 0.000000
120 135 0.000000
120 140 0.000000
120 145 0.000000
120 150 0.000000
120 155 0.000000
120 160 0.000000
120 165 0.000000
120 170 0.000000
120 175 0.000000
125 -180 0.000000
125 -175 0.000000
125 -170 0.000000
125 -165 0.000000
125 -160 0.000000
125 -155 0.000000
125 -150 0.000000
125 -145 0.000000
125 -140 0.000000
125 -135 0.000000
125 -130 0.000000
125 -125 0.000000
125 -120 0.000000
125 -115 0.000000
125 -110 0.000000
125 -105 0.000000
125 -100 0.000000
125 -95 0.000000
125 -90 0.000000
125 -85 0.000000
125 -80 0.000000
125 -75 0.000000
125 -70 0.000000
125 -65 0.000000
125 -60 0.000000
125 -55 0.000000
125 -50 0.000000
125 -45 0.000000
125 -40 0.000000
125 -35 0.000000
125 -30 0.000000
125 -25 0.000000
125 -20 0.000000
125 -15 0.000000
125 -10 0.000000
125 -5 0.000000
125 0 0.000000
125 5 0.000000
125 10 0.000000
125 15 0.000000
125 20 0.000000
125 25 0.000000
125 30 0.000000
125 35 0.000000
125 40 0.000000
125 45 0.000000
125 50 0.000000
125 55 0.000000
125 60 0.000000
125 65 0.000000
125 70 0.000000
125 75 0.000000
125 80 0.000000
125 85 0.000000
125 90 0.000000
125 95 0.000000
125 100 0.000000
125 105 0.000000
125 110 0.000000
125 115 0.000000
125 120 0.000000
125 125 0.000000
125 130 0.000000
125 135 0.000000
125 140 0.000000
125 145 0.000000
125 150 0.000000
125 155 0.000000
125 160 0.000000
125 165 0.000000
125 170 0.000000
125 175 0.000000
130 -180 0.000000
130 -175 0.000000
130 -170 0.000000
130 -165 0.000000
130 -160 0.000000
130 -155 0.000000
130 -150 0.000000
130 -145 0.000000
130 -140 0.000000
130 -135 0.000000
130 -130 0.000000
130 -125 0.000000
130 -120 0.000000
130 -115 0.000000
130 -110 0.000000
130 -105 0.000000
130 -100 0.000000
130 -95 0.000000
130 -90 0.000000
130 -85 0.000000
130 -80 0.000000
130 -75 0.000000
130 -70 0.000000
130 -65 0.000000
130 -60 0.000000
130 -55 0.000000
130 -50 0.000000
130 -45 0.000000
130 -40 0.000000
130 -35 0.000000
130 -30 0.000000
130 -25 0.000000
130 -20 0.000000
130 -15 0.000000
130 -10 0.000000
130 -5 0.000000
130 0 0.000000
130 5 0.000000
130 10 0.000000
130 15 0.000000
130 20 0.000000
130 25 0.000000
130 30 0.000000
130 35 0.000000
130 40 0.000000
130 45 0.000000
130 50 0.000000
130 55 0.000000
130 60 0.000000
130 65 0.000000
130 70 0.000000
130 75 0.000000
130 80 0.000000
130 85 0.000000
130 90 0.000000
130 95 0.000000
130 100 0.000000
130 105 0.000000
130 110 0.000000
130 115 0.000000
130 120 0.000000
130 125 0.000000
130 130 0.000000
130 135 0.000000
130 140 0.000000
130 145 0.000000
130 150 0.000000
130 155 0.000000
130 160 0.000000
130 165 0.000000
130 170 0.000000
130 175 0.000000
135 -180 0.000000
135 -175 0.000000
135 -170 0.000000
135 -165 0.000000
135 -160 0.000000
135 -155 0.000000
135 -150 0.000000
135 -145 0.000000
135 -140 0.000000
135 -135 0.000000
135 -130 0.000000
135 -125 0.000000
135 -120 0.000000
135 -115 0.000000
135 -110 0.000000
135 -105 0.000000
135 -100 0.000000
135 -95 0.000000
135 -90 0.000000
135 -85 0.000000
135 -80 0.000000
135 -75 0.000000
135 -70 0.000000
135 -65 0.000000
135 -60 0.000000
135 -55 0.000000
135 -50 0.000000
135 -45 0.000000
135 -40 0.000000
135 -35 0.000000
135 -30 0.000000
135 -25 0.000000
135 -20 0.000000
135 -15 0.000000
135 -10 0.000000
135 -5 0.000000
135 0 0.000000
135 5 0.000000
135 10 0.000000
135 15 0.000000
135 20 0.000000
135 25 0.000000
135 30 0.000000
135 35 0.000000
135 40 0.000000
135 45 0.000000
135 50 0.000000
135 55 0.000000
135 60 0.000000
135 65 0.000000
135 70 0.000000
135 75 0.000000
135 80 0.000000
135 85 0.000000
135 90 0.000000
135 95 0.000000
135 100 0.000000
135 105 0.000000
135 110 0.000000
135 115 0.000000
135 120 0.000000
135 125 0.000000
135 130 0.000000
135 135 0.000000
135 140 0.000000
135 145 0.000000
135 150 0.000000
135 155 0.000000
135 160 0.000000
135 165 0.000000
135 170 0.000000
135 175 0.000000
140 -180 0.000000
140 -175 0.000000
140 -170 0.000000
140 -165 0.000000
140 -160 0.000000
140 -155 0.000000
140 -150 0.000000
140 -145 0.000000
140 -140 0.000000
140 -135 0.000000
140 -130 0.000000
140 -125 0.000000
140 -120 0.000000
140 -115 0.000000
140 -110 0.000000
140 -105 0.000000
140 -100 0.000000
140 -95 0.000000
140 -90 0.000000
140 -85 0.000000
140 -80 0.000000
140 -75 0.000000
140 -70 0.000000
140 -65 0.000000
140 -60 0.000000
140 -55 0.000000
140 -50 0.000000
140 -45 0.000000
140 -40 0.000000
140 -35 0.000000
140 -30 0.000000
140 -25 0.000000
140 -20 0.000000
140 -15 0.000000
140 -10 0.000000
140 -5 0.000000
140 0 0.000000
140 5 0.000000
140 10 0.000000
140 15 0.000000
140 20 0.000000
140 25 0.000000
140 30 0.000000
140 35 0.000000
140 40 0.000000
140 45 0.000000
140 50 0.000000
140 55 0.000000
140 60 0.000000
140 65 0.000000
140 70 0.000000
140 75 0.000000
140 80 0.000000
140 85 0.000000
140 90 0.000000
140 95 0.000000
140 100 0.000000
140 105 0.000000
140 110 0.000000
140 115 0.000000
140 120 0.000000
140 125 0.000000
140 130 0.000000
140 135 0.000000
140 140 0.000000
140 145 0.000000
140 150 0.000000
140 155 0.000000
140 160 0.000000
140 165 0.000000
140 170 0.000000
140 175 0.000000
145 -180 0.000000
145 -175 0.000000
145 -170 0.000000
145 -165 0.000000
145 -160 0.000000
145 -155 0.000000
145 -150 0.000000
145 -145 0.000000
145 -140 0.000000
145 -135 0.000000
145 -130 0.000000
145 -125 0.000000
145 -120 0.000000
145 -115 0.000000
145 -110 0.000000
145 -105 0.000000
145 -100 0.000000
145 -95 0.000000
145 -90 0.000000
145 -85 0.000000
145 -80 0.000000
145 -75 0.000000
145 -70 0.000000
145 -65 0.000000
145 -60 0.000000
145 -55 0.000000
145 -50 0.000000
145 -45 0.000000
145 -40 0.000000
145 -35 0.000000
145 -30 0.000000
145 -25 0.000000
145 -20 0.000000
145 -15 0.000000
145 -10 0.000000
145 -5 0.000000
145 0 0.000000
145 5 0.000000
145 10 0.000000
145 15 0.000000
145 20 0.000000
145 25 0.000000
145 30 0.000000
145 35 0.000000
145 40 0.000000
145 45 0.000000
145 50 0.000000
145 55 0.000000
145 60 0.000000
145 65 0.000000
145 70 0.000000
145 75 0.000000
145 80 0.000000
145 85 0.000000
145 90 0.000000
145 95 0.000000
145 100 0.000000
145 105 0.000000
145 110 0.000000
145 115 0.000000
145 120 0.000000
145 125 0.000000
145 130 0.000000
145 135 0.000000
145 140 0.000000
145 145 0.000000
145 150 0.000000
145 155 0.000000
145 160 0.000000
145 165 0.000000
145 170 0.000000
145 175 0.000000
150 -180 0.000000
150 -175 0.000000
150 -170 0.000000
150 -165 0.000000
150 -160 0.000000
150 -155 0.000000
150 -150 0.000000
150 -145 0.000000
150 -140 0.000000
150 -135 0.000000
150 -130 0.000000
150 -125 0.000000
150 -120 0.000000
150 -115 0.000000
150 -110 0.000000
150 -105 0.000000
150 -100 0.000000
150 -95 0.000000
150 -90 0.000000
150 -85 0.000000
150 -80 0.000000
150 -75 0.000000
150 -70 0.000000
150 -65 0.000000
150 -60 0.000000
150 -55 0.000000
150 -50 0.000000
150 -45 0.000000
150 -40 0.000000
150 -35 0.000000
150 -30 0.000000
150 -25 0.000000
150 -20 0.000000
150 -15 0.000000
150 -10 0.000000
150 -5 0.000000
150 0 0.000000
150 5 0.000000
150 10 0.000000
150 15 0.000000
150 20 0.000000
150 25 0.000000
150 30 0.000000
150 35 0.000000
150 40 0.000000
150 45 0.000000
150 50 0.000000
150 55 0.000000
150 60 0.000000
150 65 0.000000
150 70 0.000000
150 75 0.000000
150 80 0.000000
150 85 0.000000
150 90 0.000000
150 95 0.000000
150 100 0.000000
150 105 0.000000
150 110 0.000000
150 115 0.000000
150 120 0.000000
150 125 0.000000
150 130 0.000000
150 135 0.000000
150 140 0.000000
150 145 0.000000
150 150 0.000000
150 155 0.000000
150 160 0.000000
150 165 0.000000
150 170 0.000000
150 175 0.000000
155 -180 0.000000
155 -175 0.000000
155 -170 0.000000
155 -165 0.000000
155 -160 0.000000
155 -155 0.000000
155 -150 0.000000
155 -145 0.000000
155 -140 0.000000
155 -135 0.000000
155 -130 0.000000
155 -125 0.000000
155 -120 0.000000
155 -115 0.000000
155 -110 0.000000
155 -105 0.000000
155 -100 0.000000
155 -95 0.000000
155 -90 0.000000
155 -85 0.000000
155 -80 0.000000
155 -75 0.000000
155 -70 0.000000
155 -65 0.000000
155 -60 0.000000
155 -55 0.000000
155 -50 0.000000
155 -45 0.000000
155 -40 0.000000
155 -35 0.000000
155 -30 0.000000
155 -25 0.000000
155 -20 0.000000
155 -15 0.000000
155 -10 0.000000
155 -5 0.000000
155 0 0.000000
155 5 0.000000
155 10 0.000000
155 15 0.000000
155 20 0.000000
155 25 0.000000
155 30 0.000000
155 35 0.000000
155 40 0.000000
155 45 0.000000
155 50 0.000000
155 55 0.000000
155 60 0.000000
155 65 0.000000
155 70 0.000000
155 75 0.000000
155 80 0.000000
155 85 0.000000
155 90 0.000000
155 95 0.000000
155 100 0.000000
155 105 0.000000
155 110 0.000000
155 115 0.000000
155 120 0.000000
155 125 0.000000
155 130 0.000000
155 135 0.000000
155 140 0.000000
155 145 0.000000
155 150 0.000000
155 155 0.000000
155 160 0.000000
155 165 0.000000
155 170 0.000000
155 175 0.000000
160 -180 0.000603
160 -175 0.000000
160 -170 0.000000
160 -165 0.000000
160 -160 0.000000
160 -155 0.000000
160 -150 0.000000
160 -145 0.000000
160 -140 0.000000
160 -135 0.000000
160 -130 0.000000
160 -125 0.000000
160 -120 0.000000
160 -115 0.000000
160 -110 0.000000
160 -105 0.000000
160 -100 0.000000
160 -95 0.000000
160 -90 0.000000
160 -85 0.000000
160 -80 0.000000
160 -75 0.000000
160 -70 0.000000
160 -65 0.000000
160 -60 0.000000
160 -55 0.000000
160 -50 0.000000
160 -45 0.000000
160 -40 0.000000
160 -35 0.000000
160 -30 0.000000
160 -25 0.000000
160 -20 0.000000
160 -15 0.000000
160 -10 0.000000
160 -5 0.000000
160 0 0.000000
160 5 0.000000
160 10 0.000000
160 15 0.000000
160 20 0.000000
160 25 0.000000
160 30 0.000000
160 35 0.000000
160 40 0.000000
160 45 0.000000
160 50 0.000000
160 55 0.000000
160 60 0.000000
160 65 0.000000
160 70 0.000000
160 75 0.000000
160 80 0.000000
160 85 0.000000
160 90 0.000000
160 95 0.000000
160 100 0.000000
160 105 0.000000
160 110 0.000000
160 115 0.000000
160 120 0.000000
160 125 0.000000
160 130 0.000000
160 135 0.000038
160 140 0.000695
160 145 0.001619
160 150 0.002953
160 155 0.004215
160 160 0.004705
160 165 0.004103
160 170 0.002794
160 175 0.001485
165 -180 0.001561
165 -175 0.000000
165 -170 0.000000
165 -165 0.000000
165 -160 0.000000
165 -155 0.000000
165 -150 0.000000
165 -145 0.000000
165 -140 0.000000
165 -135 0.000000
165 -130 0.000000
165 -125 0.000000
165 -120 0.000000
165 -115 0.000000
165 -110 0.000000
165 -105 0.000000
165 -100 0.000000
165 -95 0.000000
165 -90 0.000000
165 -85 0.000000
165 -80 0.000000
165 -75 0.000000
165 -70 0.000000
165 -65 0.000000
165 -60 0.000000
165 -55 0.000000
165 -50 0.000000
165 -45 0.000000
165 -40 0.000000
165 -35 0.000000
165 -30 0.000000
165 -25 0.000000
165 -20 0.000000
165 -15 0.000000
165 -10 0.000000
165 -5 0.000000
165 0 0.000000
165 5 0.000000
165 10 0.000000
165 15 0.000000
165 20 0.000000
165 25 0.000000
165 30 0.000000
165 35 0.000000
165 40 0.000000
165 45 0.000000
165 50 0.000000
165 55 0.000000
165 60 0.000000
165 65 0.000000
165 70 0.000000
165 75 0.000000
165 80 0.000000
165 85 0.000000
165 90 0.000000
165 95 0.000000
165 100 0.000000
165 105 0.000000
165 110 0.000000
165 115 0.000019
165 120 0.000348
165 125 0.000809
165 130 0.001476
165 135 0.002207
165 140 0.004152
165 145 0.006243
165 150 0.009042
165 155 0.011657
165 160 0.012485
165 165 0.010625
165 170 0.007235
165 175 0.003844
170 -180 0.004188
170 -175 0.000771
170 -170 0.000387
170 -165 0.000124
170 -160 0.000000
170 -155 0.000000
170 -150 0.000000
170 -145 0.000000
170 -140 0.000000
170 -135 0.000000
170 -130 0.000000
170 -125 0.000000
170 -120 0.000000
170 -115 0.000000
170 -110 0.000000
170 -105 0.000000
170 -100 0.000000
170 -95 0.000000
170 -90 0.000000
170 -85 0.000000
170 -80 0.000000
170 -75 0.000000
170 -70 0.000000
170 -65 0.000000
170 -60 0.000000
170 -55 0.000000
170 -50 0.000000
170 -45 0.000000
170 -40 0.000000
170 -35 0.000000
170 -30 0.000000
170 -25 0.000000
170 -20 0.000000
170 -15 0.000000
170 -10 0.000000
170 -5 0.000000
170 0 0.000000
170 5 0.000000
170 10 0.000000
170 15 0.000000
170 20 0.000000
170 25 0.000000
170 30 0.000000
170 35 0.000000
170 40 0.000000
170 45 0.000000
170 50 0.000000
170 55 0.000000
170 60 0.000000
170 65 0.000000
170 70 0.000000
170 75 0.000000
170 80 0.000000
170 85 0.000000
170 90 0.000000
170 95 0.000000
170 100 0.000000
170 105 0.000000
170 110 0.000000
170 115 0.000073
170 120 0.001896
170 125 0.004820
170 130 0.009553
170 135 0.014775
170 140 0.021232
170 145 0.025494
170 150 0.028648
170 155 0.030291
170 160 0.028820
170 165 0.023009
170 170 0.015794
170 175 0.008848
175 -180 0.022698
175 -175 0.013592
175 -170 0.008529
175 -165 0.004275
175 -160 0.001612
175 -155 0.000360
175 -150 0.000000
175 -145 0.000000
175 -140 0.000000
175 -135 0.000000
175 -130 0.000000
175 -125 0.000000
175 -120 0.000000
175 -115 0.000000
175 -110 0.000000
175 -105 0.000000
175 -100 0.000000
175 -95 0.000000
175 -90 0.000000
175 -85 0.000000
175 -80 0.000000
175 -75 0.000000
175 -70 0.000000
175 -65 0.000000
175 -60 0.000000
175 -55 0.000000
175 -50 0.000000
175 -45 0.000000
175 -40 0.000000
175 -35 0.000000
175 -30 0.000000
175 -25 0.000000
175 -20 0.000000
175 -15 0.000000
175 -10 0.000000
175 -5 0.000000
175 0 0.000000
175 5 0.000000
175 10 0.000000
175 15 0.000000
175 20 0.000000
175 25 0.000000
175 30 0.000000
175 35 0.000000
175 40 0.000000
175 45 0.000000
175 50 0.000000
175 55 0.000000
175 60 0.000000
175 65 0.000000
175 70 0.000000
175 75 0.000000
175 80 0.000000
175 85 0.000000
175 90 0.000000
175 95 0.000000
175 100 0.000000
175 105 0.000000
175 110 0.000000
175 115 0.000725
175 120 0.006008
175 125 0.014503
175 130 0.028394
175 135 0.043355
175 140 0.058606
175 145 0.067045
175 150 0.070468
175 155 0.069893
175 160 0.064848
175 165 0.054396
175 170 0.043363
175 175 0.031825
