-180 -180 0.030459
-180 -175 0.019513
-180 -170 0.012861
-180 -165 0.007958
-180 -160 0.004697
-180 -155 0.002192
-180 -150 0.000441
-180 -145 0.000000
-180 -140 0.000000
-180 -135 0.000000
-180 -130 0.000000
-180 -125 0.000000
-180 -120 0.000000
-180 -115 0.000000
-180 -110 0.000000
-180 -105 0.000000
-180 -100 0.000000
-180 -95 0.000000
-180 -90 0.000000
-180 -85 0.000000
-180 -80 0.000000
-180 -75 0.000000
-180 -70 0.000000
-180 -65 0.000148
-180 -60 0.000543
-180 -55 0.001114
-180 -50 0.001807
-180 -45 0.002319
-180 -40 0.002354
-180 -35 0.001889
-180 -30 0.001198
-180 -25 0.000599
-180 -20 0.000188
-180 -15 0.000000
-180 -10 0.000000
-180 -5 0.000000
-180 0 0.000000
-180 5 0.000000
-180 10 0.000000
-180 15 0.000000
-180 20 0.000000
-180 25 0.000000
-180 30 0.000000
-180 35 0.000000
-180 40 0.000044
-180 45 0.000655
-180 50 0.001838
-180 55 0.003524
-180 60 0.005355
-180 65 0.006451
-180 70 0.006164
-180 75 0.004672
-180 80 0.002839
-180 85 0.002152
-180 90 0.002271
-180 95 0.003581
-180 100 0.005145
-180 105 0.005772
-180 110 0.005054
-180 115 0.003452
-180 120 0.001854
-180 125 0.001270
-180 130 0.002449
-180 135 0.006077
-180 140 0.014947
-180 145 0.028368
-180 150 0.045644
-180 155 0.061923
-180 160 0.071821
-180 165 0.071440
-180 170 0.060447
-180 175 0.044496
-175 -180 0.066701
-175 -175 0.043401
-175 -170 0.028429
-175 -165 0.017545
-175 -160 0.010078
-175 -155 0.004513
-175 -150 0.000851
-175 -145 0.000000
-175 -140 0.000000
-175 -135 0.000000
-175 -130 0.000000
-175 -125 0.000000
-175 -120 0.000000
-175 -115 0.000000
-175 -110 0.000000
-175 -105 0.000000
-175 -100 0.000000
-175 -95 0.000000
-175 -90 0.000000
-175 -85 0.000000
-175 -80 0.000000
-175 -75 0.000000
-175 -70 0.000000
-175 -65 0.000543
-175 -60 0.001992
-175 -55 0.004089
-175 -50 0.006634
-175 -45 0.008514
-175 -40 0.008642
-175 -35 0.006936
-175 -30 0.004397
-175 -25 0.002200
-175 -20 0.000691
-175 -15 0.000000
-175 -10 0.000000
-175 -5 0.000009
-175 0 0.000028
-175 5 0.000055
-175 10 0.000086
-175 15 0.000107
-175 20 0.000105
-175 25 0.000082
-175 30 0.000050
-175 35 0.000024
-175 40 0.000129
-175 45 0.001857
-175 50 0.005422
-175 55 0.010498
-175 60 0.016130
-175 65 0.019670
-175 70 0.019038
-175 75 0.014621
-175 80 0.008979
-175 85 0.006224
-175 90 0.005748
-175 95 0.008502
-175 100 0.012541
-175 105 0.015274
-175 110 0.015351
-175 115 0.013856
-175 120 0.012045
-175 125 0.011578
-175 130 0.013316
-175 135 0.019910
-175 140 0.037392
-175 145 0.064844
-175 150 0.099844
-175 155 0.133252
-175 160 0.153465
-175 165 0.152348
-175 170 0.129143
-175 175 0.096099
-170 -180 0.120232
-170 -175 0.078008
-170 -170 0.050107
-170 -165 0.030343
-170 -160 0.016892
-170 -155 0.007231
-170 -150 0.001289
-170 -145 0.000000
-170 -140 0.000000
-170 -135 0.000000
-170 -130 0.000000
-170 -125 0.000000
-170 -120 0.000000
-170 -115 0.000000
-170 -110 0.000000
-170 -105 0.000000
-170 -100 0.000000
-170 -95 0.000000
-170 -90 0.000000
-170 -85 0.000000
-170 -80 0.000000
-170 -75 0.000000
-170 -70 0.000000
-170 -65 0.001114
-170 -60 0.004089
-170 -55 0.008391
-170 -50 0.013614
-170 -45 0.017472
-170 -40 0.017735
-170 -35 0.014234
-170 -30 0.009024
-170 -25 0.004514
-170 -20 0.001417
-170 -15 0.000000
-170 -10 0.000000
-170 -5 0.000455
-170 0 0.001422
-170 5 0.002831
-170 10 0.004445
-170 15 0.005513
-170 20 0.005404
-170 25 0.004189
-170 30 0.002569
-170 35 0.001246
-170 40 0.000568
-170 45 0.003621
-170 50 0.010666
-170 55 0.020697
-170 60 0.031878
-170 65 0.038975
-170 70 0.037824
-170 75 0.029128
-170 80 0.017925
-170 85 0.012173
-170 90 0.010853
-170 95 0.015755
-170 100 0.023503
-170 105 0.029693
-170 110 0.031445
-170 115 0.030935
-170 120 0.029704
-170 125 0.030710
-170 130 0.034813
-170 135 0.048025
-170 140 0.080592
-170 145 0.130436
-170 150 0.191249
-170 155 0.247820
-170 160 0.280073
-170 165 0.274875
-170 170 0.231788
-170 175 0.172902
-165 -180 0.177565
-165 -175 0.114018
-165 -170 0.071130
-165 -165 0.041893
-165 -160 0.022640
-165 -155 0.009243
-165 -150 0.001535
-165 -145 0.000000
-165 -140 0.000000
-165 -135 0.000000
-165 -130 0.000000
-165 -125 0.000000
-165 -120 0.000000
-165 -115 0.000000
-165 -110 0.000000
-165 -105 0.000000
-165 -100 0.000000
-165 -95 0.000391
-165 -90 0.001035
-165 -85 0.002109
-165 -80 0.003358
-165 -75 0.004258
-165 -70 0.004411
-165 -65 0.005597
-165 -60 0.009370
-165 -55 0.015283
-165 -50 0.022820
-165 -45 0.028650
-165 -40 0.028850
-165 -35 0.023093
-165 -30 0.014641
-165 -25 0.007323
-165 -20 0.002300
-165 -15 0.000000
-165 -10 0.000000
-165 -5 0.001081
-165 0 0.003375
-165 5 0.006720
-165 10 0.010554
-165 15 0.013088
-165 20 0.012829
-165 25 0.009946
-165 30 0.006100
-165 35 0.002958
-165 40 0.001146
-165 45 0.005551
-165 50 0.016522
-165 55 0.032141
-165 60 0.049639
-165 65 0.060867
-165 70 0.059248
-165 75 0.045764
-165 80 0.028229
-165 85 0.018750
-165 90 0.016352
-165 95 0.023799
-165 100 0.036466
-165 105 0.048398
-165 110 0.054702
-165 115 0.058338
-165 120 0.061546
-165 125 0.067965
-165 130 0.078089
-165 135 0.100530
-165 140 0.148271
-165 145 0.217999
-165 150 0.299698
-165 155 0.374773
-165 160 0.416318
-165 165 0.405475
-165 170 0.341775
-165 175 0.255805
-160 -180 0.221900
-160 -175 0.141217
-160 -170 0.085518
-160 -165 0.048427
-160 -160 0.025198
-160 -155 0.009641
-160 -150 0.001438
-160 -145 0.000000
-160 -140 0.000000
-160 -135 0.000000
-160 -130 0.000000
-160 -125 0.000000
-160 -120 0.000000
-160 -115 0.000000
-160 -110 0.000000
-160 -105 0.000000
-160 -100 0.000000
-160 -95 0.001158
-160 -90 0.003066
-160 -85 0.006528
-160 -80 0.010789
-160 -75 0.014282
-160 -70 0.015669
-160 -65 0.016743
-160 -60 0.019720
-160 -55 0.024796
-160 -50 0.031957
-160 -45 0.037972
-160 -40 0.037322
-160 -35 0.029636
-160 -30 0.018789
-160 -25 0.009398
-160 -20 0.002951
-160 -15 0.000000
-160 -10 0.000000
-160 -5 0.002003
-160 0 0.006254
-160 5 0.012453
-160 10 0.019557
-160 15 0.024253
-160 20 0.023773
-160 25 0.018431
-160 30 0.011303
-160 35 0.005481
-160 40 0.001887
-160 45 0.006745
-160 50 0.020570
-160 55 0.040543
-160 60 0.063687
-160 65 0.079727
-160 70 0.079918
-160 75 0.064578
-160 80 0.042696
-160 85 0.028870
-160 90 0.023626
-160 95 0.031302
-160 100 0.047487
-160 105 0.066021
-160 110 0.079993
-160 115 0.091954
-160 120 0.104134
-160 125 0.120230
-160 130 0.140606
-160 135 0.174005
-160 140 0.233648
-160 145 0.314242
-160 150 0.403078
-160 155 0.481847
-160 160 0.522415
-160 165 0.503387
-160 170 0.424350
-160 175 0.319260
-155 -180 0.242021
-155 -175 0.151073
-155 -170 0.088221
-155 -165 0.047282
-155 -160 0.023564
-155 -155 0.008315
-155 -150 0.001063
-155 -145 0.000000
-155 -140 0.000000
-155 -135 0.000000
-155 -130 0.000000
-155 -125 0.000000
-155 -120 0.000000
-155 -115 0.000000
-155 -110 0.000000
-155 -105 0.000000
-155 -100 0.000000
-155 -95 0.002279
-155 -90 0.006037
-155 -85 0.012974
-155 -80 0.021608
-155 -75 0.028841
-155 -70 0.031972
-155 -65 0.032131
-155 -60 0.032043
-155 -55 0.033182
-155 -50 0.036506
-155 -45 0.040365
-155 -40 0.038337
-155 -35 0.030083
-155 -30 0.019072
-155 -25 0.009540
-155 -20 0.002996
-155 -15 0.000000
-155 -10 0.000000
-155 -5 0.002895
-155 0 0.009041
-155 5 0.018004
-155 10 0.028274
-155 15 0.035063
-155 20 0.034369
-155 25 0.026646
-155 30 0.016341
-155 35 0.007924
-155 40 0.002510
-155 45 0.006610
-155 50 0.021234
-155 55 0.042993
-155 60 0.069589
-155 65 0.090663
-155 70 0.095725
-155 75 0.083412
-155 80 0.061421
-155 85 0.043911
-155 90 0.034222
-155 95 0.038666
-155 100 0.055048
-155 105 0.078451
-155 110 0.100566
-155 115 0.123072
-155 120 0.147656
-155 125 0.177630
-155 130 0.213667
-155 135 0.259267
-155 140 0.325360
-155 145 0.403955
-155 150 0.483777
-155 155 0.550375
-155 160 0.580002
-155 165 0.551590
-155 170 0.464342
-155 175 0.349652
-150 -180 0.232786
-150 -175 0.140735
-150 -170 0.078454
-150 -165 0.038983
-150 -160 0.018601
-150 -155 0.005994
-150 -150 0.000620
-150 -145 0.000000
-150 -140 0.000000
-150 -135 0.000000
-150 -130 0.000000
-150 -125 0.000000
-150 -120 0.000000
-150 -115 0.000000
-150 -110 0.000000
-150 -105 0.000000
-150 -100 0.000000
-150 -95 0.003534
-150 -90 0.009362
-150 -85 0.020331
-150 -80 0.034151
-150 -75 0.045997
-150 -70 0.051561
-150 -65 0.050500
-150 -60 0.045587
-150 -55 0.040001
-150 -50 0.036184
-150 -45 0.035497
-150 -40 0.031538
-150 -35 0.024144
-150 -30 0.015307
-150 -25 0.007657
-150 -20 0.002404
-150 -15 0.000000
-150 -10 0.000000
-150 -5 0.003264
-150 0 0.010194
-150 5 0.020299
-150 10 0.031878
-150 15 0.039532
-150 20 0.038751
-150 25 0.030042
-150 30 0.018424
-150 35 0.008934
-150 40 0.002672
-150 45 0.005291
-150 50 0.018590
-150 55 0.039402
-150 60 0.067211
-150 65 0.093564
-150 70 0.106951
-150 75 0.103399
-150 80 0.086539
-150 85 0.067662
-150 90 0.053498
-150 95 0.053593
-150 100 0.068892
-150 105 0.095233
-150 110 0.123357
-150 115 0.153451
-150 120 0.187660
-150 125 0.230624
-150 130 0.284095
-150 135 0.341905
-150 140 0.408850
-150 145 0.473818
-150 150 0.530535
-150 155 0.570912
-150 160 0.581105
-150 165 0.543118
-150 170 0.454920
-150 175 0.340500
-145 -180 0.197274
-145 -175 0.113547
-145 -170 0.059777
-145 -165 0.026905
-145 -160 0.012342
-145 -155 0.003632
-145 -150 0.000286
-145 -145 0.000000
-145 -140 0.000000
-145 -135 0.000000
-145 -130 0.000000
-145 -125 0.000000
-145 -120 0.000000
-145 -115 0.000000
-145 -110 0.000000
-145 -105 0.000000
-145 -100 0.000000
-145 -95 0.004322
-145 -90 0.011449
-145 -85 0.025155
-145 -80 0.042644
-145 -75 0.057989
-145 -70 0.065762
-145 -65 0.063973
-145 -60 0.054893
-145 -55 0.043013
-145 -50 0.032154
-145 -45 0.026677
-145 -40 0.021030
-145 -35 0.015307
-145 -30 0.009704
-145 -25 0.004863
-145 -20 0.002040
-145 -15 0.001227
-145 -10 0.002558
-145 -5 0.006951
-145 0 0.014213
-145 5 0.023723
-145 10 0.033763
-145 15 0.039979
-145 20 0.038846
-145 25 0.030622
-145 30 0.020154
-145 35 0.011278
-145 40 0.005058
-145 45 0.005715
-145 50 0.016374
-145 55 0.035210
-145 60 0.063859
-145 65 0.096456
-145 70 0.120375
-145 75 0.128459
-145 80 0.119106
-145 85 0.100058
-145 90 0.081222
-145 95 0.076324
-145 100 0.089552
-145 105 0.116151
-145 110 0.146108
-145 115 0.178344
-145 120 0.215132
-145 125 0.264977
-145 130 0.331412
-145 135 0.397652
-145 140 0.461753
-145 145 0.509370
-145 150 0.539420
-145 155 0.549410
-145 160 0.536412
-145 165 0.488557
-145 170 0.402758
-145 175 0.295583
-140 -180 0.147755
-140 -175 0.081172
-140 -170 0.041494
-140 -165 0.017625
-140 -160 0.008255
-140 -155 0.002575
-140 -150 0.000332
-140 -145 0.000070
-140 -140 0.000000
-140 -135 0.000000
-140 -130 0.000000
-140 -125 0.000000
-140 -120 0.000000
-140 -115 0.000000
-140 -110 0.000000
-140 -105 0.000000
-140 -100 0.000000
-140 -95 0.004174
-140 -90 0.011055
-140 -85 0.024598
-140 -80 0.042103
-140 -75 0.057823
-140 -70 0.066840
-140 -65 0.066102
-140 -60 0.057062
-140 -55 0.044088
-140 -50 0.030966
-140 -45 0.023304
-140 -40 0.017080
-140 -35 0.013154
-140 -30 0.010684
-140 -25 0.008206
-140 -20 0.008407
-140 -15 0.010158
-140 -10 0.015382
-140 -5 0.024679
-140 0 0.035077
-140 5 0.045072
-140 10 0.052096
-140 15 0.053987
-140 20 0.049897
-140 25 0.039769
-140 30 0.029598
-140 35 0.020465
-140 40 0.013127
-140 45 0.010820
-140 50 0.017344
-140 55 0.033107
-140 60 0.061430
-140 65 0.098778
-140 70 0.131707
-140 75 0.150550
-140 80 0.149552
-140 85 0.133591
-140 90 0.113956
-140 95 0.107689
-140 100 0.120491
-140 105 0.145451
-140 110 0.171868
-140 115 0.199002
-140 120 0.228643
-140 125 0.275662
-140 130 0.344755
-140 135 0.412665
-140 140 0.471785
-140 145 0.504395
-140 150 0.511260
-140 155 0.493645
-140 160 0.457585
-140 165 0.400560
-140 170 0.319522
-140 175 0.227121
-135 -180 0.109439
-135 -175 0.063026
-135 -170 0.037188
-135 -165 0.019544
-135 -160 0.011266
-135 -155 0.005110
-135 -150 0.001562
-135 -145 0.000388
-135 -140 0.000000
-135 -135 0.000000
-135 -130 0.000000
-135 -125 0.000000
-135 -120 0.000000
-135 -115 0.000000
-135 -110 0.000000
-135 -105 0.000000
-135 -100 0.000000
-135 -95 0.003186
-135 -90 0.008438
-135 -85 0.019023
-135 -80 0.032882
-135 -75 0.045609
-135 -70 0.054159
-135 -65 0.055872
-135 -60 0.051393
-135 -55 0.043689
-135 -50 0.034938
-135 -45 0.029442
-135 -40 0.024704
-135 -35 0.022534
-135 -30 0.023242
-135 -25 0.024089
-135 -20 0.029820
-135 -15 0.037167
-135 -10 0.049409
-135 -5 0.065799
-135 0 0.079458
-135 5 0.089180
-135 10 0.092372
-135 15 0.089173
-135 20 0.081846
-135 25 0.068351
-135 30 0.056064
-135 35 0.042841
-135 40 0.030146
-135 45 0.021661
-135 50 0.020783
-135 55 0.030465
-135 60 0.054705
-135 65 0.091423
-135 70 0.128068
-135 75 0.154042
-135 80 0.161189
-135 85 0.151889
-135 90 0.136951
-135 95 0.134291
-135 100 0.149435
-135 105 0.173737
-135 110 0.195352
-135 115 0.214208
-135 120 0.230932
-135 125 0.267510
-135 130 0.329692
-135 135 0.394322
-135 140 0.450983
-135 145 0.476890
-135 150 0.469653
-135 155 0.431945
-135 160 0.376812
-135 165 0.313055
-135 170 0.238657
-135 175 0.165546
-130 -180 0.092956
-130 -175 0.062066
-130 -170 0.044664
-130 -165 0.029092
-130 -160 0.018570
-130 -155 0.009629
-130 -150 0.003389
-130 -145 0.000841
-130 -140 0.000000
-130 -135 0.000000
-130 -130 0.000024
-130 -125 0.000125
-130 -120 0.000269
-130 -115 0.000459
-130 -110 0.000980
-130 -105 0.001727
-130 -100 0.002657
-130 -95 0.005553
-130 -90 0.009278
-130 -85 0.015565
-130 -80 0.023258
-130 -75 0.030224
-130 -70 0.036533
-130 -65 0.040847
-130 -60 0.043765
-130 -55 0.046291
-130 -50 0.047423
-130 -45 0.048706
-130 -40 0.048111
-130 -35 0.048159
-130 -30 0.051387
-130 -25 0.054553
-130 -20 0.066173
-130 -15 0.081204
-130 -10 0.104062
-130 -5 0.132957
-130 0 0.154656
-130 5 0.167482
-130 10 0.168100
-130 15 0.158614
-130 20 0.145825
-130 25 0.125227
-130 30 0.106423
-130 35 0.084557
-130 40 0.061534
-130 45 0.042959
-130 50 0.030546
-130 55 0.030139
-130 60 0.045708
-130 65 0.074750
-130 70 0.107675
-130 75 0.134607
-130 80 0.147438
-130 85 0.147105
-130 90 0.142741
-130 95 0.149819
-130 100 0.170969
-130 105 0.196204
-130 110 0.212499
-130 115 0.220099
-130 120 0.221089
-130 125 0.243670
-130 130 0.295428
-130 135 0.357855
-130 140 0.418125
-130 145 0.447372
-130 150 0.436133
-130 155 0.388012
-130 160 0.321490
-130 165 0.254505
-130 170 0.186859
-130 175 0.130661
-125 -180 0.100026
-125 -175 0.078799
-125 -170 0.063522
-125 -165 0.045401
-125 -160 0.029614
-125 -155 0.015880
-125 -150 0.005813
-125 -145 0.001442
-125 -140 0.000000
-125 -135 0.000000
-125 -130 0.000232
-125 -125 0.001216
-125 -120 0.002622
-125 -115 0.004469
-125 -110 0.007010
-125 -105 0.009332
-125 -100 0.011140
-125 -95 0.013422
-125 -90 0.015242
-125 -85 0.016907
-125 -80 0.018022
-125 -75 0.018909
-125 -70 0.022868
-125 -65 0.030286
-125 -60 0.042578
-125 -55 0.058982
-125 -50 0.074230
-125 -45 0.086434
-125 -40 0.092275
-125 -35 0.095501
-125 -30 0.101287
-125 -25 0.107561
-125 -20 0.126337
-125 -15 0.151509
-125 -10 0.186889
-125 -5 0.229590
-125 0 0.259560
-125 5 0.275597
-125 10 0.273145
-125 15 0.255983
-125 20 0.234551
-125 25 0.202703
-125 30 0.171479
-125 35 0.135581
-125 40 0.097883
-125 45 0.066760
-125 50 0.041353
-125 55 0.029767
-125 60 0.034885
-125 65 0.052372
-125 70 0.076638
-125 75 0.099444
-125 80 0.114353
-125 85 0.121661
-125 90 0.129727
-125 95 0.148999
-125 100 0.178714
-125 105 0.209159
-125 110 0.225290
-125 115 0.226359
-125 120 0.217015
-125 125 0.227421
-125 130 0.267248
-125 135 0.324298
-125 140 0.384813
-125 145 0.416305
-125 150 0.403345
-125 155 0.352090
-125 160 0.283960
-125 165 0.221465
-125 170 0.165189
-125 175 0.124820
-120 -180 0.120710
-120 -175 0.100987
-120 -170 0.082708
-120 -165 0.059852
-120 -160 0.038878
-120 -155 0.021025
-120 -150 0.007868
-120 -145 0.001952
-120 -140 0.000000
-120 -135 0.000000
-120 -130 0.000526
-120 -125 0.002758
-120 -120 0.005946
-120 -115 0.010135
-120 -110 0.015568
-120 -105 0.020187
-120 -100 0.023340
-120 -95 0.025595
-120 -90 0.025985
-120 -85 0.023519
-120 -80 0.018425
-120 -75 0.013539
-120 -70 0.014831
-120 -65 0.024120
-120 -60 0.044080
-120 -55 0.073277
-120 -50 0.102991
-120 -45 0.128371
-120 -40 0.143577
-120 -35 0.152685
-120 -30 0.161976
-120 -25 0.172193
-120 -20 0.198934
-120 -15 0.237835
-120 -10 0.289775
-120 -5 0.350525
-120 0 0.392755
-120 5 0.413555
-120 10 0.406332
-120 15 0.377075
-120 20 0.340448
-120 25 0.292595
-120 30 0.244527
-120 35 0.192130
-120 40 0.137682
-120 45 0.092342
-120 50 0.053380
-120 55 0.030441
-120 60 0.026075
-120 65 0.033303
-120 70 0.049493
-120 75 0.067484
-120 80 0.081667
-120 85 0.092061
-120 90 0.108075
-120 95 0.135940
-120 100 0.172993
-120 105 0.210866
-120 110 0.231915
-120 115 0.232295
-120 120 0.219673
-120 125 0.223282
-120 130 0.255638
-120 135 0.310070
-120 140 0.372810
-120 145 0.408338
-120 150 0.396788
-120 155 0.346782
-120 160 0.280820
-120 165 0.222809
-120 170 0.174614
-120 175 0.142072
-115 -180 0.139261
-115 -175 0.112910
-115 -170 0.088956
-115 -165 0.063066
-115 -160 0.040339
-115 -155 0.021988
-115 -150 0.008396
-115 -145 0.002083
-115 -140 0.000000
-115 -135 0.000000
-115 -130 0.000938
-115 -125 0.004921
-115 -120 0.010610
-115 -115 0.018085
-115 -110 0.027271
-115 -105 0.034516
-115 -100 0.038684
-115 -95 0.040683
-115 -90 0.039708
-115 -85 0.033923
-115 -80 0.023855
-115 -75 0.014401
-115 -70 0.012878
-115 -65 0.021905
-115 -60 0.045833
-115 -55 0.084035
-115 -50 0.125627
-115 -45 0.164562
-115 -40 0.191716
-115 -35 0.210786
-115 -30 0.225961
-115 -25 0.242502
-115 -20 0.277040
-115 -15 0.330560
-115 -10 0.399078
-115 -5 0.476795
-115 0 0.532018
-115 5 0.557393
-115 10 0.543630
-115 15 0.499627
-115 20 0.442148
-115 25 0.374525
-115 30 0.305602
-115 35 0.236158
-115 40 0.166996
-115 45 0.109581
-115 50 0.061527
-115 55 0.031919
-115 60 0.023224
-115 65 0.026400
-115 70 0.039359
-115 75 0.054401
-115 80 0.065102
-115 85 0.072498
-115 90 0.088973
-115 95 0.119506
-115 100 0.161387
-115 105 0.207429
-115 110 0.236958
-115 115 0.241853
-115 120 0.233941
-115 125 0.239139
-115 130 0.271745
-115 135 0.327315
-115 140 0.391733
-115 145 0.428055
-115 150 0.416065
-115 155 0.368308
-115 160 0.306142
-115 165 0.250067
-115 170 0.203419
-115 175 0.167796
-110 -180 0.143152
-110 -175 0.108338
-110 -170 0.079428
-110 -165 0.053725
-110 -160 0.033046
-110 -155 0.018142
-110 -150 0.007052
-110 -145 0.001750
-110 -140 0.000000
-110 -135 0.000000
-110 -130 0.001315
-110 -125 0.006897
-110 -120 0.014872
-110 -115 0.025349
-110 -110 0.037623
-110 -105 0.046596
-110 -100 0.050709
-110 -95 0.051575
-110 -90 0.048994
-110 -85 0.041113
-110 -80 0.028524
-110 -75 0.017220
-110 -70 0.014370
-110 -65 0.022849
-110 -60 0.047630
-110 -55 0.089936
-110 -50 0.138716
-110 -45 0.187934
-110 -40 0.225817
-110 -35 0.256205
-110 -30 0.279305
-110 -25 0.305688
-110 -20 0.351392
-110 -15 0.423985
-110 -10 0.513945
-110 -5 0.611880
-110 0 0.683362
-110 5 0.713402
-110 10 0.689057
-110 15 0.623428
-110 20 0.534420
-110 25 0.438470
-110 30 0.344322
-110 35 0.258353
-110 40 0.178874
-110 45 0.114169
-110 50 0.063312
-110 55 0.033308
-110 60 0.027058
-110 65 0.034873
-110 70 0.052340
-110 75 0.069152
-110 80 0.076182
-110 85 0.076217
-110 90 0.085946
-110 95 0.113129
-110 100 0.156235
-110 105 0.208843
-110 110 0.248668
-110 115 0.262687
-110 120 0.266025
-110 125 0.280275
-110 130 0.319833
-110 135 0.379490
-110 140 0.444227
-110 145 0.477680
-110 150 0.459803
-110 155 0.407170
-110 160 0.340760
-110 165 0.278482
-110 170 0.226299
-110 175 0.181893
-105 -180 0.133974
-105 -175 0.091239
-105 -170 0.060134
-105 -165 0.037662
-105 -160 0.021345
-105 -155 0.011793
-105 -150 0.004656
-105 -145 0.001155
-105 -140 0.000000
-105 -135 0.000000
-105 -130 0.001446
-105 -125 0.007584
-105 -120 0.016353
-105 -115 0.027874
-105 -110 0.040818
-105 -105 0.049602
-105 -100 0.052539
-105 -95 0.051719
-105 -90 0.047767
-105 -85 0.039312
-105 -80 0.026864
-105 -75 0.016218
-105 -70 0.013352
-105 -65 0.021586
-105 -60 0.045421
-105 -55 0.087952
-105 -50 0.140333
-105 -45 0.196971
-105 -40 0.245706
-105 -35 0.291590
-105 -30 0.330100
-105 -25 0.376275
-105 -20 0.442727
-105 -15 0.540315
-105 -10 0.653915
-105 -5 0.767772
-105 0 0.847763
-105 5 0.871110
-105 10 0.825625
-105 15 0.731513
-105 20 0.605463
-105 25 0.477397
-105 30 0.358123
-105 35 0.257922
-105 40 0.172849
-105 45 0.105727
-105 50 0.058718
-105 55 0.035726
-105 60 0.040224
-105 65 0.063782
-105 70 0.096862
-105 75 0.123885
-105 80 0.131164
-105 85 0.122693
-105 90 0.119354
-105 95 0.134591
-105 100 0.169363
-105 105 0.219347
-105 110 0.264223
-105 115 0.288608
-105 120 0.308017
-105 125 0.336792
-105 130 0.385965
-105 135 0.448125
-105 140 0.510210
-105 145 0.539648
-105 150 0.517443
-105 155 0.460625
-105 160 0.386615
-105 165 0.310793
-105 170 0.243957
-105 175 0.184467
-100 -180 0.125611
-100 -175 0.075222
-100 -170 0.042711
-100 -165 0.023570
-100 -160 0.011048
-100 -155 0.006031
-100 -150 0.002412
-100 -145 0.000599
-100 -140 0.000000
-100 -135 0.000000
-100 -130 0.001246
-100 -125 0.006534
-100 -120 0.014089
-100 -115 0.024014
-100 -110 0.034775
-100 -105 0.041575
-100 -100 0.042983
-100 -95 0.041021
-100 -90 0.036828
-100 -85 0.029692
-100 -80 0.019957
-100 -75 0.012048
-100 -70 0.010181
-100 -65 0.018820
-100 -60 0.040773
-100 -55 0.080788
-100 -50 0.133508
-100 -45 0.194019
-100 -40 0.252295
-100 -35 0.316410
-100 -30 0.380587
-100 -25 0.462660
-100 -20 0.566690
-100 -15 0.699690
-100 -10 0.836102
-100 -5 0.950807
-100 0 1.015750
-100 5 1.008598
-100 10 0.927505
-100 15 0.800640
-100 20 0.640868
-100 25 0.485523
-100 30 0.346382
-100 35 0.236394
-100 40 0.150805
-100 45 0.086308
-100 50 0.049031
-100 55 0.039066
-100 60 0.059743
-100 65 0.105259
-100 70 0.159571
-100 75 0.200585
-100 80 0.210520
-100 85 0.194705
-100 90 0.177041
-100 95 0.176625
-100 100 0.197316
-100 105 0.237822
-100 110 0.283093
-100 115 0.319057
-100 120 0.359245
-100 125 0.407215
-100 130 0.466468
-100 135 0.527268
-100 140 0.580730
-100 145 0.602227
-100 150 0.576778
-100 155 0.519022
-100 160 0.440060
-100 165 0.350295
-100 170 0.265605
-100 175 0.188621
-95 -180 0.125507
-95 -175 0.067081
-95 -170 0.032410
-95 -165 0.014924
-95 -160 0.004493
-95 -155 0.002101
-95 -150 0.000889
-95 -145 0.000220
-95 -140 0.000000
-95 -135 0.000000
-95 -130 0.000840
-95 -125 0.004406
-95 -120 0.009500
-95 -115 0.016192
-95 -110 0.023233
-95 -105 0.027397
-95 -100 0.027731
-95 -95 0.025720
-95 -90 0.022461
-95 -85 0.017731
-95 -80 0.011709
-95 -75 0.007068
-95 -70 0.006137
-95 -65 0.015368
-95 -60 0.035546
-95 -55 0.072291
-95 -50 0.123955
-95 -45 0.186992
-95 -40 0.255012
-95 -35 0.341718
-95 -30 0.442607
-95 -25 0.576492
-95 -20 0.731662
-95 -15 0.902158
-95 -10 1.049300
-95 -5 1.138742
-95 0 1.155403
-95 5 1.089965
-95 10 0.959640
-95 15 0.801255
-95 20 0.620400
-95 25 0.453178
-95 30 0.308080
-95 35 0.197532
-95 40 0.118217
-95 45 0.061541
-95 50 0.037225
-95 55 0.042184
-95 60 0.079345
-95 65 0.145827
-95 70 0.220514
-95 75 0.275860
-95 80 0.291737
-95 85 0.274133
-95 90 0.247713
-95 95 0.234943
-95 100 0.242773
-95 105 0.272820
-95 110 0.318135
-95 115 0.369248
-95 120 0.435500
-95 125 0.508610
-95 130 0.581267
-95 135 0.640338
-95 140 0.681353
-95 145 0.689455
-95 150 0.656922
-95 155 0.594630
-95 160 0.508180
-95 165 0.402617
-95 170 0.297532
-95 175 0.201785
-90 -180 0.136684
-90 -175 0.069080
-90 -170 0.030389
-90 -165 0.012138
-90 -160 0.001683
-90 -155 0.000000
-90 -150 0.000000
-90 -145 0.000000
-90 -140 0.000000
-90 -135 0.000000
-90 -130 0.000443
-90 -125 0.002323
-90 -120 0.005008
-90 -115 0.008536
-90 -110 0.012157
-90 -105 0.014174
-90 -100 0.014089
-90 -95 0.012736
-90 -90 0.010834
-90 -85 0.008375
-90 -80 0.005430
-90 -75 0.003278
-90 -70 0.003078
-90 -65 0.013047
-90 -60 0.033053
-90 -55 0.068742
-90 -50 0.121280
-90 -45 0.189229
-90 -40 0.271848
-90 -35 0.390300
-90 -30 0.543560
-90 -25 0.746768
-90 -20 0.965740
-90 -15 1.170385
-90 -10 1.306350
-90 -5 1.336010
-90 0 1.265793
-90 5 1.113360
-90 10 0.920528
-90 15 0.731533
-90 20 0.543222
-90 25 0.381555
-90 30 0.247064
-90 35 0.148018
-90 40 0.082211
-90 45 0.037905
-90 50 0.026864
-90 55 0.044842
-90 60 0.094298
-90 65 0.175030
-90 70 0.263185
-90 75 0.328412
-90 80 0.350975
-90 85 0.336985
-90 90 0.309395
-90 95 0.291185
-90 100 0.292828
-90 105 0.316770
-90 110 0.365505
-90 115 0.436165
-90 120 0.531942
-90 125 0.634505
-90 130 0.725927
-90 135 0.787393
-90 140 0.816267
-90 145 0.807212
-90 150 0.763105
-90 155 0.690893
-90 160 0.592683
-90 165 0.469693
-90 170 0.342817
-90 175 0.227292
-85 -180 0.153861
-85 -175 0.078454
-85 -170 0.035599
-85 -165 0.014884
-85 -160 0.002787
-85 -155 0.000000
-85 -150 0.000000
-85 -145 0.000000
-85 -140 0.000000
-85 -135 0.000000
-85 -130 0.000175
-85 -125 0.000916
-85 -120 0.001975
-85 -115 0.003367
-85 -110 0.004660
-85 -105 0.005189
-85 -100 0.004765
-85 -95 0.003796
-85 -90 0.002772
-85 -85 0.001854
-85 -80 0.001035
-85 -75 0.000625
-85 -70 0.001013
-85 -65 0.011327
-85 -60 0.032115
-85 -55 0.069109
-85 -50 0.127236
-85 -45 0.209693
-85 -40 0.321833
-85 -35 0.490325
-85 -30 0.712238
-85 -25 0.990215
-85 -20 1.261788
-85 -15 1.471313
-85 -10 1.556407
-85 -5 1.489122
-85 0 1.305640
-85 5 1.057805
-85 10 0.807117
-85 15 0.599820
-85 20 0.421535
-85 25 0.283675
-85 30 0.174546
-85 35 0.096564
-85 40 0.048437
-85 45 0.018081
-85 50 0.017656
-85 55 0.043523
-85 60 0.097371
-85 65 0.180665
-85 70 0.269712
-85 75 0.335257
-85 80 0.360655
-85 85 0.351828
-85 90 0.328983
-85 95 0.313823
-85 100 0.320645
-85 105 0.351803
-85 110 0.417770
-85 115 0.520792
-85 120 0.655155
-85 125 0.796148
-85 130 0.913772
-85 135 0.981622
-85 140 0.996877
-85 145 0.962708
-85 150 0.895033
-85 155 0.800002
-85 160 0.680498
-85 165 0.537243
-85 170 0.388877
-85 175 0.256515
-80 -180 0.165043
-80 -175 0.086031
-80 -170 0.040548
-80 -165 0.017258
-80 -160 0.003652
-80 -155 0.000000
-80 -150 0.000000
-80 -145 0.000000
-80 -140 0.000000
-80 -135 0.000000
-80 -130 0.000000
-80 -125 0.000000
-80 -120 0.000000
-80 -115 0.000000
-80 -110 0.000000
-80 -105 0.000000
-80 -100 0.000000
-80 -95 0.000000
-80 -90 0.000000
-80 -85 0.000024
-80 -80 0.000084
-80 -75 0.000410
-80 -70 0.001364
-80 -65 0.012345
-80 -60 0.035930
-80 -55 0.078998
-80 -50 0.151889
-80 -45 0.262925
-80 -40 0.421790
-80 -35 0.652990
-80 -30 0.942675
-80 -25 1.272095
-80 -20 1.554952
-80 -15 1.721385
-80 -10 1.716095
-80 -5 1.535073
-80 0 1.246160
-80 5 0.927290
-80 10 0.645825
-80 15 0.440942
-80 20 0.288332
-80 25 0.185074
-80 30 0.108681
-80 35 0.056437
-80 40 0.026461
-80 45 0.008156
-80 50 0.012736
-80 55 0.038277
-80 60 0.086137
-80 65 0.158113
-80 70 0.233754
-80 75 0.288628
-80 80 0.310885
-80 85 0.305858
-80 90 0.290550
-80 95 0.284345
-80 100 0.303845
-80 105 0.351370
-80 110 0.444785
-80 115 0.589793
-80 120 0.773160
-80 125 0.968825
-80 130 1.132530
-80 135 1.223577
-80 140 1.231850
-80 145 1.164205
-80 150 1.051177
-80 155 0.907440
-80 160 0.747445
-80 165 0.578283
-80 170 0.412582
-80 175 0.272265
-75 -180 0.163761
-75 -175 0.087737
-75 -170 0.042610
-75 -165 0.017999
-75 -160 0.003782
-75 -155 0.000000
-75 -150 0.000000
-75 -145 0.000000
-75 -140 0.000000
-75 -135 0.000000
-75 -130 0.000000
-75 -125 0.000000
-75 -120 0.000000
-75 -115 0.000000
-75 -110 0.000000
-75 -105 0.000000
-75 -100 0.000000
-75 -95 0.000000
-75 -90 0.000000
-75 -85 0.000430
-75 -80 0.001451
-75 -75 0.004780
-75 -70 0.010416
-75 -65 0.027744
-75 -60 0.061475
-75 -55 0.120485
-75 -50 0.221932
-75 -45 0.377538
-75 -40 0.596932
-75 -35 0.891942
-75 -30 1.227270
-75 -25 1.559547
-75 -20 1.792035
-75 -15 1.860340
-75 -10 1.734492
-75 -5 1.443725
-75 0 1.082335
-75 5 0.737055
-75 10 0.464218
-75 15 0.286753
-75 20 0.171132
-75 25 0.103051
-75 30 0.055980
-75 35 0.025666
-75 40 0.010255
-75 45 0.001422
-75 50 0.007630
-75 55 0.028049
-75 60 0.063162
-75 65 0.114478
-75 70 0.167189
-75 75 0.204251
-75 80 0.219219
-75 85 0.216709
-75 90 0.209866
-75 95 0.214515
-75 100 0.246562
-75 105 0.310217
-75 110 0.430337
-75 115 0.617130
-75 120 0.853738
-75 125 1.114863
-75 130 1.338677
-75 135 1.464535
-75 140 1.469215
-75 145 1.361580
-75 150 1.186948
-75 155 0.977775
-75 160 0.767430
-75 165 0.574213
-75 170 0.401503
-75 175 0.265657
-70 -180 0.142703
-70 -175 0.078497
-70 -170 0.038829
-70 -165 0.015937
-70 -160 0.003092
-70 -155 0.000000
-70 -150 0.000000
-70 -145 0.000000
-70 -140 0.000000
-70 -135 0.000000
-70 -130 0.000000
-70 -125 0.000000
-70 -120 0.000000
-70 -115 0.000000
-70 -110 0.000000
-70 -105 0.000000
-70 -100 0.000000
-70 -95 0.000000
-70 -90 0.000000
-70 -85 0.001002
-70 -80 0.003375
-70 -75 0.011111
-70 -70 0.024821
-70 -65 0.055136
-70 -60 0.108468
-70 -55 0.195829
-70 -50 0.340665
-70 -45 0.550392
-70 -40 0.827700
-70 -35 1.163425
-70 -30 1.497348
-70 -25 1.767373
-70 -20 1.889237
-70 -15 1.826482
-70 -10 1.586333
-70 -5 1.226372
-70 0 0.850695
-70 5 0.531567
-70 10 0.301808
-70 15 0.166230
-70 20 0.088279
-70 25 0.048334
-70 30 0.023729
-70 35 0.009459
-70 40 0.003388
-70 45 0.000066
-70 50 0.004485
-70 55 0.016820
-70 60 0.037317
-70 65 0.066846
-70 70 0.096540
-70 75 0.116760
-70 80 0.124966
-70 85 0.124255
-70 90 0.123467
-70 95 0.134461
-70 100 0.170374
-70 105 0.240185
-70 110 0.374613
-70 115 0.590115
-70 120 0.869372
-70 125 1.188008
-70 130 1.466610
-70 135 1.625422
-70 140 1.627237
-70 145 1.482445
-70 150 1.247013
-70 155 0.974787
-70 160 0.719365
-70 165 0.512195
-70 170 0.346155
-70 175 0.228115
-65 -180 0.107203
-65 -175 0.059946
-65 -170 0.029828
-65 -165 0.011736
-65 -160 0.001994
-65 -155 0.000000
-65 -150 0.000000
-65 -145 0.000000
-65 -140 0.000000
-65 -135 0.000000
-65 -130 0.000000
-65 -125 0.000000
-65 -120 0.000000
-65 -115 0.000000
-65 -110 0.000000
-65 -105 0.000000
-65 -100 0.000000
-65 -95 0.000000
-65 -90 0.000000
-65 -85 0.001828
-65 -80 0.006150
-65 -75 0.020166
-65 -70 0.045117
-65 -65 0.093108
-65 -60 0.170527
-65 -55 0.289920
-65 -50 0.478170
-65 -45 0.732402
-65 -40 1.043710
-65 -35 1.378548
-65 -30 1.655412
-65 -25 1.809228
-65 -20 1.788622
-65 -15 1.600855
-65 -10 1.287735
-65 -5 0.918740
-65 0 0.587680
-65 5 0.335125
-65 10 0.169235
-65 15 0.081490
-65 20 0.037822
-65 25 0.018548
-65 30 0.008043
-65 35 0.002791
-65 40 0.001084
-65 45 0.000000
-65 50 0.002246
-65 55 0.008166
-65 60 0.017829
-65 65 0.031602
-65 70 0.045164
-65 75 0.053961
-65 80 0.057294
-65 85 0.056846
-65 90 0.057770
-65 95 0.068041
-65 100 0.097275
-65 105 0.160010
-65 110 0.289627
-65 115 0.509460
-65 120 0.804015
-65 125 1.149715
-65 130 1.454302
-65 135 1.627212
-65 140 1.622805
-65 145 1.453873
-65 150 1.182335
-65 155 0.878515
-65 160 0.607457
-65 165 0.407660
-65 170 0.262335
-65 175 0.170398
-60 -180 0.068572
-60 -175 0.039067
-60 -170 0.019470
-60 -165 0.007283
-60 -160 0.001013
-60 -155 0.000000
-60 -150 0.000000
-60 -145 0.000000
-60 -140 0.000000
-60 -135 0.000000
-60 -130 0.000000
-60 -125 0.000000
-60 -120 0.000000
-60 -115 0.000000
-60 -110 0.000000
-60 -105 0.000000
-60 -100 0.000000
-60 -95 0.000000
-60 -90 0.000000
-60 -85 0.002609
-60 -80 0.008772
-60 -75 0.028718
-60 -70 0.064828
-60 -65 0.131237
-60 -60 0.232400
-60 -55 0.380123
-60 -50 0.596955
-60 -45 0.864845
-60 -40 1.162110
-60 -35 1.439085
-60 -30 1.610937
-60 -25 1.629328
-60 -20 1.484375
-60 -15 1.223805
-60 -10 0.906100
-60 -5 0.591840
-60 0 0.348120
-60 5 0.181222
-60 10 0.081489
-60 15 0.034620
-60 20 0.014584
-60 25 0.006526
-60 30 0.002329
-60 35 0.000549
-60 40 0.000229
-60 45 0.000000
-60 50 0.000849
-60 55 0.002853
-60 60 0.005818
-60 65 0.009768
-60 70 0.013122
-60 75 0.014503
-60 80 0.014321
-60 85 0.013550
-60 90 0.014713
-60 95 0.022029
-60 100 0.041570
-60 105 0.090866
-60 110 0.200999
-60 115 0.399265
-60 120 0.672513
-60 125 0.999398
-60 130 1.286880
-60 135 1.446715
-60 140 1.433733
-60 145 1.262745
-60 150 0.993942
-60 155 0.702680
-60 160 0.453225
-60 165 0.283600
-60 170 0.170630
-60 175 0.108373
-55 -180 0.035173
-55 -175 0.020384
-55 -170 0.010104
-55 -165 0.003514
-55 -160 0.000342
-55 -155 0.000000
-55 -150 0.000000
-55 -145 0.000000
-55 -140 0.000000
-55 -135 0.000000
-55 -130 0.000000
-55 -125 0.000000
-55 -120 0.000000
-55 -115 0.000000
-55 -110 0.000000
-55 -105 0.000000
-55 -100 0.000000
-55 -95 0.000000
-55 -90 0.000000
-55 -85 0.002913
-55 -80 0.009785
-55 -75 0.032160
-55 -70 0.073999
-55 -65 0.150660
-55 -60 0.264445
-55 -55 0.423598
-55 -50 0.639810
-55 -45 0.881642
-55 -40 1.119230
-55 -35 1.302007
-55 -30 1.361293
-55 -25 1.275853
-55 -20 1.068460
-55 -15 0.805818
-55 -10 0.542855
-55 -5 0.318975
-55 0 0.170345
-55 5 0.079661
-55 10 0.030647
-55 15 0.010990
-55 20 0.004232
-55 25 0.001617
-55 30 0.000440
-55 35 0.000000
-55 40 0.000000
-55 45 0.000000
-55 50 0.000042
-55 55 0.000119
-55 60 0.000233
-55 65 0.000358
-55 70 0.000434
-55 75 0.000415
-55 80 0.000535
-55 85 0.000930
-55 90 0.002244
-55 95 0.006276
-55 100 0.016550
-55 105 0.049834
-55 110 0.131117
-55 115 0.287422
-55 120 0.507335
-55 125 0.773837
-55 130 1.006757
-55 135 1.132188
-55 140 1.113242
-55 145 0.964775
-55 150 0.737498
-55 155 0.497893
-55 160 0.298363
-55 165 0.171446
-55 170 0.092834
-55 175 0.055820
-50 -180 0.013848
-50 -175 0.007956
-50 -170 0.003758
-50 -165 0.001124
-50 -160 0.000000
-50 -155 0.000000
-50 -150 0.000000
-50 -145 0.000000
-50 -140 0.000000
-50 -135 0.000000
-50 -130 0.000000
-50 -125 0.000000
-50 -120 0.000000
-50 -115 0.000000
-50 -110 0.000000
-50 -105 0.000000
-50 -100 0.000000
-50 -95 0.000000
-50 -90 0.000000
-50 -85 0.002540
-50 -80 0.008528
-50 -75 0.028331
-50 -70 0.067181
-50 -65 0.139390
-50 -60 0.245920
-50 -55 0.390610
-50 -50 0.573400
-50 -45 0.757838
-50 -40 0.913968
-50 -35 1.002908
-50 -30 0.983465
-50 -25 0.857485
-50 -20 0.661325
-50 -15 0.456025
-50 -10 0.278165
-50 -5 0.145220
-50 0 0.070135
-50 5 0.029180
-50 10 0.009013
-50 15 0.002181
-50 20 0.000712
-50 25 0.000170
-50 30 0.000000
-50 35 0.000000
-50 40 0.000000
-50 45 0.000000
-50 50 0.000000
-50 55 0.000000
-50 60 0.000000
-50 65 0.000000
-50 70 0.000000
-50 75 0.000000
-50 80 0.000000
-50 85 0.000000
-50 90 0.000000
-50 95 0.000576
-50 100 0.004137
-50 105 0.023781
-50 110 0.076301
-50 115 0.184299
-50 120 0.337185
-50 125 0.522813
-50 130 0.682990
-50 135 0.764683
-50 140 0.743883
-50 145 0.634043
-50 150 0.472348
-50 155 0.306988
-50 160 0.171932
-50 165 0.090828
-50 170 0.042700
-50 175 0.022758
-45 -180 0.003284
-45 -175 0.001909
-45 -170 0.000889
-45 -165 0.000220
-45 -160 0.000000
-45 -155 0.000000
-45 -150 0.000000
-45 -145 0.000000
-45 -140 0.000000
-45 -135 0.000000
-45 -130 0.000000
-45 -125 0.000000
-45 -120 0.000000
-45 -115 0.000000
-45 -110 0.000000
-45 -105 0.000000
-45 -100 0.000000
-45 -95 0.000000
-45 -90 0.000000
-45 -85 0.001730
-45 -80 0.005804
-45 -75 0.019659
-45 -70 0.048615
-45 -65 0.103726
-45 -60 0.185346
-45 -55 0.293935
-45 -50 0.422395
-45 -45 0.539465
-45 -40 0.621428
-45 -35 0.645600
-45 -30 0.594245
-45 -25 0.480332
-45 -20 0.336558
-45 -15 0.205953
-45 -10 0.107480
-45 -5 0.044640
-45 0 0.017264
-45 5 0.005616
-45 10 0.000878
-45 15 0.000000
-45 20 0.000000
-45 25 0.000000
-45 30 0.000000
-45 35 0.000000
-45 40 0.000000
-45 45 0.000000
-45 50 0.000000
-45 55 0.000000
-45 60 0.000000
-45 65 0.000000
-45 70 0.000000
-45 75 0.000000
-45 80 0.000000
-45 85 0.000000
-45 90 0.000000
-45 95 0.000021
-45 100 0.001592
-45 105 0.013160
-45 110 0.044027
-45 115 0.110022
-45 120 0.201858
-45 125 0.312408
-45 130 0.405395
-45 135 0.448300
-45 140 0.429133
-45 145 0.358525
-45 150 0.260135
-45 155 0.163036
-45 160 0.084928
-45 165 0.040781
-45 170 0.015097
-45 175 0.005835
-40 -180 0.000000
-40 -175 0.000000
-40 -170 0.000000
-40 -165 0.000000
-40 -160 0.000000
-40 -155 0.000000
-40 -150 0.000000
-40 -145 0.000000
-40 -140 0.000000
-40 -135 0.000000
-40 -130 0.000000
-40 -125 0.000000
-40 -120 0.000000
-40 -115 0.000000
-40 -110 0.000000
-40 -105 0.000000
-40 -100 0.000000
-40 -95 0.000000
-40 -90 0.000000
-40 -85 0.000919
-40 -80 0.003083
-40 -75 0.010771
-40 -70 0.028114
-40 -65 0.062135
-40 -60 0.113004
-40 -55 0.179583
-40 -50 0.253220
-40 -45 0.312628
-40 -40 0.343262
-40 -35 0.335697
-40 -30 0.287772
-40 -25 0.213315
-40 -20 0.133613
-40 -15 0.070650
-40 -10 0.029664
-40 -5 0.008033
-40 0 0.001997
-40 5 0.000463
-40 10 0.000018
-40 15 0.000000
-40 20 0.000000
-40 25 0.000000
-40 30 0.000000
-40 35 0.000000
-40 40 0.000000
-40 45 0.000000
-40 50 0.000000
-40 55 0.000000
-40 60 0.000000
-40 65 0.000000
-40 70 0.000000
-40 75 0.000000
-40 80 0.000000
-40 85 0.000000
-40 90 0.000000
-40 95 0.000000
-40 100 0.000902
-40 105 0.006804
-40 110 0.022107
-40 115 0.056154
-40 120 0.102357
-40 125 0.157635
-40 130 0.203732
-40 135 0.223078
-40 140 0.210633
-40 145 0.172991
-40 150 0.123036
-40 155 0.075134
-40 160 0.036658
-40 165 0.016214
-40 170 0.004316
-40 175 0.000249
-35 -180 0.000000
-35 -175 0.000000
-35 -170 0.000000
-35 -165 0.000000
-35 -160 0.000000
-35 -155 0.000000
-35 -150 0.000000
-35 -145 0.000000
-35 -140 0.000000
-35 -135 0.000000
-35 -130 0.000000
-35 -125 0.000000
-35 -120 0.000000
-35 -115 0.000000
-35 -110 0.000000
-35 -105 0.000000
-35 -100 0.000000
-35 -95 0.000000
-35 -90 0.000000
-35 -85 0.000373
-35 -80 0.001250
-35 -75 0.004545
-35 -70 0.012681
-35 -65 0.029063
-35 -60 0.053927
-35 -55 0.085922
-35 -50 0.118731
-35 -45 0.141704
-35 -40 0.148068
-35 -35 0.135926
-35 -30 0.108304
-35 -25 0.073829
-35 -20 0.041889
-35 -15 0.019625
-35 -10 0.006803
-35 -5 0.001120
-35 0 0.000122
-35 5 0.000022
-35 10 0.000000
-35 15 0.000000
-35 20 0.000000
-35 25 0.000000
-35 30 0.000000
-35 35 0.000000
-35 40 0.000000
-35 45 0.000000
-35 50 0.000000
-35 55 0.000000
-35 60 0.000000
-35 65 0.000000
-35 70 0.000000
-35 75 0.000000
-35 80 0.000000
-35 85 0.000000
-35 90 0.000000
-35 95 0.000000
-35 100 0.000478
-35 105 0.003077
-35 110 0.009475
-35 115 0.024222
-35 120 0.043401
-35 125 0.065774
-35 130 0.084038
-35 135 0.090397
-35 140 0.083658
-35 145 0.067448
-35 150 0.047464
-35 155 0.028992
-35 160 0.013922
-35 165 0.006435
-35 170 0.001856
-35 175 0.000000
-30 -180 0.000000
-30 -175 0.000000
-30 -170 0.000000
-30 -165 0.000000
-30 -160 0.000000
-30 -155 0.000000
-30 -150 0.000000
-30 -145 0.000000
-30 -140 0.000000
-30 -135 0.000000
-30 -130 0.000000
-30 -125 0.000000
-30 -120 0.000000
-30 -115 0.000000
-30 -110 0.000000
-30 -105 0.000000
-30 -100 0.000000
-30 -95 0.000000
-30 -90 0.000000
-30 -85 0.000000
-30 -80 0.000000
-30 -75 0.000354
-30 -70 0.002409
-30 -65 0.007438
-30 -60 0.015834
-30 -55 0.026801
-30 -50 0.037255
-30 -45 0.043199
-30 -40 0.042364
-30 -35 0.035590
-30 -30 0.025712
-30 -25 0.015698
-30 -20 0.007983
-30 -15 0.003397
-30 -10 0.001098
-30 -5 0.000206
-30 0 0.000000
-30 5 0.000000
-30 10 0.000000
-30 15 0.000000
-30 20 0.000000
-30 25 0.000000
-30 30 0.000000
-30 35 0.000000
-30 40 0.000000
-30 45 0.000000
-30 50 0.000000
-30 55 0.000000
-30 60 0.000000
-30 65 0.000000
-30 70 0.000000
-30 75 0.000000
-30 80 0.000000
-30 85 0.000000
-30 90 0.000000
-30 95 0.000000
-30 100 0.000209
-30 105 0.001162
-30 110 0.003373
-30 115 0.008745
-30 120 0.015375
-30 125 0.022908
-30 130 0.028966
-30 135 0.030620
-30 140 0.027815
-30 145 0.022157
-30 150 0.015687
-30 155 0.009862
-30 160 0.004836
-30 165 0.002460
-30 170 0.000838
-30 175 0.000000
-25 -180 0.000000
-25 -175 0.000000
-25 -170 0.000000
-25 -165 0.000000
-25 -160 0.000000
-25 -155 0.000000
-25 -150 0.000000
-25 -145 0.000000
-25 -140 0.000000
-25 -135 0.000000
-25 -130 0.000000
-25 -125 0.000000
-25 -120 0.000000
-25 -115 0.000000
-25 -110 0.000000
-25 -105 0.000000
-25 -100 0.000000
-25 -95 0.000000
-25 -90 0.000000
-25 -85 0.000000
-25 -80 0.000000
-25 -75 0.000078
-25 -70 0.000354
-25 -65 0.000817
-25 -60 0.001516
-25 -55 0.002372
-25 -50 0.003029
-25 -45 0.003338
-25 -40 0.003208
-25 -35 0.002675
-25 -30 0.001875
-25 -25 0.001063
-25 -20 0.000505
-25 -15 0.000169
-25 -10 0.000000
-25 -5 0.000000
-25 0 0.000000
-25 5 0.000000
-25 10 0.000000
-25 15 0.000000
-25 20 0.000000
-25 25 0.000000
-25 30 0.000000
-25 35 0.000000
-25 40 0.000000
-25 45 0.000000
-25 50 0.000000
-25 55 0.000000
-25 60 0.000000
-25 65 0.000000
-25 70 0.000000
-25 75 0.000000
-25 80 0.000000
-25 85 0.000000
-25 90 0.000000
-25 95 0.000000
-25 100 0.000018
-25 105 0.000102
-25 110 0.000525
-25 115 0.001857
-25 120 0.003673
-25 125 0.005991
-25 130 0.008058
-25 135 0.008808
-25 140 0.008056
-25 145 0.006328
-25 150 0.004383
-25 155 0.002632
-25 160 0.001223
-25 165 0.000626
-25 170 0.000218
-25 175 0.000000
-20 -180 0.000000
-20 -175 0.000000
-20 -170 0.000000
-20 -165 0.000000
-20 -160 0.000000
-20 -155 0.000000
-20 -150 0.000000
-20 -145 0.000000
-20 -140 0.000000
-20 -135 0.000000
-20 -130 0.000000
-20 -125 0.000000
-20 -120 0.000000
-20 -115 0.000000
-20 -110 0.000000
-20 -105 0.000000
-20 -100 0.000000
-20 -95 0.000000
-20 -90 0.000000
-20 -85 0.000000
-20 -80 0.000000
-20 -75 0.000000
-20 -70 0.000000
-20 -65 0.000000
-20 -60 0.000000
-20 -55 0.000000
-20 -50 0.000000
-20 -45 0.000000
-20 -40 0.000000
-20 -35 0.000000
-20 -30 0.000000
-20 -25 0.000000
-20 -20 0.000000
-20 -15 0.000000
-20 -10 0.000000
-20 -5 0.000000
-20 0 0.000000
-20 5 0.000000
-20 10 0.000000
-20 15 0.000000
-20 20 0.000000
-20 25 0.000000
-20 30 0.000000
-20 35 0.000000
-20 40 0.000000
-20 45 0.000000
-20 50 0.000000
-20 55 0.000000
-20 60 0.000000
-20 65 0.000000
-20 70 0.000000
-20 75 0.000000
-20 80 0.000000
-20 85 0.000000
-20 90 0.000000
-20 95 0.000000
-20 100 0.000000
-20 105 0.000000
-20 110 0.000000
-20 115 0.000000
-20 120 0.000000
-20 125 0.000000
-20 130 0.000000
-20 135 0.000000
-20 140 0.000000
-20 145 0.000000
-20 150 0.000000
-20 155 0.000000
-20 160 0.000000
-20 165 0.000000
-20 170 0.000000
-20 175 0.000000
-15 -180 0.000000
-15 -175 0.000000
-15 -170 0.000000
-15 -165 0.000000
-15 -160 0.000000
-15 -155 0.000000
-15 -150 0.000000
-15 -145 0.000000
-15 -140 0.000000
-15 -135 0.000000
-15 -130 0.000000
-15 -125 0.000000
-15 -120 0.000000
-15 -115 0.000000
-15 -110 0.000000
-15 -105 0.000000
-15 -100 0.000000
-15 -95 0.000000
-15 -90 0.000000
-15 -85 0.000000
-15 -80 0.000000
-15 -75 0.000000
-15 -70 0.000000
-15 -65 0.000000
-15 -60 0.000000
-15 -55 0.000000
-15 -50 0.000000
-15 -45 0.000000
-15 -40 0.000000
-15 -35 0.000000
-15 -30 0.000000
-15 -25 0.000000
-15 -20 0.000000
-15 -15 0.000000
-15 -10 0.000000
-15 -5 0.000000
-15 0 0.000000
-15 5 0.000000
-15 10 0.000000
-15 15 0.000000
-15 20 0.000000
-15 25 0.000000
-15 30 0.000000
-15 35 0.000000
-15 40 0.000000
-15 45 0.000000
-15 50 0.000000
-15 55 0.000000
-15 60 0.000000
-15 65 0.000000
-15 70 0.000000
-15 75 0.000000
-15 80 0.000000
-15 85 0.000000
-15 90 0.000000
-15 95 0.000000
-15 100 0.000000
-15 105 0.000000
-15 110 0.000000
-15 115 0.000000
-15 120 0.000000
-15 125 0.000000
-15 130 0.000000
-15 135 0.000000
-15 140 0.000000
-15 145 0.000000
-15 150 0.000000
-15 155 0.000000
-15 160 0.000000
-15 165 0.000000
-15 170 0.000000
-15 175 0.000000
-10 -180 0.000000
-10 -175 0.000000
-10 -170 0.000000
-10 -165 0.000000
-10 -160 0.000000
-10 -155 0.000000
-10 -150 0.000000
-10 -145 0.000000
-10 -140 0.000000
-10 -135 0.000000
-10 -130 0.000000
-10 -125 0.000000
-10 -120 0.000000
-10 -115 0.000000
-10 -110 0.000000
-10 -105 0.000000
-10 -100 0.000000
-10 -95 0.000000
-10 -90 0.000000
-10 -85 0.000000
-10 -80 0.000000
-10 -75 0.000000
-10 -70 0.000000
-10 -65 0.000000
-10 -60 0.000000
-10 -55 0.000000
-10 -50 0.000000
-10 -45 0.000000
-10 -40 0.000000
-10 -35 0.000000
-10 -30 0.000000
-10 -25 0.000000
-10 -20 0.000000
-10 -15 0.000000
-10 -10 0.000000
-10 -5 0.000000
-10 0 0.000000
-10 5 0.000000
-10 10 0.000000
-10 15 0.000000
-10 20 0.000000
-10 25 0.000000
-10 30 0.000000
-10 35 0.000000
-10 40 0.000000
-10 45 0.000000
-10 50 0.000000
-10 55 0.000000
-10 60 0.000000
-10 65 0.000000
-10 70 0.000000
-10 75 0.000000
-10 80 0.000000
-10 85 0.000000
-10 90 0.000000
-10 95 0.000000
-10 100 0.000000
-10 105 0.000000
-10 110 0.000000
-10 115 0.000000
-10 120 0.000000
-10 125 0.000000
-10 130 0.000000
-10 135 0.000000
-10 140 0.000000
-10 145 0.000000
-10 150 0.000000
-10 155 0.000000
-10 160 0.000000
-10 165 0.000000
-10 170 0.000000
-10 175 0.000000
-5 -180 0.000000
-5 -175 0.000000
-5 -170 0.000000
-5 -165 0.000000
-5 -160 0.000000
-5 -155 0.000000
-5 -150 0.000000
-5 -145 0.000000
-5 -140 0.000000
-5 -135 0.000000
-5 -130 0.000000
-5 -125 0.000000
-5 -120 0.000000
-5 -115 0.000000
-5 -110 0.000000
-5 -105 0.000000
-5 -100 0.000000
-5 -95 0.000000
-5 -90 0.000000
-5 -85 0.000000
-5 -80 0.000000
-5 -75 0.000000
-5 -70 0.000000
-5 -65 0.000000
-5 -60 0.000000
-5 -55 0.000000
-5 -50 0.000000
-5 -45 0.000000
-5 -40 0.000000
-5 -35 0.000000
-5 -30 0.000000
-5 -25 0.000000
-5 -20 0.000000
-5 -15 0.000000
-5 -10 0.000000
-5 -5 0.000000
-5 0 0.000000
-5 5 0.000000
-5 10 0.000000
-5 15 0.000000
-5 20 0.000000
-5 25 0.000000
-5 30 0.000000
-5 35 0.000000
-5 40 0.000000
-5 45 0.000000
-5 50 0.000000
-5 55 0.000000
-5 60 0.000000
-5 65 0.000000
-5 70 0.000000
-5 75 0.000000
-5 80 0.000000
-5 85 0.000000
-5 90 0.000000
-5 95 0.000000
-5 100 0.000000
-5 105 0.000000
-5 110 0.000000
-5 115 0.000000
-5 120 0.000000
-5 125 0.000000
-5 130 0.000000
-5 135 0.000000
-5 140 0.000000
-5 145 0.000000
-5 150 0.000000
-5 155 0.000000
-5 160 0.000000
-5 165 0.000000
-5 170 0.000000
-5 175 0.000000
0 -180 0.000000
0 -175 0.000000
0 -170 0.000000
0 -165 0.000000
0 -160 0.000000
0 -155 0.000000
0 -150 0.000000
0 -145 0.000000
0 -140 0.000000
0 -135 0.000000
0 -130 0.000000
0 -125 0.000000
0 -120 0.000000
0 -115 0.000000
0 -110 0.000000
0 -105 0.000000
0 -100 0.000000
0 -95 0.000000
0 -90 0.000000
0 -85 0.000000
0 -80 0.000000
0 -75 0.000000
0 -70 0.000000
0 -65 0.000000
0 -60 0.000000
0 -55 0.000000
0 -50 0.000000
0 -45 0.000000
0 -40 0.000000
0 -35 0.000000
0 -30 0.000000
0 -25 0.000000
0 -20 0.000000
0 -15 0.000000
0 -10 0.000000
0 -5 0.000000
0 0 0.000000
0 5 0.000000
0 10 0.000000
0 15 0.000000
0 20 0.000000
0 25 0.000000
0 30 0.000000
0 35 0.000000
0 40 0.000000
0 45 0.000000
0 50 0.000000
0 55 0.000000
0 60 0.000000
0 65 0.000000
0 70 0.000000
0 75 0.000000
0 80 0.000000
0 85 0.000000
0 90 0.000000
0 95 0.000000
0 100 0.000000
0 105 0.000000
0 110 0.000000
0 115 0.000000
0 120 0.000000
0 125 0.000000
0 130 0.000000
0 135 0.000000
0 140 0.000000
0 145 0.000000
0 150 0.000000
0 155 0.000000
0 160 0.000000
0 165 0.000000
0 170 0.000000
0 175 0.000000
5 -180 0.000000
5 -175 0.000000
5 -170 0.000000
5 -165 0.000000
5 -160 0.000000
5 -155 0.000000
5 -150 0.000000
5 -145 0.000000
5 -140 0.000000
5 -135 0.000000
5 -130 0.000000
5 -125 0.000000
5 -120 0.000000
5 -115 0.000000
5 -110 0.000000
5 -105 0.000000
5 -100 0.000000
5 -95 0.000000
5 -90 0.000000
5 -85 0.000000
5 -80 0.000000
5 -75 0.000000
5 -70 0.000000
5 -65 0.000000
5 -60 0.000000
5 -55 0.000000
5 -50 0.000000
5 -45 0.000000
5 -40 0.000000
5 -35 0.000000
5 -30 0.000000
5 -25 0.000000
5 -20 0.000000
5 -15 0.000000
5 -10 0.000000
5 -5 0.000000
5 0 0.000000
5 5 0.000000
5 10 0.000000
5 15 0.000000
5 20 0.000000
5 25 0.000000
5 30 0.000000
5 35 0.000000
5 40 0.000000
5 45 0.000000
5 50 0.000000
5 55 0.000000
5 60 0.000000
5 65 0.000000
5 70 0.000000
5 75 0.000000
5 80 0.000000
5 85 0.000000
5 90 0.000000
5 95 0.000000
5 100 0.000000
5 105 0.000000
5 110 0.000000
5 115 0.000000
5 120 0.000000
5 125 0.000000
5 130 0.000000
5 135 0.000000
5 140 0.000000
5 145 0.000000
5 150 0.000000
5 155 0.000000
5 160 0.000000
5 165 0.000000
5 170 0.000000
5 175 0.000000
10 -180 0.000000
10 -175 0.000000
10 -170 0.000000
10 -165 0.000000
10 -160 0.000000
10 -155 0.000000
10 -150 0.000000
10 -145 0.000000
10 -140 0.000000
10 -135 0.000000
10 -130 0.000000
10 -125 0.000000
10 -120 0.000000
10 -115 0.000000
10 -110 0.000000
10 -105 0.000000
10 -100 0.000000
10 -95 0.000000
10 -90 0.000000
10 -85 0.000000
10 -80 0.000000
10 -75 0.000000
10 -70 0.000000
10 -65 0.000000
10 -60 0.000000
10 -55 0.000000
10 -50 0.000000
10 -45 0.000000
10 -40 0.000000
10 -35 0.000000
10 -30 0.000000
10 -25 0.000000
10 -20 0.000000
10 -15 0.000000
10 -10 0.000000
10 -5 0.000000
10 0 0.000000
10 5 0.000000
10 10 0.000000
10 15 0.000000
10 20 0.000000
10 25 0.000000
10 30 0.000000
10 35 0.000000
10 40 0.000000
10 45 0.000000
10 50 0.000000
10 55 0.000000
10 60 0.000000
10 65 0.000000
10 70 0.000000
10 75 0.000000
10 80 0.000000
10 85 0.000000
10 90 0.000000
10 95 0.000000
10 100 0.000000
10 105 0.000000
10 110 0.000000
10 115 0.000000
10 120 0.000000
10 125 0.000000
10 130 0.000000
10 135 0.000000
10 140 0.000000
10 145 0.000000
10 150 0.000000
10 155 0.000000
10 160 0.000000
10 165 0.000000
10 170 0.000000
10 175 0.000000
15 -180 0.000000
15 -175 0.000000
15 -170 0.000000
15 -165 0.000000
15 -160 0.000000
15 -155 0.000000
15 -150 0.000000
15 -145 0.000000
15 -140 0.000000
15 -135 0.000000
15 -130 0.000000
15 -125 0.000000
15 -120 0.000000
15 -115 0.000000
15 -110 0.000000
15 -105 0.000000
15 -100 0.000000
15 -95 0.000000
15 -90 0.000000
15 -85 0.000000
15 -80 0.000000
15 -75 0.000000
15 -70 0.000000
15 -65 0.000000
15 -60 0.000000
15 -55 0.000000
15 -50 0.000000
15 -45 0.000000
15 -40 0.000000
15 -35 0.000000
15 -30 0.000000
15 -25 0.000000
15 -20 0.000000
15 -15 0.000000
15 -10 0.000000
15 -5 0.000000
15 0 0.000000
15 5 0.000000
15 10 0.000000
15 15 0.000000
15 20 0.000000
15 25 0.000000
15 30 0.000000
15 35 0.000000
15 40 0.000000
15 45 0.000000
15 50 0.000000
15 55 0.000000
15 60 0.000000
15 65 0.000000
15 70 0.000000
15 75 0.000000
15 80 0.000000
15 85 0.000000
15 90 0.000000
15 95 0.000000
15 100 0.000000
15 105 0.000000
15 110 0.000000
15 115 0.000000
15 120 0.000000
15 125 0.000000
15 130 0.000000
15 135 0.000000
15 140 0.000000
15 145 0.000000
15 150 0.000000
15 155 0.000000
15 160 0.000000
15 165 0.000000
15 170 0.000000
15 175 0.000000
20 -180 0.000000
20 -175 0.000000
20 -170 0.000000
20 -165 0.000000
20 -160 0.000000
20 -155 0.000000
20 -150 0.000000
20 -145 0.000000
20 -140 0.000000
20 -135 0.000000
20 -130 0.000000
20 -125 0.000000
20 -120 0.000000
20 -115 0.000000
20 -110 0.000000
20 -105 0.000000
20 -100 0.000000
20 -95 0.000000
20 -90 0.000000
20 -85 0.000000
20 -80 0.000000
20 -75 0.000000
20 -70 0.000000
20 -65 0.000000
20 -60 0.000000
20 -55 0.000000
20 -50 0.000000
20 -45 0.000000
20 -40 0.000000
20 -35 0.000000
20 -30 0.000000
20 -25 0.000000
20 -20 0.000000
20 -15 0.000000
20 -10 0.000000
20 -5 0.000000
20 0 0.000000
20 5 0.000000
20 10 0.000000
20 15 0.000000
20 20 0.000000
20 25 0.000000
20 30 0.000000
20 35 0.000000
20 40 0.000000
20 45 0.000000
20 50 0.000000
20 55 0.000000
20 60 0.000000
20 65 0.000000
20 70 0.000000
20 75 0.000000
20 80 0.000000
20 85 0.000000
20 90 0.000000
20 95 0.000000
20 100 0.000000
20 105 0.000000
20 110 0.000000
20 115 0.000000
20 120 0.000000
20 125 0.000000
20 130 0.000000
20 135 0.000000
20 140 0.000000
20 145 0.000000
20 150 0.000000
20 155 0.000000
20 160 0.000000
20 165 0.000000
20 170 0.000000
20 175 0.000000
25 -180 0.000000
25 -175 0.000000
25 -170 0.000000
25 -165 0.000000
25 -160 0.000000
25 -155 0.000000
25 -150 0.000000
25 -145 0.000000
25 -140 0.000000
25 -135 0.000000
25 -130 0.000000
25 -125 0.000000
25 -120 0.000000
25 -115 0.000000
25 -110 0.000000
25 -105 0.000000
25 -100 0.000000
25 -95 0.000000
25 -90 0.000000
25 -85 0.000000
25 -80 0.000000
25 -75 0.000000
25 -70 0.000000
25 -65 0.000000
25 -60 0.000000
25 -55 0.000000
25 -50 0.000000
25 -45 0.000000
25 -40 0.000000
25 -35 0.000000
25 -30 0.000000
25 -25 0.000000
25 -20 0.000000
25 -15 0.000000
25 -10 0.000000
25 -5 0.000000
25 0 0.000000
25 5 0.000000
25 10 0.000000
25 15 0.000000
25 20 0.000000
25 25 0.000000
25 30 0.000033
25 35 0.000107
25 40 0.000215
25 45 0.000341
25 50 0.000427
25 55 0.000423
25 60 0.000331
25 65 0.000205
25 70 0.000100
25 75 0.000028
25 80 0.000000
25 85 0.000000
25 90 0.000000
25 95 0.000000
25 100 0.000000
25 105 0.000000
25 110 0.000000
25 115 0.000000
25 120 0.000000
25 125 0.000000
25 130 0.000000
25 135 0.000000
25 140 0.000000
25 145 0.000000
25 150 0.000000
25 155 0.000000
25 160 0.000000
25 165 0.000000
25 170 0.000000
25 175 0.000000
30 -180 0.000000
30 -175 0.000000
30 -170 0.000000
30 -165 0.000000
30 -160 0.000000
30 -155 0.000000
30 -150 0.000000
30 -145 0.000000
30 -140 0.000000
30 -135 0.000000
30 -130 0.000000
30 -125 0.000000
30 -120 0.000000
30 -115 0.000000
30 -110 0.000000
30 -105 0.000000
30 -100 0.000000
30 -95 0.000000
30 -90 0.000000
30 -85 0.000000
30 -80 0.000000
30 -75 0.000000
30 -70 0.000000
30 -65 0.000000
30 -60 0.000000
30 -55 0.000000
30 -50 0.000000
30 -45 0.000000
30 -40 0.000000
30 -35 0.000000
30 -30 0.000000
30 -25 0.000000
30 -20 0.000000
30 -15 0.000000
30 -10 0.000000
30 -5 0.000000
30 0 0.000000
30 5 0.000192
30 10 0.000528
30 15 0.001023
30 20 0.001555
30 25 0.001859
30 30 0.002210
30 35 0.002791
30 40 0.003754
30 45 0.005093
30 50 0.006001
30 55 0.005874
30 60 0.004601
30 65 0.002850
30 70 0.001395
30 75 0.000390
30 80 0.000000
30 85 0.000000
30 90 0.000000
30 95 0.000000
30 100 0.000000
30 105 0.000000
30 110 0.000000
30 115 0.000000
30 120 0.000000
30 125 0.000000
30 130 0.000000
30 135 0.000000
30 140 0.000000
30 145 0.000000
30 150 0.000000
30 155 0.000000
30 160 0.000000
30 165 0.000000
30 170 0.000000
30 175 0.000000
35 -180 0.000000
35 -175 0.000000
35 -170 0.000000
35 -165 0.000000
35 -160 0.000000
35 -155 0.000000
35 -150 0.000000
35 -145 0.000000
35 -140 0.000000
35 -135 0.000000
35 -130 0.000000
35 -125 0.000000
35 -120 0.000000
35 -115 0.000000
35 -110 0.000000
35 -105 0.000000
35 -100 0.000000
35 -95 0.000000
35 -90 0.000000
35 -85 0.000000
35 -80 0.000000
35 -75 0.000000
35 -70 0.000000
35 -65 0.000000
35 -60 0.000000
35 -55 0.000000
35 -50 0.000000
35 -45 0.000000
35 -40 0.000000
35 -35 0.000000
35 -30 0.000000
35 -25 0.000000
35 -20 0.000000
35 -15 0.000000
35 -10 0.000000
35 -5 0.000015
35 0 0.000082
35 5 0.001011
35 10 0.002596
35 15 0.004910
35 20 0.007699
35 25 0.010028
35 30 0.012242
35 35 0.014614
35 40 0.017344
35 45 0.019999
35 50 0.020470
35 55 0.018080
35 60 0.013146
35 65 0.007608
35 70 0.003466
35 75 0.000901
35 80 0.000000
35 85 0.000000
35 90 0.000000
35 95 0.000000
35 100 0.000000
35 105 0.000000
35 110 0.000000
35 115 0.000000
35 120 0.000000
35 125 0.000000
35 130 0.000000
35 135 0.000000
35 140 0.000000
35 145 0.000000
35 150 0.000000
35 155 0.000000
35 160 0.000000
35 165 0.000000
35 170 0.000000
35 175 0.000000
40 -180 0.000000
40 -175 0.000000
40 -170 0.000000
40 -165 0.000000
40 -160 0.000000
40 -155 0.000000
40 -150 0.000000
40 -145 0.000000
40 -140 0.000000
40 -135 0.000000
40 -130 0.000000
40 -125 0.000000
40 -120 0.000000
40 -115 0.000000
40 -110 0.000000
40 -105 0.000000
40 -100 0.000000
40 -95 0.000000
40 -90 0.000000
40 -85 0.000000
40 -80 0.000000
40 -75 0.000000
40 -70 0.000000
40 -65 0.000000
40 -60 0.000000
40 -55 0.000000
40 -50 0.000000
40 -45 0.000000
40 -40 0.000000
40 -35 0.000000
40 -30 0.000000
40 -25 0.000000
40 -20 0.000000
40 -15 0.000111
40 -10 0.000494
40 -5 0.001382
40 0 0.003326
40 5 0.007467
40 10 0.012994
40 15 0.019233
40 20 0.025301
40 25 0.029272
40 30 0.032449
40 35 0.035972
40 40 0.040219
40 45 0.043769
40 50 0.042893
40 55 0.036534
40 60 0.025820
40 65 0.014497
40 70 0.006449
40 75 0.001631
40 80 0.000000
40 85 0.000000
40 90 0.000000
40 95 0.000000
40 100 0.000000
40 105 0.000000
40 110 0.000000
40 115 0.000000
40 120 0.000000
40 125 0.000000
40 130 0.000000
40 135 0.000000
40 140 0.000000
40 145 0.000000
40 150 0.000000
40 155 0.000000
40 160 0.000000
40 165 0.000000
40 170 0.000000
40 175 0.000000
45 -180 0.000000
45 -175 0.000000
45 -170 0.000000
45 -165 0.000000
45 -160 0.000000
45 -155 0.000000
45 -150 0.000000
45 -145 0.000000
45 -140 0.000000
45 -135 0.000000
45 -130 0.000000
45 -125 0.000000
45 -120 0.000000
45 -115 0.000000
45 -110 0.000000
45 -105 0.000000
45 -100 0.000000
45 -95 0.000000
45 -90 0.000000
45 -85 0.000000
45 -80 0.000000
45 -75 0.000000
45 -70 0.000000
45 -65 0.000577
45 -60 0.001449
45 -55 0.002741
45 -50 0.004051
45 -45 0.004683
45 -40 0.004237
45 -35 0.003005
45 -30 0.001672
45 -25 0.000731
45 -20 0.000064
45 -15 0.000659
45 -10 0.002631
45 -5 0.006560
45 0 0.013839
45 5 0.025117
45 10 0.037793
45 15 0.049472
45 20 0.058940
45 25 0.063378
45 30 0.066054
45 35 0.069668
45 40 0.074467
45 45 0.076981
45 50 0.072083
45 55 0.059003
45 60 0.040370
45 65 0.021796
45 70 0.009443
45 75 0.002314
45 80 0.000000
45 85 0.000000
45 90 0.000000
45 95 0.000000
45 100 0.000000
45 105 0.000000
45 110 0.000000
45 115 0.000000
45 120 0.000000
45 125 0.000000
45 130 0.000000
45 135 0.000000
45 140 0.000000
45 145 0.000000
45 150 0.000000
45 155 0.000000
45 160 0.000000
45 165 0.000000
45 170 0.000000
45 175 0.000000
50 -180 0.000000
50 -175 0.000000
50 -170 0.000000
50 -165 0.000000
50 -160 0.000000
50 -155 0.000000
50 -150 0.000000
50 -145 0.000000
50 -140 0.000000
50 -135 0.000000
50 -130 0.000000
50 -125 0.000000
50 -120 0.000000
50 -115 0.000000
50 -110 0.000000
50 -105 0.000000
50 -100 0.000000
50 -95 0.000000
50 -90 0.000000
50 -85 0.000000
50 -80 0.000000
50 -75 0.000000
50 -70 0.000000
50 -65 0.001494
50 -60 0.003751
50 -55 0.007096
50 -50 0.010489
50 -45 0.012126
50 -40 0.010972
50 -35 0.007781
50 -30 0.004329
50 -25 0.001893
50 -20 0.000166
50 -15 0.001440
50 -10 0.005883
50 -5 0.014866
50 0 0.030788
50 5 0.053022
50 10 0.075971
50 15 0.094110
50 20 0.105928
50 25 0.108198
50 30 0.107382
50 35 0.108397
50 40 0.111078
50 45 0.109468
50 50 0.097873
50 55 0.076754
50 60 0.050610
50 65 0.026010
50 70 0.010920
50 75 0.002571
50 80 0.000000
50 85 0.000000
50 90 0.000000
50 95 0.000000
50 100 0.000000
50 105 0.000000
50 110 0.000000
50 115 0.000000
50 120 0.000000
50 125 0.000000
50 130 0.000000
50 135 0.000000
50 140 0.000000
50 145 0.000000
50 150 0.000000
50 155 0.000000
50 160 0.000000
50 165 0.000000
50 170 0.000000
50 175 0.000000
55 -180 0.000000
55 -175 0.000000
55 -170 0.000000
55 -165 0.000000
55 -160 0.000000
55 -155 0.000000
55 -150 0.000000
55 -145 0.000000
55 -140 0.000000
55 -135 0.000000
55 -130 0.000000
55 -125 0.000000
55 -120 0.000000
55 -115 0.000000
55 -110 0.000000
55 -105 0.000000
55 -100 0.000000
55 -95 0.000000
55 -90 0.000000
55 -85 0.000000
55 -80 0.000000
55 -75 0.000000
55 -70 0.000000
55 -65 0.002850
55 -60 0.007154
55 -55 0.013534
55 -50 0.020006
55 -45 0.023127
55 -40 0.020927
55 -35 0.014840
55 -30 0.008257
55 -25 0.003610
55 -20 0.000317
55 -15 0.002484
55 -10 0.010182
55 -5 0.025689
55 0 0.052351
55 5 0.087502
55 10 0.121642
55 15 0.145490
55 20 0.157415
55 25 0.154249
55 30 0.146039
55 35 0.140414
55 40 0.137090
55 45 0.128143
55 50 0.108765
55 55 0.081286
55 60 0.051309
55 65 0.024676
55 70 0.009984
55 75 0.002233
55 80 0.000000
55 85 0.000000
55 90 0.000000
55 95 0.000000
55 100 0.000000
55 105 0.000000
55 110 0.000000
55 115 0.000000
55 120 0.000000
55 125 0.000000
55 130 0.000000
55 135 0.000000
55 140 0.000000
55 145 0.000000
55 150 0.000000
55 155 0.000000
55 160 0.000000
55 165 0.000000
55 170 0.000000
55 175 0.000000
60 -180 0.000000
60 -175 0.000000
60 -170 0.000000
60 -165 0.000000
60 -160 0.000000
60 -155 0.000000
60 -150 0.000000
60 -145 0.000000
60 -140 0.000000
60 -135 0.000000
60 -130 0.000000
60 -125 0.000000
60 -120 0.000000
60 -115 0.000000
60 -110 0.000000
60 -105 0.000000
60 -100 0.000000
60 -95 0.000000
60 -90 0.000000
60 -85 0.000000
60 -80 0.000000
60 -75 0.000000
60 -70 0.000000
60 -65 0.004256
60 -60 0.010683
60 -55 0.020210
60 -50 0.029874
60 -45 0.034534
60 -40 0.031249
60 -35 0.022716
60 -30 0.013842
60 -25 0.008309
60 -20 0.004893
60 -15 0.008732
60 -10 0.019320
60 -5 0.039907
60 0 0.074761
60 5 0.119693
60 10 0.161187
60 15 0.186991
60 20 0.195565
60 25 0.184568
60 30 0.167183
60 35 0.153145
60 40 0.142270
60 45 0.125918
60 50 0.100859
60 55 0.071317
60 60 0.042688
60 65 0.018644
60 70 0.007230
60 75 0.001515
60 80 0.000000
60 85 0.000000
60 90 0.000000
60 95 0.000000
60 100 0.000000
60 105 0.000000
60 110 0.000000
60 115 0.000000
60 120 0.000000
60 125 0.000000
60 130 0.000000
60 135 0.000000
60 140 0.000000
60 145 0.000000
60 150 0.000000
60 155 0.000000
60 160 0.000000
60 165 0.000000
60 170 0.000000
60 175 0.000000
65 -180 0.000000
65 -175 0.000000
65 -170 0.000000
65 -165 0.000000
65 -160 0.000000
65 -155 0.000000
65 -150 0.000000
65 -145 0.000000
65 -140 0.000000
65 -135 0.000000
65 -130 0.000000
65 -125 0.000000
65 -120 0.000000
65 -115 0.000000
65 -110 0.000000
65 -105 0.000000
65 -100 0.000000
65 -95 0.000000
65 -90 0.000000
65 -85 0.000000
65 -80 0.000000
65 -75 0.000000
65 -70 0.000000
65 -65 0.004982
65 -60 0.012504
65 -55 0.023654
65 -50 0.034965
65 -45 0.040418
65 -40 0.036574
65 -35 0.027295
65 -30 0.018121
65 -25 0.013432
65 -20 0.011342
65 -15 0.016822
65 -10 0.028907
65 -5 0.051296
65 0 0.088508
65 5 0.136436
65 10 0.178758
65 15 0.202510
65 20 0.206451
65 25 0.189239
65 30 0.164964
65 35 0.143901
65 40 0.126732
65 45 0.105904
65 50 0.079361
65 55 0.052747
65 60 0.029660
65 65 0.011240
65 70 0.004157
65 75 0.000803
65 80 0.000000
65 85 0.000000
65 90 0.000000
65 95 0.000000
65 100 0.000000
65 105 0.000000
65 110 0.000000
65 115 0.000000
65 120 0.000000
65 125 0.000000
65 130 0.000000
65 135 0.000000
65 140 0.000000
65 145 0.000000
65 150 0.000000
65 155 0.000000
65 160 0.000000
65 165 0.000000
65 170 0.000000
65 175 0.000000
70 -180 0.000000
70 -175 0.000000
70 -170 0.000000
70 -165 0.000000
70 -160 0.000000
70 -155 0.000000
70 -150 0.000000
70 -145 0.000000
70 -140 0.000000
70 -135 0.000000
70 -130 0.000000
70 -125 0.000000
70 -120 0.000000
70 -115 0.000000
70 -110 0.000000
70 -105 0.000000
70 -100 0.000000
70 -95 0.000000
70 -90 0.000000
70 -85 0.000000
70 -80 0.000000
70 -75 0.000000
70 -70 0.000000
70 -65 0.004576
70 -60 0.011485
70 -55 0.021728
70 -50 0.032118
70 -45 0.037127
70 -40 0.033596
70 -35 0.026375
70 -30 0.020184
70 -25 0.019166
70 -20 0.020762
70 -15 0.027903
70 -10 0.039176
70 -5 0.058103
70 0 0.089441
70 5 0.131255
70 10 0.166863
70 15 0.185488
70 20 0.185814
70 25 0.167055
70 30 0.141337
70 35 0.117631
70 40 0.098008
70 45 0.077206
70 50 0.053603
70 55 0.033333
70 60 0.017468
70 65 0.005351
70 70 0.001871
70 75 0.000323
70 80 0.000000
70 85 0.000000
70 90 0.000000
70 95 0.000000
70 100 0.000000
70 105 0.000000
70 110 0.000000
70 115 0.000000
70 120 0.000000
70 125 0.000000
70 130 0.000000
70 135 0.000000
70 140 0.000000
70 145 0.000000
70 150 0.000000
70 155 0.000000
70 160 0.000000
70 165 0.000000
70 170 0.000000
70 175 0.000000
75 -180 0.000000
75 -175 0.000000
75 -170 0.000000
75 -165 0.000000
75 -160 0.000000
75 -155 0.000000
75 -150 0.000000
75 -145 0.000000
75 -140 0.000000
75 -135 0.000000
75 -130 0.000000
75 -125 0.000000
75 -120 0.000000
75 -115 0.000000
75 -110 0.000000
75 -105 0.000000
75 -100 0.000000
75 -95 0.000000
75 -90 0.000000
75 -85 0.000000
75 -80 0.000000
75 -75 0.000000
75 -70 0.000000
75 -65 0.003304
75 -60 0.008292
75 -55 0.015686
75 -50 0.023187
75 -45 0.026804
75 -40 0.024254
75 -35 0.020935
75 -30 0.019712
75 -25 0.023759
75 -20 0.030018
75 -15 0.038532
75 -10 0.047749
75 -5 0.060351
75 0 0.081529
75 5 0.111722
75 10 0.135981
75 15 0.147359
75 20 0.144525
75 25 0.127477
75 30 0.104792
75 35 0.082930
75 40 0.065062
75 45 0.047808
75 50 0.029854
75 55 0.016808
75 60 0.007783
75 65 0.001308
75 70 0.000313
75 75 0.000000
75 80 0.000000
75 85 0.000000
75 90 0.000000
75 95 0.000000
75 100 0.000000
75 105 0.000000
75 110 0.000000
75 115 0.000000
75 120 0.000000
75 125 0.000000
75 130 0.000000
75 135 0.000000
75 140 0.000000
75 145 0.000000
75 150 0.000000
75 155 0.000000
75 160 0.000000
75 165 0.000000
75 170 0.000000
75 175 0.000000
80 -180 0.000000
80 -175 0.000000
80 -170 0.000000
80 -165 0.000000
80 -160 0.000000
80 -155 0.000000
80 -150 0.000000
80 -145 0.000000
80 -140 0.000000
80 -135 0.000000
80 -130 0.000000
80 -125 0.000000
80 -120 0.000000
80 -115 0.000000
80 -110 0.000000
80 -105 0.000000
80 -100 0.000000
80 -95 0.000000
80 -90 0.000000
80 -85 0.000000
80 -80 0.000000
80 -75 0.000000
80 -70 0.000000
80 -65 0.001877
80 -60 0.004712
80 -55 0.008914
80 -50 0.013176
80 -45 0.015231
80 -40 0.013782
80 -35 0.014041
80 -30 0.017022
80 -25 0.024734
80 -20 0.034073
80 -15 0.042940
80 -10 0.050067
80 -5 0.056961
80 0 0.068955
80 5 0.087451
80 10 0.100388
80 15 0.104396
80 20 0.098499
80 25 0.083836
80 30 0.065873
80 35 0.048591
80 40 0.035494
80 45 0.024120
80 50 0.013334
80 55 0.006905
80 60 0.002933
80 65 0.000115
80 70 0.000027
80 75 0.000000
80 80 0.000000
80 85 0.000000
80 90 0.000000
80 95 0.000000
80 100 0.000000
80 105 0.000000
80 110 0.000000
80 115 0.000000
80 120 0.000000
80 125 0.000000
80 130 0.000000
80 135 0.000000
80 140 0.000000
80 145 0.000000
80 150 0.000000
80 155 0.000000
80 160 0.000000
80 165 0.000000
80 170 0.000000
80 175 0.000000
85 -180 0.000000
85 -175 0.000000
85 -170 0.000000
85 -165 0.000000
85 -160 0.000000
85 -155 0.000000
85 -150 0.000000
85 -145 0.000000
85 -140 0.000000
85 -135 0.000000
85 -130 0.000000
85 -125 0.000000
85 -120 0.000000
85 -115 0.000000
85 -110 0.000000
85 -105 0.000000
85 -100 0.000000
85 -95 0.000000
85 -90 0.000000
85 -85 0.000000
85 -80 0.000000
85 -75 0.000000
85 -70 0.000000
85 -65 0.000841
85 -60 0.002111
85 -55 0.003993
85 -50 0.005902
85 -45 0.006823
85 -40 0.006174
85 -35 0.008182
85 -30 0.012762
85 -25 0.020993
85 -20 0.030280
85 -15 0.037948
85 -10 0.043256
85 -5 0.046612
85 0 0.052526
85 5 0.062192
85 10 0.066865
85 15 0.065651
85 20 0.058493
85 25 0.047488
85 30 0.035601
85 35 0.024589
85 40 0.017216
85 45 0.011161
85 50 0.005557
85 55 0.002754
85 60 0.001148
85 65 0.000000
85 70 0.000000
85 75 0.000000
85 80 0.000000
85 85 0.000000
85 90 0.000000
85 95 0.000000
85 100 0.000000
85 105 0.000000
85 110 0.000000
85 115 0.000000
85 120 0.000000
85 125 0.000000
85 130 0.000000
85 135 0.000000
85 140 0.000000
85 145 0.000000
85 150 0.000000
85 155 0.000000
85 160 0.000000
85 165 0.000000
85 170 0.000000
85 175 0.000000
90 -180 0.000000
90 -175 0.000000
90 -170 0.000000
90 -165 0.000000
90 -160 0.000000
90 -155 0.000000
90 -150 0.000000
90 -145 0.000000
90 -140 0.000000
90 -135 0.000000
90 -130 0.000000
90 -125 0.000000
90 -120 0.000000
90 -115 0.000000
90 -110 0.000000
90 -105 0.000000
90 -100 0.000000
90 -95 0.000000
90 -90 0.000000
90 -85 0.000000
90 -80 0.000000
90 -75 0.000000
90 -70 0.000000
90 -65 0.000110
90 -60 0.000276
90 -55 0.000522
90 -50 0.000772
90 -45 0.000892
90 -40 0.000807
90 -35 0.003220
90 -30 0.007506
90 -25 0.014011
90 -20 0.021025
90 -15 0.026332
90 -10 0.029871
90 -5 0.031489
90 0 0.034361
90 5 0.038915
90 10 0.039692
90 15 0.036705
90 20 0.030289
90 25 0.022711
90 30 0.015561
90 35 0.009421
90 40 0.006096
90 45 0.003599
90 50 0.001443
90 55 0.000659
90 60 0.000275
90 65 0.000000
90 70 0.000000
90 75 0.000000
90 80 0.000000
90 85 0.000000
90 90 0.000000
90 95 0.000000
90 100 0.000000
90 105 0.000000
90 110 0.000000
90 115 0.000000
90 120 0.000000
90 125 0.000000
90 130 0.000000
90 135 0.000000
90 140 0.000000
90 145 0.000000
90 150 0.000000
90 155 0.000000
90 160 0.000000
90 165 0.000000
90 170 0.000000
90 175 0.000000
95 -180 0.000000
95 -175 0.000000
95 -170 0.000000
95 -165 0.000000
95 -160 0.000000
95 -155 0.000000
95 -150 0.000000
95 -145 0.000000
95 -140 0.000000
95 -135 0.000000
95 -130 0.000000
95 -125 0.000000
95 -120 0.000000
95 -115 0.000000
95 -110 0.000000
95 -105 0.000000
95 -100 0.000000
95 -95 0.000000
95 -90 0.000000
95 -85 0.000000
95 -80 0.000000
95 -75 0.000000
95 -70 0.000000
95 -65 0.000000
95 -60 0.000000
95 -55 0.000000
95 -50 0.000000
95 -45 0.000000
95 -40 0.000000
95 -35 0.001440
95 -30 0.003910
95 -25 0.007546
95 -20 0.011430
95 -15 0.014453
95 -10 0.016752
95 -5 0.017939
95 0 0.019843
95 5 0.022096
95 10 0.021715
95 15 0.018887
95 20 0.014198
95 25 0.009460
95 30 0.005522
95 35 0.002548
95 40 0.001438
95 45 0.000639
95 50 0.000075
95 55 0.000000
95 60 0.000000
95 65 0.000000
95 70 0.000000
95 75 0.000000
95 80 0.000000
95 85 0.000000
95 90 0.000000
95 95 0.000000
95 100 0.000000
95 105 0.000000
95 110 0.000000
95 115 0.000000
95 120 0.000000
95 125 0.000000
95 130 0.000000
95 135 0.000000
95 140 0.000000
95 145 0.000000
95 150 0.000000
95 155 0.000000
95 160 0.000000
95 165 0.000000
95 170 0.000000
95 175 0.000000
100 -180 0.000000
100 -175 0.000000
100 -170 0.000000
100 -165 0.000000
100 -160 0.000000
100 -155 0.000000
100 -150 0.000000
100 -145 0.000000
100 -140 0.000000
100 -135 0.000000
100 -130 0.000000
100 -125 0.000000
100 -120 0.000000
100 -115 0.000000
100 -110 0.000000
100 -105 0.000000
100 -100 0.000000
100 -95 0.000000
100 -90 0.000000
100 -85 0.000000
100 -80 0.000000
100 -75 0.000000
100 -70 0.000000
100 -65 0.000000
100 -60 0.000000
100 -55 0.000000
100 -50 0.000000
100 -45 0.000000
100 -40 0.000000
100 -35 0.000613
100 -30 0.001663
100 -25 0.003210
100 -20 0.004862
100 -15 0.006216
100 -10 0.007449
100 -5 0.008318
100 0 0.009598
100 5 0.010744
100 10 0.010356
100 15 0.008424
100 20 0.005498
100 25 0.002822
100 30 0.000998
100 35 0.000000
100 40 0.000000
100 45 0.000000
100 50 0.000000
100 55 0.000000
100 60 0.000000
100 65 0.000000
100 70 0.000000
100 75 0.000000
100 80 0.000000
100 85 0.000000
100 90 0.000000
100 95 0.000000
100 100 0.000000
100 105 0.000000
100 110 0.000000
100 115 0.000000
100 120 0.000000
100 125 0.000000
100 130 0.000000
100 135 0.000000
100 140 0.000000
100 145 0.000000
100 150 0.000000
100 155 0.000000
100 160 0.000000
100 165 0.000000
100 170 0.000000
100 175 0.000000
105 -180 0.000000
105 -175 0.000000
105 -170 0.000000
105 -165 0.000000
105 -160 0.000000
105 -155 0.000000
105 -150 0.000000
105 -145 0.000000
105 -140 0.000000
105 -135 0.000000
105 -130 0.000000
105 -125 0.000000
105 -120 0.000000
105 -115 0.000000
105 -110 0.000000
105 -105 0.000000
105 -100 0.000000
105 -95 0.000000
105 -90 0.000000
105 -85 0.000000
105 -80 0.000000
105 -75 0.000000
105 -70 0.000000
105 -65 0.000000
105 -60 0.000000
105 -55 0.000000
105 -50 0.000000
105 -45 0.000000
105 -40 0.000000
105 -35 0.000023
105 -30 0.000063
105 -25 0.000122
105 -20 0.000184
105 -15 0.000361
105 -10 0.000877
105 -5 0.001583
105 0 0.002499
105 5 0.003251
105 10 0.003382
105 15 0.002797
105 20 0.001826
105 25 0.000937
105 30 0.000331
105 35 0.000000
105 40 0.000000
105 45 0.000000
105 50 0.000000
105 55 0.000000
105 60 0.000000
105 65 0.000000
105 70 0.000000
105 75 0.000000
105 80 0.000000
105 85 0.000000
105 90 0.000000
105 95 0.000000
105 100 0.000000
105 105 0.000000
105 110 0.000000
105 115 0.000000
105 120 0.000000
105 125 0.000000
105 130 0.000000
105 135 0.000000
105 140 0.000000
105 145 0.000000
105 150 0.000000
105 155 0.000000
105 160 0.000000
105 165 0.000000
105 170 0.000000
105 175 0.000000
110 -180 0.000000
110 -175 0.000000
110 -170 0.000000
110 -165 0.000000
110 -160 0.000000
110 -155 0.000000
110 -150 0.000000
110 -145 0.000000
110 -140 0.000000
110 -135 0.000000
110 -130 0.000000
110 -125 0.000000
110 -120 0.000000
110 -115 0.000000
110 -110 0.000000
110 -105 0.000000
110 -100 0.000000
110 -95 0.000000
110 -90 0.000000
110 -85 0.000000
110 -80 0.000000
110 -75 0.000000
110 -70 0.000000
110 -65 0.000000
110 -60 0.000000
110 -55 0.000000
110 -50 0.000000
110 -45 0.000000
110 -40 0.000000
110 -35 0.000000
110 -30 0.000000
110 -25 0.000000
110 -20 0.000000
110 -15 0.000000
110 -10 0.000000
110 -5 0.000000
110 0 0.000000
110 5 0.000000
110 10 0.000000
110 15 0.000000
110 20 0.000000
110 25 0.000000
110 30 0.000000
110 35 0.000000
110 40 0.000000
110 45 0.000000
110 50 0.000000
110 55 0.000000
110 60 0.000000
110 65 0.000000
110 70 0.000000
110 75 0.000000
110 80 0.000000
110 85 0.000000
110 90 0.000000
110 95 0.000000
110 100 0.000000
110 105 0.000000
110 110 0.000000
110 115 0.000000
110 120 0.000000
110 125 0.000000
110 130 0.000000
110 135 0.000000
110 140 0.000000
110 145 0.000000
110 150 0.000000
110 155 0.000000
110 160 0.000000
110 165 0.000000
110 170 0.000000
110 175 0.000000
115 -180 0.000000
115 -175 0.000000
115 -170 0.000000
115 -165 0.000000
115 -160 0.000000
115 -155 0.000000
115 -150 0.000000
115 -145 0.000000
115 -140 0.000000
115 -135 0.000000
115 -130 0.000000
115 -125 0.000000
115 -120 0.000000
115 -115 0.000000
115 -110 0.000000
115 -105 0.000000
115 -100 0.000000
115 -95 0.000000
115 -90 0.000000
115 -85 0.000000
115 -80 0.000000
115 -75 0.000000
115 -70 0.000000
115 -65 0.000000
115 -60 0.000000
115 -55 0.000000
115 -50 0.000000
115 -45 0.000000
115 -40 0.000000
115 -35 0.000000
115 -30 0.000000
115 -25 0.000000
115 -20 0.000000
115 -15 0.000000
115 -10 0.000000
115 -5 0.000000
115 0 0.000000
115 5 0.000000
115 10 0.000000
115 15 0.000000
115 20 0.000000
115 25 0.000000
115 30 0.000000
115 35 0.000000
115 40 0.000000
115 45 0.000000
115 50 0.000000
115 55 0.000000
115 60 0.000000
115 65 0.000000
115 70 0.000000
115 75 0.000000
115 80 0.000000
115 85 0.000000
115 90 0.000000
115 95 0.000000
115 100 0.000000
115 105 0.000000
115 110 0.000000
115 115 0.000000
115 120 0.000000
115 125 0.000000
115 130 0.000000
115 135 0.000000
115 140 0.000000
115 145 0.000000
115 150 0.000000
115 155 0.000000
115 160 0.000000
115 165 0.000000
115 170 0.000000
115 175 0.000000
120 -180 0.000000
120 -175 0.000000
120 -170 0.000000
120 -165 0.000000
120 -160 0.000000
120 -155 0.000000
120 -150 0.000000
120 -145 0.000000
120 -140 0.000000
120 -135 0.000000
120 -130 0.000000
120 -125 0.000000
120 -120 0.000000
120 -115 0.000000
120 -110 0.000000
120 -105 0.000000
120 -100 0.000000
120 -95 0.000000
120 -90 0.000000
120 -85 0.000000
120 -80 0.000000
120 -75 0.000000
120 -70 0.000000
120 -65 0.000000
120 -60 0.000000
120 -55 0.000000
120 -50 0.000000
120 -45 0.000000
120 -40 0.000000
120 -35 0.000000
120 -30 0.000000
120 -25 0.000000
120 -20 0.000000
120 -15 0.000000
120 -10 0.000000
120 -5 0.000000
120 0 0.000000
120 5 0.000000
120 10 0.000000
120 15 0.000000
120 20 0.000000
120 25 0.000000
120 30 0.000000
120 35 0.000000
120 40 0.000000
120 45 0.000000
120 50 0.000000
120 55 0.000000
120 60 0.000000
120 65 0.000000
120 70 0.000000
120 75 0.000000
120 80 0.000000
120 85 0.000000
120 90 0.000000
120 95 0.000000
120 100 0.000000
120 105 0.000000
120 110 0.000000
120 115 0.000000
120 120 0.000000
120 125 0.000000
120 130 0.000000
120 135 0.000000
120 140 0.000000
120 145 0.000000
120 150 0.000000
120 155 0.000000
120 160 0.000000
120 165 0.000000
120 170 0.000000
120 175 0.000000
125 -180 0.000000
125 -175 0.000000
125 -170 0.000000
125 -165 0.000000
125 -160 0.000000
125 -155 0.000000
125 -150 0.000000
125 -145 0.000000
125 -140 0.000000
125 -135 0.000000
125 -130 0.000000
125 -125 0.000000
125 -120 0.000000
125 -115 0.000000
125 -110 0.000000
125 -105 0.000000
125 -100 0.000000
125 -95 0.000000
125 -90 0.000000
125 -85 0.000000
125 -80 0.000000
125 -75 0.000000
125 -70 0.000000
125 -65 0.000000
125 -60 0.000000
125 -55 0.000000
125 -50 0.000000
125 -45 0.000000
125 -40 0.000000
125 -35 0.000000
125 -30 0.000000
125 -25 0.000000
125 -20 0.000000
125 -15 0.000000
125 -10 0.000000
125 -5 0.000000
125 0 0.000000
125 5 0.000000
125 10 0.000000
125 15 0.000000
125 20 0.000000
125 25 0.000000
125 30 0.000000
125 35 0.000000
125 40 0.000000
125 45 0.000000
125 50 0.000000
125 55 0.000000
125 60 0.000000
125 65 0.000000
125 70 0.000000
125 75 0.000000
125 80 0.000000
125 85 0.000000
125 90 0.000000
125 95 0.000000
125 100 0.000000
125 105 0.000000
125 110 0.000000
125 115 0.000000
125 120 0.000000
125 125 0.000000
125 130 0.000000
125 135 0.000000
125 140 0.000000
125 145 0.000000
125 150 0.000000
125 155 0.000000
125 160 0.000000
125 165 0.000000
125 170 0.000000
125 175 0.000000
130 -180 0.000000
130 -175 0.000000
130 -170 0.000000
130 -165 0.000000
130 -160 0.000000
130 -155 0.000000
130 -150 0.000000
130 -145 0.000000
130 -140 0.000000
130 -135 0.000000
130 -130 0.000000
130 -125 0.000000
130 -120 0.000000
130 -115 0.000000
130 -110 0.000000
130 -105 0.000000
130 -100 0.000000
130 -95 0.000000
130 -90 0.000000
130 -85 0.000000
130 -80 0.000000
130 -75 0.000000
130 -70 0.000000
130 -65 0.000000
130 -60 0.000000
130 -55 0.000000
130 -50 0.000000
130 -45 0.000000
130 -40 0.000000
130 -35 0.000000
130 -30 0.000000
130 -25 0.000000
130 -20 0.000000
130 -15 0.000000
130 -10 0.000000
130 -5 0.000000
130 0 0.000000
130 5 0.000000
130 10 0.000000
130 15 0.000000
130 20 0.000000
130 25 0.000000
130 30 0.000000
130 35 0.000000
130 40 0.000000
130 45 0.000000
130 50 0.000000
130 55 0.000000
130 60 0.000000
130 65 0.000000
130 70 0.000000
130 75 0.000000
130 80 0.000000
130 85 0.000000
130 90 0.000000
130 95 0.000000
130 100 0.000000
130 105 0.000000
130 110 0.000000
130 115 0.000000
130 120 0.000000
130 125 0.000000
130 130 0.000000
130 135 0.000000
130 140 0.000000
130 145 0.000000
130 150 0.000000
130 155 0.000000
130 160 0.000000
130 165 0.000000
130 170 0.000000
130 175 0.000000
135 -180 0.000000
135 -175 0.000000
135 -170 0.000000
135 -165 0.000000
135 -160 0.000000
135 -155 0.000000
135 -150 0.000000
135 -145 0.000000
135 -140 0.000000
135 -135 0.000000
135 -130 0.000000
135 -125 0.000000
135 -120 0.000000
135 -115 0.000000
135 -110 0.000000
135 -105 0.000000
135 -100 0.000000
135 -95 0.000000
135 -90 0.000000
135 -85 0.000000
135 -80 0.000000
135 -75 0.000000
135 -70 0.000000
135 -65 0.000000
135 -60 0.000000
135 -55 0.000000
135 -50 0.000000
135 -45 0.000000
135 -40 0.000000
135 -35 0.000000
135 -30 0.000000
135 -25 0.000000
135 -20 0.000000
135 -15 0.000000
135 -10 0.000000
135 -5 0.000000
135 0 0.000000
135 5 0.000000
135 10 0.000000
135 15 0.000000
135 20 0.000000
135 25 0.000000
135 30 0.000000
135 35 0.000000
135 40 0.000000
135 45 0.000000
135 50 0.000000
135 55 0.000000
135 60 0.000000
135 65 0.000000
135 70 0.000000
135 75 0.000000
135 80 0.000000
135 85 0.000000
135 90 0.000000
135 95 0.000000
135 100 0.000000
135 105 0.000000
135 110 0.000000
135 115 0.000000
135 120 0.000000
135 125 0.000000
135 130 0.000000
135 135 0.000000
135 140 0.000000
135 145 0.000000
135 150 0.000000
135 155 0.000000
135 160 0.000000
135 165 0.000000
135 170 0.000000
135 175 0.000000
140 -180 0.000000
140 -175 0.000000
140 -170 0.000000
140 -165 0.000000
140 -160 0.000000
140 -155 0.000000
140 -150 0.000000
140 -145 0.000000
140 -140 0.000000
140 -135 0.000000
140 -130 0.000000
140 -125 0.000000
140 -120 0.000000
140 -115 0.000000
140 -110 0.000000
140 -105 0.000000
140 -100 0.000000
140 -95 0.000000
140 -90 0.000000
140 -85 0.000000
140 -80 0.000000
140 -75 0.000000
140 -70 0.000000
140 -65 0.000000
140 -60 0.000000
140 -55 0.000000
140 -50 0.000000
140 -45 0.000000
140 -40 0.000000
140 -35 0.000000
140 -30 0.000000
140 -25 0.000000
140 -20 0.000000
140 -15 0.000000
140 -10 0.000000
140 -5 0.000000
140 0 0.000000
140 5 0.000000
140 10 0.000000
140 15 0.000000
140 20 0.000000
140 25 0.000000
140 30 0.000000
140 35 0.000000
140 40 0.000000
140 45 0.000000
140 50 0.000000
140 55 0.000000
140 60 0.000000
140 65 0.000000
140 70 0.000000
140 75 0.000000
140 80 0.000000
140 85 0.000000
140 90 0.000000
140 95 0.000000
140 100 0.000000
140 105 0.000000
140 110 0.000000
140 115 0.000000
140 120 0.000000
140 125 0.000000
140 130 0.000000
140 135 0.000000
140 140 0.000000
140 145 0.000000
140 150 0.000000
140 155 0.000000
140 160 0.000000
140 165 0.000000
140 170 0.000000
140 175 0.000000
145 -180 0.000000
145 -175 0.000000
145 -170 0.000000
145 -165 0.000000
145 -160 0.000000
145 -155 0.000000
145 -150 0.000000
145 -145 0.000000
145 -140 0.000000
145 -135 0.000000
145 -130 0.000000
145 -125 0.000000
145 -120 0.000000
145 -115 0.000000
145 -110 0.000000
145 -105 0.000000
145 -100 0.000000
145 -95 0.000000
145 -90 0.000000
145 -85 0.000000
145 -80 0.000000
145 -75 0.000000
145 -70 0.000000
145 -65 0.000000
145 -60 0.000000
145 -55 0.000000
145 -50 0.000000
145 -45 0.000000
145 -40 0.000000
145 -35 0.000000
145 -30 0.000000
145 -25 0.000000
145 -20 0.000000
145 -15 0.000000
145 -10 0.000000
145 -5 0.000000
145 0 0.000000
145 5 0.000000
145 10 0.000000
145 15 0.000000
145 20 0.000000
145 25 0.000000
145 30 0.000000
145 35 0.000000
145 40 0.000000
145 45 0.000000
145 50 0.000000
145 55 0.000000
145 60 0.000000
145 65 0.000000
145 70 0.000000
145 75 0.000000
145 80 0.000000
145 85 0.000000
145 90 0.000000
145 95 0.000000
145 100 0.000000
145 105 0.000000
145 110 0.000000
145 115 0.000000
145 120 0.000000
145 125 0.000000
145 130 0.000000
145 135 0.000000
145 140 0.000000
145 145 0.000000
145 150 0.000000
145 155 0.000000
145 160 0.000000
145 165 0.000000
145 170 0.000000
145 175 0.000000
150 -180 0.000000
150 -175 0.000000
150 -170 0.000000
150 -165 0.000000
150 -160 0.000000
150 -155 0.000000
150 -150 0.000000
150 -145 0.000000
150 -140 0.000000
150 -135 0.000000
150 -130 0.000000
150 -125 0.000000
150 -120 0.000000
150 -115 0.000000
150 -110 0.000000
150 -105 0.000000
150 -100 0.000000
150 -95 0.000000
150 -90 0.000000
150 -85 0.000000
150 -80 0.000000
150 -75 0.000000
150 -70 0.000000
150 -65 0.000000
150 -60 0.000000
150 -55 0.000000
150 -50 0.000000
150 -45 0.000000
150 -40 0.000000
150 -35 0.000000
150 -30 0.000000
150 -25 0.000000
150 -20 0.000000
150 -15 0.000000
150 -10 0.000000
150 -5 0.000000
150 0 0.000000
150 5 0.000000
150 10 0.000000
150 15 0.000000
150 20 0.000000
150 25 0.000000
150 30 0.000000
150 35 0.000000
150 40 0.000000
150 45 0.000000
150 50 0.000000
150 55 0.000000
150 60 0.000000
150 65 0.000000
150 70 0.000000
150 75 0.000000
150 80 0.000000
150 85 0.000000
150 90 0.000000
150 95 0.000000
150 100 0.000000
150 105 0.000000
150 110 0.000000
150 115 0.000000
150 120 0.000000
150 125 0.000000
150 130 0.000000
150 135 0.000000
150 140 0.000000
150 145 0.000000
150 150 0.000000
150 155 0.000000
150 160 0.000000
150 165 0.000000
150 170 0.000000
150 175 0.000000
155 -180 0.000000
155 -175 0.000000
155 -170 0.000000
155 -165 0.000000
155 -160 0.000000
155 -155 0.000000
155 -150 0.000000
155 -145 0.000000
155 -140 0.000000
155 -135 0.000000
155 -130 0.000000
155 -125 0.000000
155 -120 0.000000
155 -115 0.000000
155 -110 0.000000
155 -105 0.000000
155 -100 0.000000
155 -95 0.000000
155 -90 0.000000
155 -85 0.000000
155 -80 0.000000
155 -75 0.000000
155 -70 0.000000
155 -65 0.000000
155 -60 0.000000
155 -55 0.000000
155 -50 0.000000
155 -45 0.000000
155 -40 0.000000
155 -35 0.000000
155 -30 0.000000
155 -25 0.000000
155 -20 0.000000
155 -15 0.000000
155 -10 0.000000
155 -5 0.000000
155 0 0.000000
155 5 0.000000
155 10 0.000000
155 15 0.000000
155 20 0.000000
155 25 0.000000
155 30 0.000000
155 35 0.000000
155 40 0.000000
155 45 0.000000
155 50 0.000000
155 55 0.000000
155 60 0.000000
155 65 0.000000
155 70 0.000000
155 75 0.000000
155 80 0.000000
155 85 0.000000
155 90 0.000000
155 95 0.000000
155 100 0.000000
155 105 0.000000
155 110 0.000000
155 115 0.000000
155 120 0.000000
155 125 0.000000
155 130 0.000000
155 135 0.000000
155 140 0.000000
155 145 0.000000
155 150 0.000000
155 155 0.000000
155 160 0.000000
155 165 0.000000
155 170 0.000000
155 175 0.000000
160 -180 0.000000
160 -175 0.000000
160 -170 0.000000
160 -165 0.000000
160 -160 0.000000
160 -155 0.000000
160 -150 0.000000
160 -145 0.000000
160 -140 0.000000
160 -135 0.000000
160 -130 0.000000
160 -125 0.000000
160 -120 0.000000
160 -115 0.000000
160 -110 0.000000
160 -105 0.000000
160 -100 0.000000
160 -95 0.000000
160 -90 0.000000
160 -85 0.000000
160 -80 0.000000
160 -75 0.000000
160 -70 0.000000
160 -65 0.000000
160 -60 0.000000
160 -55 0.000000
160 -50 0.000000
160 -45 0.000000
160 -40 0.000000
160 -35 0.000000
160 -30 0.000000
160 -25 0.000000
160 -20 0.000000
160 -15 0.000000
160 -10 0.000000
160 -5 0.000000
160 0 0.000000
160 5 0.000000
160 10 0.000000
160 15 0.000000
160 20 0.000000
160 25 0.000000
160 30 0.000000
160 35 0.000000
160 40 0.000000
160 45 0.000000
160 50 0.000000
160 55 0.000000
160 60 0.000000
160 65 0.000000
160 70 0.000000
160 75 0.000000
160 80 0.000000
160 85 0.000000
160 90 0.000000
160 95 0.000000
160 100 0.000000
160 105 0.000000
160 110 0.000000
160 115 0.000000
160 120 0.000000
160 125 0.000000
160 130 0.000000
160 135 0.000000
160 140 0.000000
160 145 0.000000
160 150 0.000000
160 155 0.000000
160 160 0.000000
160 165 0.000000
160 170 0.000000
160 175 0.000000
165 -180 0.000000
165 -175 0.000000
165 -170 0.000000
165 -165 0.000000
165 -160 0.000000
165 -155 0.000000
165 -150 0.000000
165 -145 0.000000
165 -140 0.000000
165 -135 0.000000
165 -130 0.000000
165 -125 0.000000
165 -120 0.000000
165 -115 0.000000
165 -110 0.000000
165 -105 0.000000
165 -100 0.000000
165 -95 0.000000
165 -90 0.000000
165 -85 0.000000
165 -80 0.000000
165 -75 0.000000
165 -70 0.000000
165 -65 0.000000
165 -60 0.000000
165 -55 0.000000
165 -50 0.000000
165 -45 0.000000
165 -40 0.000000
165 -35 0.000000
165 -30 0.000000
165 -25 0.000000
165 -20 0.000000
165 -15 0.000000
165 -10 0.000000
165 -5 0.000000
165 0 0.000000
165 5 0.000000
165 10 0.000000
165 15 0.000000
165 20 0.000000
165 25 0.000000
165 30 0.000000
165 35 0.000000
165 40 0.000000
165 45 0.000000
165 50 0.000000
165 55 0.000000
165 60 0.000000
165 65 0.000000
165 70 0.000000
165 75 0.000000
165 80 0.000000
165 85 0.000000
165 90 0.000000
165 95 0.000000
165 100 0.000000
165 105 0.000000
165 110 0.000000
165 115 0.000000
165 120 0.000000
165 125 0.000000
165 130 0.000000
165 135 0.000000
165 140 0.000000
165 145 0.000000
165 150 0.000000
165 155 0.000000
165 160 0.000000
165 165 0.000000
165 170 0.000000
165 175 0.000000
170 -180 0.000069
170 -175 0.000000
170 -170 0.000000
170 -165 0.000000
170 -160 0.000000
170 -155 0.000000
170 -150 0.000000
170 -145 0.000000
170 -140 0.000000
170 -135 0.000000
170 -130 0.000000
170 -125 0.000000
170 -120 0.000000
170 -115 0.000000
170 -110 0.000000
170 -105 0.000000
170 -100 0.000000
170 -95 0.000000
170 -90 0.000000
170 -85 0.000000
170 -80 0.000000
170 -75 0.000000
170 -70 0.000000
170 -65 0.000000
170 -60 0.000000
170 -55 0.000000
170 -50 0.000000
170 -45 0.000000
170 -40 0.000000
170 -35 0.000000
170 -30 0.000000
170 -25 0.000000
170 -20 0.000000
170 -15 0.000000
170 -10 0.000000
170 -5 0.000000
170 0 0.000000
170 5 0.000000
170 10 0.000000
170 15 0.000000
170 20 0.000000
170 25 0.000000
170 30 0.000000
170 35 0.000000
170 40 0.000000
170 45 0.000000
170 50 0.000000
170 55 0.000000
170 60 0.000000
170 65 0.000000
170 70 0.000000
170 75 0.000000
170 80 0.000000
170 85 0.000000
170 90 0.000000
170 95 0.000000
170 100 0.000000
170 105 0.000000
170 110 0.000000
170 115 0.000000
170 120 0.000000
170 125 0.000000
170 130 0.000000
170 135 0.000008
170 140 0.000087
170 145 0.000199
170 150 0.000358
170 155 0.000504
170 160 0.000557
170 165 0.000482
170 170 0.000326
170 175 0.000172
175 -180 0.009668
175 -175 0.006683
175 -170 0.004749
175 -165 0.002932
175 -160 0.001730
175 -155 0.000807
175 -150 0.000162
175 -145 0.000000
175 -140 0.000000
175 -135 0.000000
175 -130 0.000000
175 -125 0.000000
175 -120 0.000000
175 -115 0.000000
175 -110 0.000000
175 -105 0.000000
175 -100 0.000000
175 -95 0.000000
175 -90 0.000000
175 -85 0.000000
175 -80 0.000000
175 -75 0.000000
175 -70 0.000000
175 -65 0.000000
175 -60 0.000000
175 -55 0.000000
175 -50 0.000000
175 -45 0.000000
175 -40 0.000000
175 -35 0.000000
175 -30 0.000000
175 -25 0.000000
175 -20 0.000000
175 -15 0.000000
175 -10 0.000000
175 -5 0.000000
175 0 0.000000
175 5 0.000000
175 10 0.000000
175 15 0.000000
175 20 0.000000
175 25 0.000000
175 30 0.000000
175 35 0.000000
175 40 0.000000
175 45 0.000000
175 50 0.000000
175 55 0.000000
175 60 0.000000
175 65 0.000000
175 70 0.000000
175 75 0.000000
175 80 0.000001
175 85 0.000016
175 90 0.000038
175 95 0.000070
175 100 0.000100
175 105 0.000112
175 110 0.000098
175 115 0.000067
175 120 0.000036
175 125 0.000161
175 130 0.000816
175 135 0.001895
175 140 0.004515
175 145 0.008056
175 150 0.012649
175 155 0.016777
175 160 0.019297
175 165 0.019432
175 170 0.016949
175 175 0.013097
