-180 -180 0.177874
-180 -175 0.112739
-180 -170 0.059563
-180 -165 0.023927
-180 -160 0.005442
-180 -155 0.000762
-180 -150 0.000000
-180 -145 0.000000
-180 -140 0.000000
-180 -135 0.000000
-180 -130 0.000000
-180 -125 0.000000
-180 -120 0.000000
-180 -115 0.000000
-180 -110 0.000000
-180 -105 0.000000
-180 -100 0.000000
-180 -95 0.000000
-180 -90 0.000000
-180 -85 0.000000
-180 -80 0.000000
-180 -75 0.000000
-180 -70 0.000000
-180 -65 0.000000
-180 -60 0.000000
-180 -55 0.000000
-180 -50 0.000000
-180 -45 0.000000
-180 -40 0.000000
-180 -35 0.000000
-180 -30 0.000000
-180 -25 0.000000
-180 -20 0.000000
-180 -15 0.000000
-180 -10 0.000000
-180 -5 0.000000
-180 0 0.000000
-180 5 0.000000
-180 10 0.000000
-180 15 0.000000
-180 20 0.000000
-180 25 0.000000
-180 30 0.000000
-180 35 0.000000
-180 40 0.000000
-180 45 0.000000
-180 50 0.000000
-180 55 0.000000
-180 60 0.000000
-180 65 0.000275
-180 70 0.001682
-180 75 0.003686
-180 80 0.006705
-180 85 0.009603
-180 90 0.011238
-180 95 0.010998
-180 100 0.009297
-180 105 0.007399
-180 110 0.006311
-180 115 0.006612
-180 120 0.009436
-180 125 0.013383
-180 130 0.023417
-180 135 0.042934
-180 140 0.075766
-180 145 0.121509
-180 150 0.176741
-180 155 0.231370
-180 160 0.269870
-180 165 0.286558
-180 170 0.277325
-180 175 0.238256
-175 -180 0.287867
-175 -175 0.181417
-175 -170 0.094931
-175 -165 0.038379
-175 -160 0.009107
-175 -155 0.001333
-175 -150 0.000000
-175 -145 0.000000
-175 -140 0.000000
-175 -135 0.000000
-175 -130 0.000000
-175 -125 0.000000
-175 -120 0.000000
-175 -115 0.000000
-175 -110 0.000000
-175 -105 0.000000
-175 -100 0.000000
-175 -95 0.000000
-175 -90 0.000000
-175 -85 0.000000
-175 -80 0.000000
-175 -75 0.000000
-175 -70 0.000000
-175 -65 0.000000
-175 -60 0.000000
-175 -55 0.000000
-175 -50 0.000000
-175 -45 0.000000
-175 -40 0.000000
-175 -35 0.000000
-175 -30 0.000000
-175 -25 0.000000
-175 -20 0.000000
-175 -15 0.000000
-175 -10 0.000000
-175 -5 0.000000
-175 0 0.000000
-175 5 0.000000
-175 10 0.000000
-175 15 0.000000
-175 20 0.000000
-175 25 0.000000
-175 30 0.000000
-175 35 0.000000
-175 40 0.000000
-175 45 0.000000
-175 50 0.000000
-175 55 0.000000
-175 60 0.000000
-175 65 0.000766
-175 70 0.004414
-175 75 0.009614
-175 80 0.017565
-175 85 0.025275
-175 90 0.030122
-175 95 0.030519
-175 100 0.027276
-175 105 0.023792
-175 110 0.021831
-175 115 0.022474
-175 120 0.028180
-175 125 0.036217
-175 130 0.054160
-175 135 0.085842
-175 140 0.138011
-175 145 0.211225
-175 150 0.298235
-175 155 0.385030
-175 160 0.447360
-175 165 0.473605
-175 170 0.455305
-175 175 0.388015
-170 -180 0.395842
-170 -175 0.244098
-170 -170 0.125010
-170 -165 0.050304
-170 -160 0.012229
-170 -155 0.001835
-170 -150 0.000000
-170 -145 0.000000
-170 -140 0.000000
-170 -135 0.000000
-170 -130 0.000000
-170 -125 0.000000
-170 -120 0.000000
-170 -115 0.000000
-170 -110 0.000000
-170 -105 0.000000
-170 -100 0.000000
-170 -95 0.000000
-170 -90 0.000000
-170 -85 0.000000
-170 -80 0.000000
-170 -75 0.000000
-170 -70 0.000000
-170 -65 0.000000
-170 -60 0.000000
-170 -55 0.000000
-170 -50 0.000000
-170 -45 0.000000
-170 -40 0.000000
-170 -35 0.000000
-170 -30 0.000000
-170 -25 0.000000
-170 -20 0.000000
-170 -15 0.000000
-170 -10 0.000000
-170 -5 0.000000
-170 0 0.000056
-170 5 0.000140
-170 10 0.000789
-170 15 0.001765
-170 20 0.003081
-170 25 0.004349
-170 30 0.004922
-170 35 0.004439
-170 40 0.003177
-170 45 0.001784
-170 50 0.000803
-170 55 0.000648
-170 60 0.002120
-170 65 0.005895
-170 70 0.015772
-170 75 0.028470
-170 80 0.044814
-170 85 0.058976
-170 90 0.066756
-170 95 0.066158
-170 100 0.058696
-170 105 0.052347
-170 110 0.050004
-170 115 0.053120
-170 120 0.065042
-170 125 0.081321
-170 130 0.111386
-170 135 0.159025
-170 140 0.236579
-170 145 0.345455
-170 150 0.471040
-170 155 0.593750
-170 160 0.677330
-170 165 0.702257
-170 170 0.657650
-170 175 0.545705
-165 -180 0.486983
-165 -175 0.292737
-165 -170 0.146260
-165 -165 0.058069
-165 -160 0.014394
-165 -155 0.002158
-165 -150 0.000000
-165 -145 0.000000
-165 -140 0.000000
-165 -135 0.000000
-165 -130 0.000000
-165 -125 0.000000
-165 -120 0.000000
-165 -115 0.000000
-165 -110 0.000000
-165 -105 0.000000
-165 -100 0.000000
-165 -95 0.000000
-165 -90 0.000000
-165 -85 0.000000
-165 -80 0.000088
-165 -75 0.001079
-165 -70 0.002590
-165 -65 0.004735
-165 -60 0.006817
-165 -55 0.007724
-165 -50 0.006888
-165 -45 0.005298
-165 -40 0.003871
-165 -35 0.003418
-165 -30 0.003517
-165 -25 0.003985
-165 -20 0.003661
-165 -15 0.002789
-165 -10 0.002195
-165 -5 0.002150
-165 0 0.003358
-165 5 0.005255
-165 10 0.008508
-165 15 0.012151
-165 20 0.015737
-165 25 0.018361
-165 30 0.018690
-165 35 0.016116
-165 40 0.011667
-165 45 0.006647
-165 50 0.003268
-165 55 0.002300
-165 60 0.005653
-165 65 0.013686
-165 70 0.031471
-165 75 0.053465
-165 80 0.079598
-165 85 0.101019
-165 90 0.112335
-165 95 0.111498
-165 100 0.100048
-165 105 0.091780
-165 110 0.090229
-165 115 0.096987
-165 120 0.115665
-165 125 0.141827
-165 130 0.186294
-165 135 0.252563
-165 140 0.359765
-165 145 0.507337
-165 150 0.670308
-165 155 0.823452
-165 160 0.920153
-165 165 0.933413
-165 170 0.851240
-165 175 0.687553
-160 -180 0.536458
-160 -175 0.313395
-160 -170 0.152435
-160 -165 0.059270
-160 -160 0.014929
-160 -155 0.002205
-160 -150 0.000000
-160 -145 0.000000
-160 -140 0.000000
-160 -135 0.000000
-160 -130 0.000000
-160 -125 0.000000
-160 -120 0.000000
-160 -115 0.000000
-160 -110 0.000000
-160 -105 0.000000
-160 -100 0.000000
-160 -95 0.000000
-160 -90 0.000000
-160 -85 0.000000
-160 -80 0.000673
-160 -75 0.004279
-160 -70 0.009856
-160 -65 0.017914
-160 -60 0.025755
-160 -55 0.029706
-160 -50 0.027817
-160 -45 0.022686
-160 -40 0.017040
-160 -35 0.013646
-160 -30 0.012644
-160 -25 0.013552
-160 -20 0.012997
-160 -15 0.011379
-160 -10 0.010220
-160 -5 0.009888
-160 0 0.012322
-160 5 0.016564
-160 10 0.023192
-160 15 0.030165
-160 20 0.036688
-160 25 0.041146
-160 30 0.041285
-160 35 0.036220
-160 40 0.027601
-160 45 0.018664
-160 50 0.014207
-160 55 0.015446
-160 60 0.025329
-160 65 0.041662
-160 70 0.068195
-160 75 0.097021
-160 80 0.126914
-160 85 0.149013
-160 90 0.158955
-160 95 0.156545
-160 100 0.141634
-160 105 0.132868
-160 110 0.133449
-160 115 0.145200
-160 120 0.171436
-160 125 0.209949
-160 130 0.272998
-160 135 0.364163
-160 140 0.507250
-160 145 0.694887
-160 150 0.887933
-160 155 1.054822
-160 160 1.143280
-160 165 1.125328
-160 170 0.993968
-160 175 0.778395
-155 -180 0.549245
-155 -175 0.312105
-155 -170 0.148643
-155 -165 0.056529
-155 -160 0.014581
-155 -155 0.002143
-155 -150 0.000000
-155 -145 0.000000
-155 -140 0.000000
-155 -135 0.000000
-155 -130 0.000000
-155 -125 0.000000
-155 -120 0.000000
-155 -115 0.000000
-155 -110 0.000000
-155 -105 0.000000
-155 -100 0.000000
-155 -95 0.000000
-155 -90 0.000000
-155 -85 0.000000
-155 -80 0.001502
-155 -75 0.008891
-155 -70 0.020347
-155 -65 0.037002
-155 -60 0.053272
-155 -55 0.061761
-155 -50 0.058480
-155 -45 0.048314
-155 -40 0.036575
-155 -35 0.028949
-155 -30 0.026816
-155 -25 0.029405
-155 -20 0.030053
-155 -15 0.029090
-155 -10 0.028606
-155 -5 0.028481
-155 0 0.032469
-155 5 0.039912
-155 10 0.050651
-155 15 0.061201
-155 20 0.070234
-155 25 0.075595
-155 30 0.074613
-155 35 0.066969
-155 40 0.055296
-155 45 0.044710
-155 50 0.042607
-155 55 0.049973
-155 60 0.070117
-155 65 0.097134
-155 70 0.130219
-155 75 0.159582
-155 80 0.182777
-155 85 0.194927
-155 90 0.196177
-155 95 0.189997
-155 100 0.173606
-155 105 0.167003
-155 110 0.171393
-155 115 0.189586
-155 120 0.224645
-155 125 0.280410
-155 130 0.370597
-155 135 0.497725
-155 140 0.684875
-155 145 0.910400
-155 150 1.120715
-155 155 1.278605
-155 160 1.333562
-155 165 1.265815
-155 170 1.079433
-155 175 0.818875
-150 -180 0.540065
-150 -175 0.298980
-150 -170 0.140560
-150 -165 0.052444
-150 -160 0.014102
-150 -155 0.002169
-150 -150 0.000000
-150 -145 0.000000
-150 -140 0.000000
-150 -135 0.000000
-150 -130 0.000000
-150 -125 0.000000
-150 -120 0.000000
-150 -115 0.000000
-150 -110 0.000000
-150 -105 0.000000
-150 -100 0.000000
-150 -95 0.000000
-150 -90 0.000083
-150 -85 0.000360
-150 -80 0.003402
-150 -75 0.015876
-150 -70 0.034904
-150 -65 0.062427
-150 -60 0.089655
-150 -55 0.104956
-150 -50 0.101970
-150 -45 0.087413
-150 -40 0.068587
-150 -35 0.054677
-150 -30 0.050149
-150 -25 0.055066
-150 -20 0.059753
-150 -15 0.063605
-150 -10 0.067420
-150 -5 0.068782
-150 0 0.072992
-150 5 0.081869
-150 10 0.093974
-150 15 0.105515
-150 20 0.114821
-150 25 0.119473
-150 30 0.117103
-150 35 0.109277
-150 40 0.099720
-150 45 0.094199
-150 50 0.100288
-150 55 0.117876
-150 60 0.150119
-150 65 0.188066
-150 70 0.224251
-150 75 0.247755
-150 80 0.254507
-150 85 0.246062
-150 90 0.230795
-150 95 0.217827
-150 100 0.203317
-150 105 0.202957
-150 110 0.213948
-150 115 0.240290
-150 120 0.286235
-150 125 0.363275
-150 130 0.487590
-150 135 0.659338
-150 140 0.894560
-150 145 1.153835
-150 150 1.372728
-150 155 1.506590
-150 160 1.509840
-150 165 1.377415
-150 170 1.131193
-150 175 0.829395
-145 -180 0.512068
-145 -175 0.275117
-145 -170 0.127642
-145 -165 0.046706
-145 -160 0.013065
-145 -155 0.002475
-145 -150 0.000784
-145 -145 0.001486
-145 -140 0.002204
-145 -135 0.002558
-145 -130 0.002327
-145 -125 0.001660
-145 -120 0.000930
-145 -115 0.000410
-145 -110 0.000042
-145 -105 0.000000
-145 -100 0.000000
-145 -95 0.000000
-145 -90 0.000376
-145 -85 0.001631
-145 -80 0.007095
-145 -75 0.024714
-145 -70 0.050520
-145 -65 0.087099
-145 -60 0.123103
-145 -55 0.144591
-145 -50 0.143786
-145 -45 0.127394
-145 -40 0.102994
-145 -35 0.082533
-145 -30 0.074688
-145 -25 0.081691
-145 -20 0.092568
-145 -15 0.105875
-145 -10 0.118935
-145 -5 0.125941
-145 0 0.133146
-145 5 0.145924
-145 10 0.160651
-145 15 0.173179
-145 20 0.180105
-145 25 0.178979
-145 30 0.170103
-145 35 0.160325
-145 40 0.156579
-145 45 0.164830
-145 50 0.189480
-145 55 0.226613
-145 60 0.275328
-145 65 0.323342
-145 70 0.355890
-145 75 0.362900
-145 80 0.343383
-145 85 0.307718
-145 90 0.273615
-145 95 0.255178
-145 100 0.248104
-145 105 0.258502
-145 110 0.277880
-145 115 0.312387
-145 120 0.370905
-145 125 0.470470
-145 130 0.630683
-145 135 0.846500
-145 140 1.122553
-145 145 1.402330
-145 150 1.616640
-145 155 1.714952
-145 160 1.657613
-145 165 1.455398
-145 170 1.151218
-145 175 0.813688
-140 -180 0.480650
-140 -175 0.246876
-140 -170 0.110024
-140 -165 0.038629
-140 -160 0.011777
-140 -155 0.005353
-140 -150 0.006690
-140 -145 0.010526
-140 -140 0.013589
-140 -135 0.014255
-140 -130 0.012042
-140 -125 0.008124
-140 -120 0.004277
-140 -115 0.001765
-140 -110 0.000151
-140 -105 0.000000
-140 -100 0.000000
-140 -95 0.000000
-140 -90 0.000796
-140 -85 0.003453
-140 -80 0.011257
-140 -75 0.031797
-140 -70 0.060608
-140 -65 0.100315
-140 -60 0.139476
-140 -55 0.165237
-140 -50 0.170745
-140 -45 0.160166
-140 -40 0.139395
-140 -35 0.119887
-140 -30 0.113134
-140 -25 0.123429
-140 -20 0.141841
-140 -15 0.166541
-140 -10 0.191149
-140 -5 0.206272
-140 0 0.218707
-140 5 0.238570
-140 10 0.259752
-140 15 0.277972
-140 20 0.285035
-140 25 0.275778
-140 30 0.253598
-140 35 0.234156
-140 40 0.231867
-140 45 0.252933
-140 50 0.295607
-140 55 0.352382
-140 60 0.415190
-140 65 0.470450
-140 70 0.497688
-140 75 0.488255
-140 80 0.445200
-140 85 0.385917
-140 90 0.337405
-140 95 0.316630
-140 100 0.321442
-140 105 0.346620
-140 110 0.377335
-140 115 0.422482
-140 120 0.497392
-140 125 0.621722
-140 130 0.816190
-140 135 1.065873
-140 140 1.364330
-140 145 1.644850
-140 150 1.841130
-140 155 1.901085
-140 160 1.789225
-140 165 1.525892
-140 170 1.169510
-140 175 0.796390
-135 -180 0.457880
-135 -175 0.224982
-135 -170 0.094240
-135 -165 0.031935
-135 -160 0.013181
-135 -155 0.014799
-135 -150 0.022962
-135 -145 0.032517
-135 -140 0.038248
-135 -135 0.037205
-135 -130 0.029681
-135 -125 0.019181
-135 -120 0.009538
-135 -115 0.003977
-135 -110 0.000569
-135 -105 0.000386
-135 -100 0.000446
-135 -95 0.000404
-135 -90 0.001619
-135 -85 0.006417
-135 -80 0.016820
-135 -75 0.038881
-135 -70 0.067923
-135 -65 0.105138
-135 -60 0.141708
-135 -55 0.169013
-135 -50 0.183485
-135 -45 0.185317
-135 -40 0.177643
-135 -35 0.168758
-135 -30 0.170531
-135 -25 0.188973
-135 -20 0.218302
-135 -15 0.256225
-135 -10 0.295280
-135 -5 0.325188
-135 0 0.355098
-135 5 0.398752
-135 10 0.444692
-135 15 0.483510
-135 20 0.494973
-135 25 0.469755
-135 30 0.415547
-135 35 0.362605
-135 40 0.340737
-135 45 0.357575
-135 50 0.404372
-135 55 0.470125
-135 60 0.537138
-135 65 0.592140
-135 70 0.611095
-135 75 0.588917
-135 80 0.531925
-135 85 0.461125
-135 90 0.409405
-135 95 0.393285
-135 100 0.413680
-135 105 0.456790
-135 110 0.503140
-135 115 0.563878
-135 120 0.659752
-135 125 0.810447
-135 130 1.030755
-135 135 1.297245
-135 140 1.592108
-135 145 1.848053
-135 150 2.008305
-135 155 2.027143
-135 160 1.873873
-135 165 1.571630
-135 170 1.182840
-135 175 0.786077
-130 -180 0.433478
-130 -175 0.204976
-130 -170 0.079245
-130 -165 0.026214
-130 -160 0.016483
-130 -155 0.028698
-130 -150 0.046451
-130 -145 0.063752
-130 -140 0.072638
-130 -135 0.068620
-130 -130 0.053414
-130 -125 0.033831
-130 -120 0.016975
-130 -115 0.008399
-130 -110 0.004124
-130 -105 0.005362
-130 -100 0.006199
-130 -95 0.005609
-130 -90 0.005742
-130 -85 0.011252
-130 -80 0.022774
-130 -75 0.044675
-130 -70 0.073141
-130 -65 0.105990
-130 -60 0.138328
-130 -55 0.166801
-130 -50 0.192176
-130 -45 0.211532
-130 -40 0.226137
-130 -35 0.238996
-130 -30 0.257250
-130 -25 0.285803
-130 -20 0.322772
-130 -15 0.367302
-130 -10 0.419402
-130 -5 0.475318
-130 0 0.546795
-130 5 0.646003
-130 10 0.748615
-130 15 0.828940
-130 20 0.846812
-130 25 0.789760
-130 30 0.674907
-130 35 0.553020
-130 40 0.476830
-130 45 0.459540
-130 50 0.486328
-130 55 0.543743
-130 60 0.602840
-130 65 0.649730
-130 70 0.659073
-130 75 0.631973
-130 80 0.577170
-130 85 0.515858
-130 90 0.480262
-130 95 0.479738
-130 100 0.516340
-130 105 0.573560
-130 110 0.632950
-130 115 0.707225
-130 120 0.819915
-130 125 0.988990
-130 130 1.219023
-130 135 1.481025
-130 140 1.750203
-130 145 1.963555
-130 150 2.075067
-130 155 2.051055
-130 160 1.870640
-130 165 1.555532
-130 170 1.161142
-130 175 0.762118
-125 -180 0.410670
-125 -175 0.192639
-125 -170 0.071338
-125 -165 0.025268
-125 -160 0.023120
-125 -155 0.046164
-125 -150 0.074544
-125 -145 0.099564
-125 -140 0.110178
-125 -135 0.101180
-125 -130 0.076820
-125 -125 0.047636
-125 -120 0.023802
-125 -115 0.013121
-125 -110 0.009004
-125 -105 0.012372
-125 -100 0.014302
-125 -95 0.012942
-125 -90 0.011023
-125 -85 0.015826
-125 -80 0.026965
-125 -75 0.048243
-125 -70 0.077685
-125 -65 0.109142
-125 -60 0.141521
-125 -55 0.175338
-125 -50 0.214164
-125 -45 0.254582
-125 -40 0.298045
-125 -35 0.341485
-125 -30 0.384825
-125 -25 0.428065
-125 -20 0.472272
-125 -15 0.520447
-125 -10 0.589710
-125 -5 0.689285
-125 0 0.832507
-125 5 1.020267
-125 10 1.203525
-125 15 1.328375
-125 20 1.334987
-125 25 1.215940
-125 30 1.006100
-125 35 0.781765
-125 40 0.620952
-125 45 0.542308
-125 50 0.526112
-125 55 0.556427
-125 60 0.593483
-125 65 0.622422
-125 70 0.618078
-125 75 0.590688
-125 80 0.549728
-125 85 0.515875
-125 90 0.513958
-125 95 0.540655
-125 100 0.595882
-125 105 0.664830
-125 110 0.734860
-125 115 0.818585
-125 120 0.939902
-125 125 1.117422
-125 130 1.343662
-125 135 1.590442
-125 140 1.828493
-125 145 1.994697
-125 150 2.050418
-125 155 1.978478
-125 160 1.777525
-125 165 1.469108
-125 170 1.095505
-125 175 0.721592
-120 -180 0.385410
-120 -175 0.181808
-120 -170 0.067232
-120 -165 0.026867
-120 -160 0.029948
-120 -155 0.060189
-120 -150 0.095849
-120 -145 0.124857
-120 -140 0.134331
-120 -135 0.119879
-120 -130 0.088648
-120 -125 0.053706
-120 -120 0.027032
-120 -115 0.017290
-120 -110 0.015794
-120 -105 0.022400
-120 -100 0.025894
-120 -95 0.023431
-120 -90 0.018139
-120 -85 0.020038
-120 -80 0.028723
-120 -75 0.047972
-120 -70 0.078903
-120 -65 0.111988
-120 -60 0.149166
-120 -55 0.193330
-120 -50 0.247897
-120 -45 0.310675
-120 -40 0.382785
-120 -35 0.457435
-120 -30 0.528482
-120 -25 0.590272
-120 -20 0.646835
-120 -15 0.705727
-120 -10 0.805210
-120 -5 0.970218
-120 0 1.210547
-120 5 1.509683
-120 10 1.783520
-120 15 1.942473
-120 20 1.913275
-120 25 1.703890
-120 30 1.373897
-120 35 1.025310
-120 40 0.759498
-120 45 0.601615
-120 50 0.526265
-120 55 0.515467
-120 60 0.522520
-120 65 0.529593
-120 70 0.511733
-120 75 0.489218
-120 80 0.469213
-120 85 0.471388
-120 90 0.511173
-120 95 0.569880
-120 100 0.644460
-120 105 0.722405
-120 110 0.799628
-120 115 0.887452
-120 120 1.007027
-120 125 1.179877
-120 130 1.390780
-120 135 1.617427
-120 140 1.833180
-120 145 1.966773
-120 150 1.982405
-120 155 1.873583
-120 160 1.658052
-120 165 1.359365
-120 170 1.011012
-120 175 0.670010
-115 -180 0.372262
-115 -175 0.179182
-115 -170 0.070052
-115 -165 0.031142
-115 -160 0.033583
-115 -155 0.062952
-115 -150 0.098586
-115 -145 0.125559
-115 -140 0.131554
-115 -135 0.114517
-115 -130 0.083341
-115 -125 0.050945
-115 -120 0.028856
-115 -115 0.023962
-115 -110 0.026638
-115 -105 0.035369
-115 -100 0.038939
-115 -95 0.034312
-115 -90 0.024847
-115 -85 0.022506
-115 -80 0.027322
-115 -75 0.043393
-115 -70 0.074956
-115 -65 0.111224
-115 -60 0.155937
-115 -55 0.213196
-115 -50 0.283500
-115 -45 0.367460
-115 -40 0.464668
-115 -35 0.567250
-115 -30 0.664745
-115 -25 0.748760
-115 -20 0.828060
-115 -15 0.917408
-115 -10 1.075338
-115 -5 1.335670
-115 0 1.691182
-115 5 2.097002
-115 10 2.429512
-115 15 2.569825
-115 20 2.451248
-115 25 2.115397
-115 30 1.655090
-115 35 1.191280
-115 40 0.836772
-115 45 0.614932
-115 50 0.491375
-115 55 0.444097
-115 60 0.424985
-115 65 0.413925
-115 70 0.386958
-115 75 0.372482
-115 80 0.374100
-115 85 0.410610
-115 90 0.490992
-115 95 0.584570
-115 100 0.685028
-115 105 0.778672
-115 110 0.865085
-115 115 0.952350
-115 120 1.057390
-115 125 1.205052
-115 130 1.381988
-115 135 1.577450
-115 140 1.776162
-115 145 1.896888
-115 150 1.903267
-115 155 1.788053
-115 160 1.574632
-115 165 1.284730
-115 170 0.953143
-115 175 0.635768
-110 -180 0.365180
-110 -175 0.179267
-110 -170 0.074990
-110 -165 0.034936
-110 -160 0.031781
-110 -155 0.052528
-110 -150 0.080975
-110 -145 0.101093
-110 -140 0.103368
-110 -135 0.088251
-110 -130 0.064171
-110 -125 0.041291
-110 -120 0.028737
-110 -115 0.029907
-110 -110 0.035931
-110 -105 0.044456
-110 -100 0.046929
-110 -95 0.040861
-110 -90 0.029589
-110 -85 0.024701
-110 -80 0.026804
-110 -75 0.039376
-110 -70 0.069302
-110 -65 0.108582
-110 -60 0.160397
-110 -55 0.229546
-110 -50 0.312340
-110 -45 0.412465
-110 -40 0.526425
-110 -35 0.649370
-110 -30 0.772628
-110 -25 0.887602
-110 -20 1.009120
-110 -15 1.158377
-110 -10 1.401880
-110 -5 1.767012
-110 0 2.217798
-110 5 2.679925
-110 10 3.000850
-110 15 3.054475
-110 20 2.804600
-110 25 2.333220
-110 30 1.764312
-110 35 1.223498
-110 40 0.819937
-110 45 0.569185
-110 50 0.427513
-110 55 0.368212
-110 60 0.344527
-110 65 0.331870
-110 70 0.306460
-110 75 0.299982
-110 80 0.315995
-110 85 0.375292
-110 90 0.486008
-110 95 0.612095
-110 100 0.743205
-110 105 0.859865
-110 110 0.957467
-110 115 1.041680
-110 120 1.125393
-110 125 1.231830
-110 130 1.357505
-110 135 1.507215
-110 140 1.682510
-110 145 1.801557
-110 150 1.826735
-110 155 1.738385
-110 160 1.544330
-110 165 1.259092
-110 170 0.930035
-110 175 0.619080
-105 -180 0.366090
-105 -175 0.182030
-105 -170 0.079546
-105 -165 0.036770
-105 -160 0.026040
-105 -155 0.034861
-105 -150 0.053029
-105 -145 0.065063
-105 -140 0.065077
-105 -135 0.055419
-105 -130 0.042327
-105 -125 0.032073
-105 -120 0.030335
-105 -115 0.036516
-105 -110 0.043148
-105 -105 0.048103
-105 -100 0.047699
-105 -95 0.040979
-105 -90 0.030971
-105 -85 0.026462
-105 -80 0.027817
-105 -75 0.036655
-105 -70 0.061455
-105 -65 0.100330
-105 -60 0.154422
-105 -55 0.229525
-105 -50 0.319317
-105 -45 0.430470
-105 -40 0.557805
-105 -35 0.702277
-105 -30 0.858365
-105 -25 1.019710
-105 -20 1.205097
-105 -15 1.437745
-105 -10 1.776950
-105 -5 2.227933
-105 0 2.718700
-105 5 3.150725
-105 10 3.367950
-105 15 3.272225
-105 20 2.874725
-105 25 2.292910
-105 30 1.667705
-105 35 1.110065
-105 40 0.709755
-105 45 0.471905
-105 50 0.347102
-105 55 0.307175
-105 60 0.306375
-105 65 0.314892
-105 70 0.306400
-105 75 0.307545
-105 80 0.327245
-105 85 0.391630
-105 90 0.515000
-105 95 0.665493
-105 100 0.826153
-105 105 0.970315
-105 110 1.083495
-105 115 1.171530
-105 120 1.243863
-105 125 1.315435
-105 130 1.390288
-105 135 1.483025
-105 140 1.614037
-105 145 1.719185
-105 150 1.764012
-105 155 1.714768
-105 160 1.551125
-105 165 1.273390
-105 170 0.939928
-105 175 0.622207
-100 -180 0.383530
-100 -175 0.192557
-100 -170 0.084744
-100 -165 0.037072
-100 -160 0.019565
-100 -155 0.018282
-100 -150 0.027397
-100 -145 0.032940
-100 -140 0.032065
-100 -135 0.028287
-100 -130 0.025400
-100 -125 0.026259
-100 -120 0.033131
-100 -115 0.042188
-100 -110 0.047119
-100 -105 0.046777
-100 -100 0.043072
-100 -95 0.036868
-100 -90 0.030727
-100 -85 0.029492
-100 -80 0.032561
-100 -75 0.039074
-100 -70 0.058039
-100 -65 0.093667
-100 -60 0.144574
-100 -55 0.216561
-100 -50 0.304210
-100 -45 0.420857
-100 -40 0.561987
-100 -35 0.736112
-100 -30 0.939720
-100 -25 1.165330
-100 -20 1.429633
-100 -15 1.749223
-100 -10 2.165083
-100 -5 2.650925
-100 0 3.101250
-100 5 3.411625
-100 10 3.451750
-100 15 3.180050
-100 20 2.657575
-100 25 2.020630
-100 30 1.406870
-100 35 0.895258
-100 40 0.545403
-100 45 0.351867
-100 50 0.264425
-100 55 0.259148
-100 60 0.293880
-100 65 0.337175
-100 70 0.359048
-100 75 0.374333
-100 80 0.396832
-100 85 0.456298
-100 90 0.576302
-100 95 0.736218
-100 100 0.912952
-100 105 1.076075
-100 110 1.202575
-100 115 1.302582
-100 120 1.381385
-100 125 1.443197
-100 130 1.490180
-100 135 1.537593
-100 140 1.617012
-100 145 1.698562
-100 150 1.755167
-100 155 1.741537
-100 160 1.606855
-100 165 1.337372
-100 170 0.993683
-100 175 0.657068
-95 -180 0.395763
-95 -175 0.198744
-95 -170 0.085227
-95 -165 0.034333
-95 -160 0.013665
-95 -155 0.006785
-95 -150 0.009843
-95 -145 0.011304
-95 -140 0.010318
-95 -135 0.010755
-95 -130 0.014499
-95 -125 0.022135
-95 -120 0.033483
-95 -115 0.043139
-95 -110 0.045756
-95 -105 0.041328
-95 -100 0.036165
-95 -95 0.032085
-95 -90 0.031281
-95 -85 0.035393
-95 -80 0.042598
-95 -75 0.049804
-95 -70 0.065909
-95 -65 0.098659
-95 -60 0.144089
-95 -55 0.207297
-95 -50 0.286335
-95 -45 0.404100
-95 -40 0.559682
-95 -35 0.769753
-95 -30 1.031668
-95 -25 1.330275
-95 -20 1.672513
-95 -15 2.056547
-95 -10 2.498362
-95 -5 2.945700
-95 0 3.274350
-95 5 3.396625
-95 10 3.232575
-95 15 2.806175
-95 20 2.215568
-95 25 1.592160
-95 30 1.053075
-95 35 0.636745
-95 40 0.368905
-95 45 0.238201
-95 50 0.198647
-95 55 0.232932
-95 60 0.304418
-95 65 0.382055
-95 70 0.433458
-95 75 0.460718
-95 80 0.481013
-95 85 0.526303
-95 90 0.627785
-95 95 0.778875
-95 100 0.952510
-95 105 1.121110
-95 110 1.260460
-95 115 1.386467
-95 120 1.498533
-95 125 1.591707
-95 130 1.653930
-95 135 1.690985
-95 140 1.731577
-95 145 1.782593
-95 150 1.825453
-95 155 1.812098
-95 160 1.676685
-95 165 1.402527
-95 170 1.043737
-95 175 0.687817
-90 -180 0.404370
-90 -175 0.200842
-90 -170 0.081754
-90 -165 0.029078
-90 -160 0.008471
-90 -155 0.000567
-90 -150 0.000805
-90 -145 0.000894
-90 -140 0.000777
-90 -135 0.003461
-90 -130 0.009441
-90 -125 0.018356
-90 -120 0.029318
-90 -115 0.037425
-90 -110 0.038525
-90 -105 0.033426
-90 -100 0.029840
-90 -95 0.029021
-90 -90 0.032662
-90 -85 0.040694
-90 -80 0.050922
-90 -75 0.059792
-90 -70 0.076014
-90 -65 0.107928
-90 -60 0.151418
-90 -55 0.210160
-90 -50 0.286552
-90 -45 0.413910
-90 -40 0.593797
-90 -35 0.847800
-90 -30 1.168915
-90 -25 1.527553
-90 -20 1.915025
-90 -15 2.305565
-90 -10 2.694325
-90 -5 3.021325
-90 0 3.167025
-90 5 3.081500
-90 10 2.742325
-90 15 2.226783
-90 20 1.646588
-90 25 1.105125
-90 30 0.686425
-90 35 0.391122
-90 40 0.214802
-90 45 0.146726
-90 50 0.148481
-90 55 0.210541
-90 60 0.304055
-90 65 0.401045
-90 70 0.471192
-90 75 0.507445
-90 80 0.526790
-90 85 0.559070
-90 90 0.638492
-90 95 0.769578
-90 100 0.926205
-90 105 1.087503
-90 110 1.238482
-90 115 1.400488
-90 120 1.568987
-90 125 1.733437
-90 130 1.862450
-90 135 1.938600
-90 140 1.972120
-90 145 1.991895
-90 150 1.991378
-90 155 1.932910
-90 160 1.759888
-90 165 1.463775
-90 170 1.086307
-90 175 0.712845
-85 -180 0.404570
-85 -175 0.197698
-85 -170 0.076354
-85 -165 0.023530
-85 -160 0.005499
-85 -155 0.000000
-85 -150 0.000000
-85 -145 0.000000
-85 -140 0.000000
-85 -135 0.002093
-85 -130 0.006536
-85 -125 0.013015
-85 -120 0.020597
-85 -115 0.026693
-85 -110 0.027876
-85 -105 0.025366
-85 -100 0.025566
-85 -95 0.028023
-85 -90 0.033536
-85 -85 0.042635
-85 -80 0.053704
-85 -75 0.065216
-85 -70 0.085678
-85 -65 0.122718
-85 -60 0.174813
-85 -55 0.245381
-85 -50 0.339665
-85 -45 0.498993
-85 -40 0.722520
-85 -35 1.030957
-85 -30 1.409398
-85 -25 1.804810
-85 -20 2.188048
-85 -15 2.510775
-85 -10 2.759750
-85 -5 2.893150
-85 0 2.825250
-85 5 2.557925
-85 10 2.113940
-85 15 1.592148
-85 20 1.093228
-85 25 0.676658
-85 30 0.390317
-85 35 0.209533
-85 40 0.111289
-85 45 0.089196
-85 50 0.113883
-85 55 0.181726
-85 60 0.273253
-85 65 0.366315
-85 70 0.437370
-85 75 0.476410
-85 80 0.496867
-85 85 0.521562
-85 90 0.582550
-85 95 0.690853
-85 100 0.827568
-85 105 0.980405
-85 110 1.150983
-85 115 1.363517
-85 120 1.611760
-85 125 1.883107
-85 130 2.125745
-85 135 2.289353
-85 140 2.353193
-85 145 2.344965
-85 150 2.271702
-85 155 2.117585
-85 160 1.860580
-85 165 1.514100
-85 170 1.109385
-85 175 0.721875
-80 -180 0.376978
-80 -175 0.180424
-80 -170 0.066810
-80 -165 0.017494
-80 -160 0.002985
-80 -155 0.000000
-80 -150 0.000000
-80 -145 0.000000
-80 -140 0.000000
-80 -135 0.001173
-80 -130 0.003663
-80 -125 0.007294
-80 -120 0.011787
-80 -115 0.017042
-80 -110 0.020306
-80 -105 0.022669
-80 -100 0.027213
-80 -95 0.031330
-80 -90 0.034919
-80 -85 0.040933
-80 -80 0.049440
-80 -75 0.062844
-80 -70 0.089266
-80 -65 0.137080
-80 -60 0.212005
-80 -55 0.319802
-80 -50 0.468325
-80 -45 0.698715
-80 -40 0.996358
-80 -35 1.367012
-80 -30 1.780558
-80 -25 2.161452
-80 -20 2.465665
-80 -15 2.638950
-80 -10 2.680425
-80 -5 2.586150
-80 0 2.321295
-80 5 1.936548
-80 10 1.475523
-80 15 1.022938
-80 20 0.648842
-80 25 0.367278
-80 30 0.196203
-80 35 0.101135
-80 40 0.054303
-80 45 0.055492
-80 50 0.083723
-80 55 0.138824
-80 60 0.210434
-80 65 0.282665
-80 70 0.340578
-80 75 0.376260
-80 80 0.399133
-80 85 0.422275
-80 90 0.473065
-80 95 0.563215
-80 100 0.684725
-80 105 0.831900
-80 110 1.025515
-80 115 1.292712
-80 120 1.628838
-80 125 2.019508
-80 130 2.396420
-80 135 2.668950
-80 140 2.779575
-80 145 2.735925
-80 150 2.563125
-80 155 2.276755
-80 160 1.905877
-80 165 1.493923
-80 170 1.067105
-80 175 0.682020
-75 -180 0.316062
-75 -175 0.147807
-75 -170 0.052977
-75 -165 0.011799
-75 -160 0.001277
-75 -155 0.000000
-75 -150 0.000000
-75 -145 0.000000
-75 -140 0.000000
-75 -135 0.000517
-75 -130 0.001615
-75 -125 0.003216
-75 -120 0.005603
-75 -115 0.010988
-75 -110 0.016769
-75 -105 0.023939
-75 -100 0.032113
-75 -95 0.036767
-75 -90 0.036772
-75 -85 0.037309
-75 -80 0.040688
-75 -75 0.054033
-75 -70 0.086758
-75 -65 0.152172
-75 -60 0.268875
-75 -55 0.445055
-75 -50 0.687613
-75 -45 1.024020
-75 -40 1.414303
-75 -35 1.836460
-75 -30 2.246755
-75 -25 2.557225
-75 -20 2.721225
-75 -15 2.696625
-75 -10 2.511550
-75 -5 2.203558
-75 0 1.790775
-75 5 1.355045
-75 10 0.937607
-75 15 0.585455
-75 20 0.334430
-75 25 0.164588
-75 30 0.075240
-75 35 0.034874
-75 40 0.019529
-75 45 0.030481
-75 50 0.053924
-75 55 0.090122
-75 60 0.135701
-75 65 0.181187
-75 70 0.219825
-75 75 0.247455
-75 80 0.270165
-75 85 0.292870
-75 90 0.337925
-75 95 0.416428
-75 100 0.532417
-75 105 0.686893
-75 110 0.914822
-75 115 1.242375
-75 120 1.667353
-75 125 2.167590
-75 130 2.661875
-75 135 3.023475
-75 140 3.162150
-75 145 3.061825
-75 150 2.766975
-75 155 2.332485
-75 160 1.843190
-75 165 1.370283
-75 170 0.940055
-75 175 0.582793
-70 -180 0.233374
-70 -175 0.106961
-70 -170 0.037331
-70 -165 0.007035
-70 -160 0.000388
-70 -155 0.000000
-70 -150 0.000000
-70 -145 0.000000
-70 -140 0.000000
-70 -135 0.000053
-70 -130 0.000166
-70 -125 0.000330
-70 -120 0.001247
-70 -115 0.006866
-70 -110 0.014631
-70 -105 0.025463
-70 -100 0.036289
-70 -95 0.041167
-70 -90 0.038161
-70 -85 0.033347
-70 -80 0.031161
-70 -75 0.042959
-70 -70 0.080776
-70 -65 0.167429
-70 -60 0.337605
-70 -55 0.602975
-70 -50 0.965905
-70 -45 1.429530
-70 -40 1.918210
-70 -35 2.371635
-70 -30 2.734200
-70 -25 2.920225
-70 -20 2.897225
-70 -15 2.655225
-70 -10 2.261762
-70 -5 1.789962
-70 0 1.295728
-70 5 0.869993
-70 10 0.535057
-70 15 0.293490
-70 20 0.150839
-70 25 0.065742
-70 30 0.027047
-70 35 0.012753
-70 40 0.008204
-70 45 0.016103
-70 50 0.028991
-70 55 0.047073
-70 60 0.070205
-70 65 0.093012
-70 70 0.113652
-70 75 0.131164
-70 80 0.150030
-70 85 0.170228
-70 90 0.210086
-70 95 0.279842
-70 100 0.393060
-70 105 0.559063
-70 110 0.821692
-70 115 1.206503
-70 120 1.709945
-70 125 2.295450
-70 130 2.866025
-70 135 3.265475
-70 140 3.384175
-70 145 3.197875
-70 150 2.775050
-70 155 2.212178
-70 160 1.638147
-70 165 1.140985
-70 170 0.741587
-70 175 0.440583
-65 -180 0.149060
-65 -175 0.067021
-65 -170 0.022751
-65 -165 0.003638
-65 -160 0.000091
-65 -155 0.000000
-65 -150 0.000000
-65 -145 0.000000
-65 -140 0.000000
-65 -135 0.000000
-65 -130 0.000000
-65 -125 0.000000
-65 -120 0.000758
-65 -115 0.006476
-65 -110 0.014571
-65 -105 0.025861
-65 -100 0.036339
-65 -95 0.040181
-65 -90 0.035225
-65 -85 0.027102
-65 -80 0.021153
-65 -75 0.031665
-65 -70 0.073569
-65 -65 0.179651
-65 -60 0.399893
-65 -55 0.747445
-65 -50 1.216468
-65 -45 1.781370
-65 -40 2.331282
-65 -35 2.769525
-65 -30 3.035375
-65 -25 3.064725
-65 -20 2.853575
-65 -15 2.433603
-65 -10 1.909677
-65 -5 1.371803
-65 0 0.884152
-65 5 0.520965
-65 10 0.279590
-65 15 0.129016
-65 20 0.057508
-65 25 0.021197
-65 30 0.007367
-65 35 0.003675
-65 40 0.002888
-65 45 0.006877
-65 50 0.012145
-65 55 0.018891
-65 60 0.027912
-65 65 0.036936
-65 70 0.045995
-65 75 0.055237
-65 80 0.068112
-65 85 0.082783
-65 90 0.114302
-65 95 0.174655
-65 100 0.281287
-65 105 0.452955
-65 110 0.736055
-65 115 1.155882
-65 120 1.702962
-65 125 2.324883
-65 130 2.910100
-65 135 3.286950
-65 140 3.344400
-65 145 3.070675
-65 150 2.555300
-65 155 1.925955
-65 160 1.330852
-65 165 0.859287
-65 170 0.520430
-65 175 0.290750
-60 -180 0.079183
-60 -175 0.034767
-60 -170 0.011461
-60 -165 0.001554
-60 -160 0.000043
-60 -155 0.000000
-60 -150 0.000000
-60 -145 0.000000
-60 -140 0.000000
-60 -135 0.000000
-60 -130 0.000000
-60 -125 0.000000
-60 -120 0.000623
-60 -115 0.005320
-60 -110 0.011970
-60 -105 0.021209
-60 -100 0.029552
-60 -95 0.032333
-60 -90 0.027741
-60 -85 0.019868
-60 -80 0.013489
-60 -75 0.024084
-60 -70 0.068525
-60 -65 0.185203
-60 -60 0.433253
-60 -55 0.822845
-60 -50 1.336958
-60 -45 1.925827
-60 -40 2.456363
-60 -35 2.813775
-60 -30 2.947525
-60 -25 2.830200
-60 -20 2.491200
-60 -15 1.992775
-60 -10 1.455325
-60 -5 0.960210
-60 0 0.555067
-60 5 0.286985
-60 10 0.134690
-60 15 0.051429
-60 20 0.020910
-60 25 0.007821
-60 30 0.002972
-60 35 0.001191
-60 40 0.000403
-60 45 0.001004
-60 50 0.001748
-60 55 0.002563
-60 60 0.004333
-60 65 0.006479
-60 70 0.009435
-60 75 0.013713
-60 80 0.021593
-60 85 0.031255
-60 90 0.053382
-60 95 0.101195
-60 100 0.191602
-60 105 0.351392
-60 110 0.623233
-60 115 1.032572
-60 120 1.562447
-60 125 2.150228
-60 130 2.680625
-60 135 2.989800
-60 140 2.980350
-60 145 2.661850
-60 150 2.132538
-60 155 1.528648
-60 160 0.986915
-60 165 0.585803
-60 170 0.323675
-60 175 0.164355
-55 -180 0.032664
-55 -175 0.013513
-55 -170 0.003990
-55 -165 0.000256
-55 -160 0.000009
-55 -155 0.000000
-55 -150 0.000000
-55 -145 0.000000
-55 -140 0.000000
-55 -135 0.000000
-55 -130 0.000000
-55 -125 0.000000
-55 -120 0.000403
-55 -115 0.003445
-55 -110 0.007751
-55 -105 0.013734
-55 -100 0.019136
-55 -95 0.020937
-55 -90 0.017963
-55 -85 0.012511
-55 -80 0.007885
-55 -75 0.018855
-55 -70 0.062144
-55 -65 0.174773
-55 -60 0.415113
-55 -55 0.787235
-55 -50 1.264065
-55 -45 1.782778
-55 -40 2.211900
-55 -35 2.444020
-55 -30 2.449645
-55 -25 2.241448
-55 -20 1.872885
-55 -15 1.413090
-55 -10 0.968598
-55 -5 0.594685
-55 0 0.312045
-55 5 0.141342
-55 10 0.056578
-55 15 0.015326
-55 20 0.004469
-55 25 0.001322
-55 30 0.000484
-55 35 0.000173
-55 40 0.000003
-55 45 0.000000
-55 50 0.000000
-55 55 0.000000
-55 60 0.000351
-55 65 0.000873
-55 70 0.001647
-55 75 0.002750
-55 80 0.005248
-55 85 0.008519
-55 90 0.019623
-55 95 0.053066
-55 100 0.121942
-55 105 0.256148
-55 110 0.488680
-55 115 0.841048
-55 120 1.291497
-55 125 1.776720
-55 130 2.194253
-55 135 2.409710
-55 140 2.350367
-55 145 2.044328
-55 150 1.582088
-55 155 1.085120
-55 160 0.657857
-55 165 0.358063
-55 170 0.177119
-55 175 0.077446
-50 -180 0.011690
-50 -175 0.004447
-50 -170 0.001139
-50 -165 0.000000
-50 -160 0.000000
-50 -155 0.000000
-50 -150 0.000000
-50 -145 0.000000
-50 -140 0.000000
-50 -135 0.000000
-50 -130 0.000000
-50 -125 0.000000
-50 -120 0.000206
-50 -115 0.001756
-50 -110 0.003950
-50 -105 0.007000
-50 -100 0.009753
-50 -95 0.010671
-50 -90 0.009155
-50 -85 0.006152
-50 -80 0.003483
-50 -75 0.014761
-50 -70 0.053392
-50 -65 0.148920
-50 -60 0.348415
-50 -55 0.648755
-50 -50 1.018607
-50 -45 1.399368
-50 -40 1.684648
-50 -35 1.794437
-50 -30 1.719030
-50 -25 1.496445
-50 -20 1.184345
-50 -15 0.839865
-50 -10 0.538830
-50 -5 0.308180
-50 0 0.146501
-50 5 0.057738
-50 10 0.019609
-50 15 0.003095
-50 20 0.000208
-50 25 0.000000
-50 30 0.000000
-50 35 0.000000
-50 40 0.000000
-50 45 0.000000
-50 50 0.000000
-50 55 0.000000
-50 60 0.000000
-50 65 0.000000
-50 70 0.000000
-50 75 0.000059
-50 80 0.000815
-50 85 0.002039
-50 90 0.007256
-50 95 0.030614
-50 100 0.079462
-50 105 0.180509
-50 110 0.354982
-50 115 0.616618
-50 120 0.944087
-50 125 1.283830
-50 130 1.560975
-50 135 1.683080
-50 140 1.604205
-50 145 1.360370
-50 150 1.021238
-50 155 0.676740
-50 160 0.391558
-50 165 0.199384
-50 170 0.090394
-50 175 0.033841
-45 -180 0.003414
-45 -175 0.000954
-45 -170 0.000202
-45 -165 0.000000
-45 -160 0.000000
-45 -155 0.000000
-45 -150 0.000000
-45 -145 0.000000
-45 -140 0.000000
-45 -135 0.000000
-45 -130 0.000000
-45 -125 0.000000
-45 -120 0.000071
-45 -115 0.000603
-45 -110 0.001356
-45 -105 0.002402
-45 -100 0.003347
-45 -95 0.003662
-45 -90 0.003142
-45 -85 0.002111
-45 -80 0.001239
-45 -75 0.012750
-45 -70 0.044735
-45 -65 0.116934
-45 -60 0.258860
-45 -55 0.462338
-45 -50 0.698773
-45 -45 0.925832
-45 -40 1.075302
-45 -35 1.100687
-45 -30 1.004670
-45 -25 0.829025
-45 -20 0.618510
-45 -15 0.409240
-45 -10 0.243727
-45 -5 0.129499
-45 0 0.055489
-45 5 0.018949
-45 10 0.005872
-45 15 0.000582
-45 20 0.000061
-45 25 0.000000
-45 30 0.000000
-45 35 0.000000
-45 40 0.000000
-45 45 0.000000
-45 50 0.000000
-45 55 0.000000
-45 60 0.000000
-45 65 0.000000
-45 70 0.000000
-45 75 0.000000
-45 80 0.000000
-45 85 0.000000
-45 90 0.001373
-45 95 0.017038
-45 100 0.049495
-45 105 0.118696
-45 110 0.235310
-45 115 0.403772
-45 120 0.605947
-45 125 0.805112
-45 130 0.956488
-45 135 1.008520
-45 140 0.937798
-45 145 0.777675
-45 150 0.570895
-45 155 0.371020
-45 160 0.209921
-45 165 0.103385
-45 170 0.044597
-45 175 0.014462
-40 -180 0.000893
-40 -175 0.000000
-40 -170 0.000000
-40 -165 0.000000
-40 -160 0.000000
-40 -155 0.000000
-40 -150 0.000000
-40 -145 0.000000
-40 -140 0.000000
-40 -135 0.000000
-40 -130 0.000000
-40 -125 0.000000
-40 -120 0.000000
-40 -115 0.000000
-40 -110 0.000000
-40 -105 0.000000
-40 -100 0.000000
-40 -95 0.000000
-40 -90 0.000000
-40 -85 0.000000
-40 -80 0.000049
-40 -75 0.010431
-40 -70 0.034001
-40 -65 0.081739
-40 -60 0.167568
-40 -55 0.281238
-40 -50 0.401920
-40 -45 0.505570
-40 -40 0.558872
-40 -35 0.542353
-40 -30 0.462137
-40 -25 0.352545
-40 -20 0.239543
-40 -15 0.140521
-40 -10 0.072831
-40 -5 0.033576
-40 0 0.011395
-40 5 0.002474
-40 10 0.000522
-40 15 0.000011
-40 20 0.000000
-40 25 0.000000
-40 30 0.000000
-40 35 0.000000
-40 40 0.000000
-40 45 0.000000
-40 50 0.000000
-40 55 0.000000
-40 60 0.000000
-40 65 0.000000
-40 70 0.000000
-40 75 0.000000
-40 80 0.000000
-40 85 0.000000
-40 90 0.000224
-40 95 0.010911
-40 100 0.031478
-40 105 0.073471
-40 110 0.140724
-40 115 0.230786
-40 120 0.331703
-40 125 0.423005
-40 130 0.485162
-40 135 0.496397
-40 140 0.446932
-40 145 0.360402
-40 150 0.257795
-40 155 0.164291
-40 160 0.092026
-40 165 0.044838
-40 170 0.019532
-40 175 0.006070
-35 -180 0.000453
-35 -175 0.000000
-35 -170 0.000000
-35 -165 0.000000
-35 -160 0.000000
-35 -155 0.000000
-35 -150 0.000000
-35 -145 0.000000
-35 -140 0.000000
-35 -135 0.000000
-35 -130 0.000000
-35 -125 0.000000
-35 -120 0.000000
-35 -115 0.000000
-35 -110 0.000000
-35 -105 0.000000
-35 -100 0.000000
-35 -95 0.000000
-35 -90 0.000000
-35 -85 0.000000
-35 -80 0.000000
-35 -75 0.007534
-35 -70 0.022748
-35 -65 0.050528
-35 -60 0.094511
-35 -55 0.145461
-35 -50 0.190453
-35 -45 0.219531
-35 -40 0.223049
-35 -35 0.198368
-35 -30 0.151341
-35 -25 0.102128
-35 -20 0.060138
-35 -15 0.029184
-35 -10 0.012319
-35 -5 0.005092
-35 0 0.001442
-35 5 0.000167
-35 10 0.000000
-35 15 0.000000
-35 20 0.000000
-35 25 0.000000
-35 30 0.000000
-35 35 0.000000
-35 40 0.000000
-35 45 0.000000
-35 50 0.000000
-35 55 0.000000
-35 60 0.000000
-35 65 0.000000
-35 70 0.000000
-35 75 0.000000
-35 80 0.000000
-35 85 0.000000
-35 90 0.000078
-35 95 0.007414
-35 100 0.020629
-35 105 0.045276
-35 110 0.081443
-35 115 0.122697
-35 120 0.162145
-35 125 0.190427
-35 130 0.203103
-35 135 0.195786
-35 140 0.166627
-35 145 0.129200
-35 150 0.089773
-35 155 0.056391
-35 160 0.032397
-35 165 0.016292
-35 170 0.007805
-35 175 0.002753
-30 -180 0.000160
-30 -175 0.000000
-30 -170 0.000000
-30 -165 0.000000
-30 -160 0.000000
-30 -155 0.000000
-30 -150 0.000000
-30 -145 0.000000
-30 -140 0.000000
-30 -135 0.000000
-30 -130 0.000000
-30 -125 0.000000
-30 -120 0.000000
-30 -115 0.000000
-30 -110 0.000000
-30 -105 0.000000
-30 -100 0.000000
-30 -95 0.000000
-30 -90 0.000000
-30 -85 0.000000
-30 -80 0.000000
-30 -75 0.004745
-30 -70 0.012966
-30 -65 0.026579
-30 -60 0.044579
-30 -55 0.061552
-30 -50 0.071895
-30 -45 0.074146
-30 -40 0.068711
-30 -35 0.056961
-30 -30 0.039866
-30 -25 0.024953
-30 -20 0.012990
-30 -15 0.005004
-30 -10 0.001248
-30 -5 0.000289
-30 0 0.000021
-30 5 0.000000
-30 10 0.000000
-30 15 0.000000
-30 20 0.000000
-30 25 0.000000
-30 30 0.000000
-30 35 0.000000
-30 40 0.000000
-30 45 0.000000
-30 50 0.000000
-30 55 0.000000
-30 60 0.000000
-30 65 0.000000
-30 70 0.000000
-30 75 0.000000
-30 80 0.000000
-30 85 0.000000
-30 90 0.000047
-30 95 0.004307
-30 100 0.011409
-30 105 0.023350
-30 110 0.039732
-30 115 0.055366
-30 120 0.066834
-30 125 0.071452
-30 130 0.069207
-30 135 0.060552
-30 140 0.045760
-30 145 0.031956
-30 150 0.020151
-30 155 0.011555
-30 160 0.006818
-30 165 0.003751
-30 170 0.002117
-30 175 0.000910
-25 -180 0.000000
-25 -175 0.000000
-25 -170 0.000000
-25 -165 0.000000
-25 -160 0.000000
-25 -155 0.000000
-25 -150 0.000000
-25 -145 0.000000
-25 -140 0.000000
-25 -135 0.000000
-25 -130 0.000000
-25 -125 0.000000
-25 -120 0.000000
-25 -115 0.000000
-25 -110 0.000000
-25 -105 0.000000
-25 -100 0.000000
-25 -95 0.000000
-25 -90 0.000000
-25 -85 0.000000
-25 -80 0.000000
-25 -75 0.002431
-25 -70 0.006252
-25 -65 0.012113
-25 -60 0.018487
-25 -55 0.022419
-25 -50 0.021979
-25 -45 0.017874
-25 -40 0.012584
-25 -35 0.008046
-25 -30 0.004023
-25 -25 0.002330
-25 -20 0.001174
-25 -15 0.000444
-25 -10 0.000110
-25 -5 0.000000
-25 0 0.000000
-25 5 0.000000
-25 10 0.000000
-25 15 0.000000
-25 20 0.000000
-25 25 0.000000
-25 30 0.000000
-25 35 0.000000
-25 40 0.000000
-25 45 0.000000
-25 50 0.000000
-25 55 0.000000
-25 60 0.000000
-25 65 0.000000
-25 70 0.000000
-25 75 0.000000
-25 80 0.000000
-25 85 0.000000
-25 90 0.000022
-25 95 0.002105
-25 100 0.005535
-25 105 0.010720
-25 110 0.017540
-25 115 0.022761
-25 120 0.024962
-25 125 0.023859
-25 130 0.020360
-25 135 0.015473
-25 140 0.009608
-25 145 0.005483
-25 150 0.002640
-25 155 0.000631
-25 160 0.000167
-25 165 0.000000
-25 170 0.000000
-25 175 0.000000
-20 -180 0.000000
-20 -175 0.000000
-20 -170 0.000000
-20 -165 0.000000
-20 -160 0.000000
-20 -155 0.000000
-20 -150 0.000000
-20 -145 0.000000
-20 -140 0.000000
-20 -135 0.000000
-20 -130 0.000000
-20 -125 0.000000
-20 -120 0.000000
-20 -115 0.000000
-20 -110 0.000000
-20 -105 0.000000
-20 -100 0.000000
-20 -95 0.000000
-20 -90 0.000000
-20 -85 0.000000
-20 -80 0.000000
-20 -75 0.000854
-20 -70 0.002141
-20 -65 0.004049
-20 -60 0.005984
-20 -55 0.006914
-20 -50 0.006254
-20 -45 0.004432
-20 -40 0.002464
-20 -35 0.001077
-20 -30 0.000093
-20 -25 0.000000
-20 -20 0.000000
-20 -15 0.000000
-20 -10 0.000000
-20 -5 0.000000
-20 0 0.000000
-20 5 0.000000
-20 10 0.000000
-20 15 0.000000
-20 20 0.000000
-20 25 0.000000
-20 30 0.000000
-20 35 0.000000
-20 40 0.000000
-20 45 0.000000
-20 50 0.000000
-20 55 0.000000
-20 60 0.000000
-20 65 0.000000
-20 70 0.000000
-20 75 0.000000
-20 80 0.000000
-20 85 0.000000
-20 90 0.000005
-20 95 0.000584
-20 100 0.001565
-20 105 0.003035
-20 110 0.005047
-20 115 0.006570
-20 120 0.007197
-20 125 0.006803
-20 130 0.005618
-20 135 0.004012
-20 140 0.002234
-20 145 0.001096
-20 150 0.000445
-20 155 0.000000
-20 160 0.000000
-20 165 0.000000
-20 170 0.000000
-20 175 0.000000
-15 -180 0.000000
-15 -175 0.000000
-15 -170 0.000000
-15 -165 0.000000
-15 -160 0.000000
-15 -155 0.000000
-15 -150 0.000000
-15 -145 0.000000
-15 -140 0.000000
-15 -135 0.000000
-15 -130 0.000000
-15 -125 0.000000
-15 -120 0.000000
-15 -115 0.000000
-15 -110 0.000000
-15 -105 0.000000
-15 -100 0.000000
-15 -95 0.000000
-15 -90 0.000000
-15 -85 0.000000
-15 -80 0.000000
-15 -75 0.000000
-15 -70 0.000000
-15 -65 0.000000
-15 -60 0.000000
-15 -55 0.000000
-15 -50 0.000000
-15 -45 0.000000
-15 -40 0.000000
-15 -35 0.000000
-15 -30 0.000000
-15 -25 0.000000
-15 -20 0.000000
-15 -15 0.000000
-15 -10 0.000000
-15 -5 0.000000
-15 0 0.000000
-15 5 0.000000
-15 10 0.000000
-15 15 0.000000
-15 20 0.000000
-15 25 0.000000
-15 30 0.000000
-15 35 0.000000
-15 40 0.000000
-15 45 0.000000
-15 50 0.000000
-15 55 0.000000
-15 60 0.000000
-15 65 0.000000
-15 70 0.000000
-15 75 0.000000
-15 80 0.000000
-15 85 0.000000
-15 90 0.000000
-15 95 0.000000
-15 100 0.000000
-15 105 0.000000
-15 110 0.000000
-15 115 0.000000
-15 120 0.000000
-15 125 0.000000
-15 130 0.000000
-15 135 0.000000
-15 140 0.000000
-15 145 0.000000
-15 150 0.000000
-15 155 0.000000
-15 160 0.000000
-15 165 0.000000
-15 170 0.000000
-15 175 0.000000
-10 -180 0.000000
-10 -175 0.000000
-10 -170 0.000000
-10 -165 0.000000
-10 -160 0.000000
-10 -155 0.000000
-10 -150 0.000000
-10 -145 0.000000
-10 -140 0.000000
-10 -135 0.000000
-10 -130 0.000000
-10 -125 0.000000
-10 -120 0.000000
-10 -115 0.000000
-10 -110 0.000000
-10 -105 0.000000
-10 -100 0.000000
-10 -95 0.000000
-10 -90 0.000000
-10 -85 0.000000
-10 -80 0.000000
-10 -75 0.000000
-10 -70 0.000000
-10 -65 0.000000
-10 -60 0.000000
-10 -55 0.000000
-10 -50 0.000000
-10 -45 0.000000
-10 -40 0.000000
-10 -35 0.000000
-10 -30 0.000000
-10 -25 0.000000
-10 -20 0.000000
-10 -15 0.000000
-10 -10 0.000000
-10 -5 0.000000
-10 0 0.000000
-10 5 0.000000
-10 10 0.000000
-10 15 0.000000
-10 20 0.000000
-10 25 0.000000
-10 30 0.000000
-10 35 0.000000
-10 40 0.000000
-10 45 0.000000
-10 50 0.000000
-10 55 0.000000
-10 60 0.000000
-10 65 0.000000
-10 70 0.000000
-10 75 0.000000
-10 80 0.000000
-10 85 0.000000
-10 90 0.000000
-10 95 0.000000
-10 100 0.000000
-10 105 0.000000
-10 110 0.000000
-10 115 0.000000
-10 120 0.000000
-10 125 0.000000
-10 130 0.000000
-10 135 0.000000
-10 140 0.000000
-10 145 0.000000
-10 150 0.000000
-10 155 0.000000
-10 160 0.000000
-10 165 0.000000
-10 170 0.000000
-10 175 0.000000
-5 -180 0.000000
-5 -175 0.000000
-5 -170 0.000000
-5 -165 0.000000
-5 -160 0.000000
-5 -155 0.000000
-5 -150 0.000000
-5 -145 0.000000
-5 -140 0.000000
-5 -135 0.000000
-5 -130 0.000000
-5 -125 0.000000
-5 -120 0.000000
-5 -115 0.000000
-5 -110 0.000000
-5 -105 0.000000
-5 -100 0.000000
-5 -95 0.000000
-5 -90 0.000000
-5 -85 0.000000
-5 -80 0.000000
-5 -75 0.000000
-5 -70 0.000000
-5 -65 0.000000
-5 -60 0.000000
-5 -55 0.000000
-5 -50 0.000000
-5 -45 0.000000
-5 -40 0.000000
-5 -35 0.000000
-5 -30 0.000000
-5 -25 0.000000
-5 -20 0.000000
-5 -15 0.000000
-5 -10 0.000000
-5 -5 0.000000
-5 0 0.000000
-5 5 0.000000
-5 10 0.000000
-5 15 0.000000
-5 20 0.000000
-5 25 0.000000
-5 30 0.000000
-5 35 0.000000
-5 40 0.000000
-5 45 0.000000
-5 50 0.000000
-5 55 0.000000
-5 60 0.000000
-5 65 0.000000
-5 70 0.000000
-5 75 0.000000
-5 80 0.000000
-5 85 0.000000
-5 90 0.000000
-5 95 0.000000
-5 100 0.000000
-5 105 0.000000
-5 110 0.000000
-5 115 0.000000
-5 120 0.000000
-5 125 0.000000
-5 130 0.000000
-5 135 0.000000
-5 140 0.000000
-5 145 0.000000
-5 150 0.000000
-5 155 0.000000
-5 160 0.000000
-5 165 0.000000
-5 170 0.000000
-5 175 0.000000
0 -180 0.000000
0 -175 0.000000
0 -170 0.000000
0 -165 0.000000
0 -160 0.000000
0 -155 0.000000
0 -150 0.000000
0 -145 0.000000
0 -140 0.000000
0 -135 0.000000
0 -130 0.000000
0 -125 0.000000
0 -120 0.000000
0 -115 0.000000
0 -110 0.000000
0 -105 0.000000
0 -100 0.000000
0 -95 0.000000
0 -90 0.000000
0 -85 0.000000
0 -80 0.000000
0 -75 0.000000
0 -70 0.000000
0 -65 0.000000
0 -60 0.000000
0 -55 0.000000
0 -50 0.000000
0 -45 0.000000
0 -40 0.000000
0 -35 0.000000
0 -30 0.000000
0 -25 0.000000
0 -20 0.000000
0 -15 0.000000
0 -10 0.000000
0 -5 0.000000
0 0 0.000000
0 5 0.000000
0 10 0.000000
0 15 0.000000
0 20 0.000000
0 25 0.000000
0 30 0.000000
0 35 0.000000
0 40 0.000000
0 45 0.000000
0 50 0.000000
0 55 0.000000
0 60 0.000000
0 65 0.000000
0 70 0.000000
0 75 0.000000
0 80 0.000000
0 85 0.000000
0 90 0.000000
0 95 0.000000
0 100 0.000000
0 105 0.000000
0 110 0.000000
0 115 0.000000
0 120 0.000000
0 125 0.000000
0 130 0.000000
0 135 0.000000
0 140 0.000000
0 145 0.000000
0 150 0.000000
0 155 0.000000
0 160 0.000000
0 165 0.000000
0 170 0.000000
0 175 0.000000
5 -180 0.000000
5 -175 0.000000
5 -170 0.000000
5 -165 0.000000
5 -160 0.000000
5 -155 0.000000
5 -150 0.000000
5 -145 0.000000
5 -140 0.000000
5 -135 0.000000
5 -130 0.000000
5 -125 0.000000
5 -120 0.000000
5 -115 0.000000
5 -110 0.000000
5 -105 0.000000
5 -100 0.000000
5 -95 0.000000
5 -90 0.000000
5 -85 0.000000
5 -80 0.000000
5 -75 0.000000
5 -70 0.000000
5 -65 0.000000
5 -60 0.000000
5 -55 0.000000
5 -50 0.000000
5 -45 0.000000
5 -40 0.000000
5 -35 0.000000
5 -30 0.000000
5 -25 0.000000
5 -20 0.000000
5 -15 0.000000
5 -10 0.000000
5 -5 0.000000
5 0 0.000000
5 5 0.000000
5 10 0.000000
5 15 0.000000
5 20 0.000000
5 25 0.000000
5 30 0.000000
5 35 0.000000
5 40 0.000000
5 45 0.000000
5 50 0.000000
5 55 0.000000
5 60 0.000000
5 65 0.000000
5 70 0.000000
5 75 0.000000
5 80 0.000000
5 85 0.000000
5 90 0.000000
5 95 0.000000
5 100 0.000000
5 105 0.000000
5 110 0.000000
5 115 0.000000
5 120 0.000000
5 125 0.000000
5 130 0.000000
5 135 0.000000
5 140 0.000000
5 145 0.000000
5 150 0.000000
5 155 0.000000
5 160 0.000000
5 165 0.000000
5 170 0.000000
5 175 0.000000
10 -180 0.000000
10 -175 0.000000
10 -170 0.000000
10 -165 0.000000
10 -160 0.000000
10 -155 0.000000
10 -150 0.000000
10 -145 0.000000
10 -140 0.000000
10 -135 0.000000
10 -130 0.000000
10 -125 0.000000
10 -120 0.000000
10 -115 0.000000
10 -110 0.000000
10 -105 0.000000
10 -100 0.000000
10 -95 0.000000
10 -90 0.000000
10 -85 0.000000
10 -80 0.000000
10 -75 0.000000
10 -70 0.000000
10 -65 0.000000
10 -60 0.000000
10 -55 0.000000
10 -50 0.000000
10 -45 0.000000
10 -40 0.000000
10 -35 0.000000
10 -30 0.000000
10 -25 0.000000
10 -20 0.000000
10 -15 0.000000
10 -10 0.000000
10 -5 0.000000
10 0 0.000000
10 5 0.000000
10 10 0.000000
10 15 0.000000
10 20 0.000000
10 25 0.000000
10 30 0.000000
10 35 0.000000
10 40 0.000000
10 45 0.000000
10 50 0.000000
10 55 0.000000
10 60 0.000000
10 65 0.000000
10 70 0.000000
10 75 0.000000
10 80 0.000000
10 85 0.000000
10 90 0.000000
10 95 0.000000
10 100 0.000000
10 105 0.000000
10 110 0.000000
10 115 0.000000
10 120 0.000000
10 125 0.000000
10 130 0.000000
10 135 0.000000
10 140 0.000000
10 145 0.000000
10 150 0.000000
10 155 0.000000
10 160 0.000000
10 165 0.000000
10 170 0.000000
10 175 0.000000
15 -180 0.000000
15 -175 0.000000
15 -170 0.000000
15 -165 0.000000
15 -160 0.000000
15 -155 0.000000
15 -150 0.000000
15 -145 0.000000
15 -140 0.000000
15 -135 0.000000
15 -130 0.000000
15 -125 0.000000
15 -120 0.000000
15 -115 0.000000
15 -110 0.000000
15 -105 0.000000
15 -100 0.000000
15 -95 0.000000
15 -90 0.000000
15 -85 0.000000
15 -80 0.000000
15 -75 0.000000
15 -70 0.000000
15 -65 0.000000
15 -60 0.000000
15 -55 0.000000
15 -50 0.000000
15 -45 0.000000
15 -40 0.000000
15 -35 0.000000
15 -30 0.000000
15 -25 0.000000
15 -20 0.000000
15 -15 0.000000
15 -10 0.000000
15 -5 0.000000
15 0 0.000000
15 5 0.000000
15 10 0.000000
15 15 0.000000
15 20 0.000000
15 25 0.000000
15 30 0.000000
15 35 0.000000
15 40 0.000000
15 45 0.000000
15 50 0.000000
15 55 0.000000
15 60 0.000000
15 65 0.000000
15 70 0.000000
15 75 0.000000
15 80 0.000000
15 85 0.000000
15 90 0.000000
15 95 0.000000
15 100 0.000000
15 105 0.000000
15 110 0.000000
15 115 0.000000
15 120 0.000000
15 125 0.000000
15 130 0.000000
15 135 0.000000
15 140 0.000000
15 145 0.000000
15 150 0.000000
15 155 0.000000
15 160 0.000000
15 165 0.000000
15 170 0.000000
15 175 0.000000
20 -180 0.000000
20 -175 0.000000
20 -170 0.000000
20 -165 0.000000
20 -160 0.000000
20 -155 0.000000
20 -150 0.000000
20 -145 0.000000
20 -140 0.000000
20 -135 0.000000
20 -130 0.000000
20 -125 0.000000
20 -120 0.000000
20 -115 0.000000
20 -110 0.000000
20 -105 0.000000
20 -100 0.000000
20 -95 0.000000
20 -90 0.000000
20 -85 0.000000
20 -80 0.000000
20 -75 0.000000
20 -70 0.000000
20 -65 0.000000
20 -60 0.000000
20 -55 0.000000
20 -50 0.000000
20 -45 0.000000
20 -40 0.000000
20 -35 0.000000
20 -30 0.000000
20 -25 0.000000
20 -20 0.000000
20 -15 0.000000
20 -10 0.000000
20 -5 0.000000
20 0 0.000000
20 5 0.000000
20 10 0.000000
20 15 0.000000
20 20 0.000000
20 25 0.000000
20 30 0.000000
20 35 0.000000
20 40 0.000000
20 45 0.000000
20 50 0.000000
20 55 0.000000
20 60 0.000000
20 65 0.000000
20 70 0.000000
20 75 0.000000
20 80 0.000000
20 85 0.000000
20 90 0.000000
20 95 0.000000
20 100 0.000000
20 105 0.000000
20 110 0.000000
20 115 0.000000
20 120 0.000000
20 125 0.000000
20 130 0.000000
20 135 0.000000
20 140 0.000000
20 145 0.000000
20 150 0.000000
20 155 0.000000
20 160 0.000000
20 165 0.000000
20 170 0.000000
20 175 0.000000
25 -180 0.000000
25 -175 0.000000
25 -170 0.000000
25 -165 0.000000
25 -160 0.000000
25 -155 0.000000
25 -150 0.000000
25 -145 0.000000
25 -140 0.000000
25 -135 0.000000
25 -130 0.000000
25 -125 0.000000
25 -120 0.000000
25 -115 0.000000
25 -110 0.000000
25 -105 0.000000
25 -100 0.000000
25 -95 0.000000
25 -90 0.000000
25 -85 0.000000
25 -80 0.000000
25 -75 0.000000
25 -70 0.000000
25 -65 0.000000
25 -60 0.000000
25 -55 0.000000
25 -50 0.000000
25 -45 0.000000
25 -40 0.000000
25 -35 0.000000
25 -30 0.000000
25 -25 0.000000
25 -20 0.000000
25 -15 0.000000
25 -10 0.000000
25 -5 0.000000
25 0 0.000000
25 5 0.000000
25 10 0.000000
25 15 0.000000
25 20 0.000115
25 25 0.000436
25 30 0.001162
25 35 0.002185
25 40 0.003281
25 45 0.004039
25 50 0.004074
25 55 0.003359
25 60 0.002254
25 65 0.001188
25 70 0.000476
25 75 0.000089
25 80 0.000000
25 85 0.000000
25 90 0.000000
25 95 0.000000
25 100 0.000000
25 105 0.000000
25 110 0.000000
25 115 0.000000
25 120 0.000000
25 125 0.000000
25 130 0.000000
25 135 0.000000
25 140 0.000000
25 145 0.000000
25 150 0.000000
25 155 0.000000
25 160 0.000000
25 165 0.000000
25 170 0.000000
25 175 0.000000
30 -180 0.000000
30 -175 0.000000
30 -170 0.000000
30 -165 0.000000
30 -160 0.000000
30 -155 0.000000
30 -150 0.000000
30 -145 0.000000
30 -140 0.000000
30 -135 0.000000
30 -130 0.000000
30 -125 0.000000
30 -120 0.000000
30 -115 0.000000
30 -110 0.000000
30 -105 0.000000
30 -100 0.000000
30 -95 0.000000
30 -90 0.000000
30 -85 0.000000
30 -80 0.000000
30 -75 0.000000
30 -70 0.000000
30 -65 0.000000
30 -60 0.000000
30 -55 0.000000
30 -50 0.000000
30 -45 0.000000
30 -40 0.000000
30 -35 0.000000
30 -30 0.000000
30 -25 0.000000
30 -20 0.000000
30 -15 0.000000
30 -10 0.000000
30 -5 0.000000
30 0 0.000000
30 5 0.000000
30 10 0.000000
30 15 0.000324
30 20 0.002380
30 25 0.006407
30 30 0.013367
30 35 0.021814
30 40 0.029322
30 45 0.033178
30 50 0.031898
30 55 0.026505
30 60 0.019159
30 65 0.011795
30 70 0.006466
30 75 0.002845
30 80 0.001097
30 85 0.000315
30 90 0.000000
30 95 0.000000
30 100 0.000000
30 105 0.000000
30 110 0.000000
30 115 0.000000
30 120 0.000000
30 125 0.000000
30 130 0.000000
30 135 0.000000
30 140 0.000000
30 145 0.000000
30 150 0.000000
30 155 0.000000
30 160 0.000000
30 165 0.000000
30 170 0.000000
30 175 0.000000
35 -180 0.000000
35 -175 0.000000
35 -170 0.000000
35 -165 0.000000
35 -160 0.000000
35 -155 0.000000
35 -150 0.000000
35 -145 0.000000
35 -140 0.000000
35 -135 0.000000
35 -130 0.000000
35 -125 0.000000
35 -120 0.000000
35 -115 0.000000
35 -110 0.000000
35 -105 0.000000
35 -100 0.000000
35 -95 0.000000
35 -90 0.000000
35 -85 0.000000
35 -80 0.000000
35 -75 0.000000
35 -70 0.000000
35 -65 0.000000
35 -60 0.000000
35 -55 0.000000
35 -50 0.000000
35 -45 0.000000
35 -40 0.000000
35 -35 0.000000
35 -30 0.000000
35 -25 0.000000
35 -20 0.000000
35 -15 0.000000
35 -10 0.000000
35 -5 0.000326
35 0 0.001480
35 5 0.003695
35 10 0.007991
35 15 0.014922
35 20 0.028294
35 25 0.046926
35 30 0.070811
35 35 0.094238
35 40 0.109281
35 45 0.109867
35 50 0.095858
35 55 0.073232
35 60 0.049703
35 65 0.029046
35 70 0.015600
35 75 0.007074
35 80 0.002811
35 85 0.000807
35 90 0.000000
35 95 0.000000
35 100 0.000000
35 105 0.000000
35 110 0.000000
35 115 0.000000
35 120 0.000000
35 125 0.000000
35 130 0.000000
35 135 0.000000
35 140 0.000000
35 145 0.000000
35 150 0.000000
35 155 0.000000
35 160 0.000000
35 165 0.000000
35 170 0.000000
35 175 0.000000
40 -180 0.000000
40 -175 0.000000
40 -170 0.000000
40 -165 0.000000
40 -160 0.000000
40 -155 0.000332
40 -150 0.000984
40 -145 0.001937
40 -140 0.003004
40 -135 0.003674
40 -130 0.003548
40 -125 0.002708
40 -120 0.001635
40 -115 0.000781
40 -110 0.000187
40 -105 0.000000
40 -100 0.000000
40 -95 0.000000
40 -90 0.000000
40 -85 0.000000
40 -80 0.000000
40 -75 0.000000
40 -70 0.000000
40 -65 0.000000
40 -60 0.000000
40 -55 0.000000
40 -50 0.000000
40 -45 0.000000
40 -40 0.000000
40 -35 0.000000
40 -30 0.000000
40 -25 0.000000
40 -20 0.000000
40 -15 0.000000
40 -10 0.000000
40 -5 0.001274
40 0 0.005624
40 5 0.014595
40 10 0.032072
40 15 0.058091
40 20 0.098544
40 25 0.146692
40 30 0.197860
40 35 0.238835
40 40 0.255128
40 45 0.239588
40 50 0.197544
40 55 0.143712
40 60 0.094265
40 65 0.053692
40 70 0.028684
40 75 0.013244
40 80 0.005347
40 85 0.001535
40 90 0.000000
40 95 0.000000
40 100 0.000000
40 105 0.000000
40 110 0.000000
40 115 0.000000
40 120 0.000000
40 125 0.000000
40 130 0.000000
40 135 0.000000
40 140 0.000000
40 145 0.000000
40 150 0.000000
40 155 0.000000
40 160 0.000000
40 165 0.000000
40 170 0.000000
40 175 0.000000
45 -180 0.000000
45 -175 0.000000
45 -170 0.000000
45 -165 0.000000
45 -160 0.000000
45 -155 0.000953
45 -150 0.002823
45 -145 0.005559
45 -140 0.008620
45 -135 0.010542
45 -130 0.010179
45 -125 0.007770
45 -120 0.004691
45 -115 0.002240
45 -110 0.000536
45 -105 0.000000
45 -100 0.000000
45 -95 0.000000
45 -90 0.000000
45 -85 0.000000
45 -80 0.000000
45 -75 0.000000
45 -70 0.000000
45 -65 0.000000
45 -60 0.000000
45 -55 0.000000
45 -50 0.000000
45 -45 0.000000
45 -40 0.000000
45 -35 0.000000
45 -30 0.000000
45 -25 0.000000
45 -20 0.000000
45 -15 0.000000
45 -10 0.000079
45 -5 0.003414
45 0 0.015538
45 5 0.040591
45 10 0.087050
45 15 0.152008
45 20 0.239041
45 25 0.329313
45 30 0.409180
45 35 0.458097
45 40 0.458195
45 45 0.406265
45 50 0.319035
45 55 0.222169
45 60 0.141007
45 65 0.078275
45 70 0.041474
45 75 0.019442
45 80 0.007957
45 85 0.002285
45 90 0.000000
45 95 0.000000
45 100 0.000000
45 105 0.000000
45 110 0.000000
45 115 0.000000
45 120 0.000000
45 125 0.000000
45 130 0.000000
45 135 0.000000
45 140 0.000000
45 145 0.000000
45 150 0.000000
45 155 0.000000
45 160 0.000000
45 165 0.000000
45 170 0.000000
45 175 0.000000
50 -180 0.000000
50 -175 0.000000
50 -170 0.000000
50 -165 0.000000
50 -160 0.000000
50 -155 0.001864
50 -150 0.005520
50 -145 0.010870
50 -140 0.016855
50 -135 0.020612
50 -130 0.019904
50 -125 0.015192
50 -120 0.009171
50 -115 0.004380
50 -110 0.001049
50 -105 0.000000
50 -100 0.000000
50 -95 0.000000
50 -90 0.000000
50 -85 0.000368
50 -80 0.001514
50 -75 0.003508
50 -70 0.006056
50 -65 0.008381
50 -60 0.009311
50 -55 0.008310
50 -50 0.005957
50 -45 0.003425
50 -40 0.001457
50 -35 0.000344
50 -30 0.000000
50 -25 0.000165
50 -20 0.000566
50 -15 0.001578
50 -10 0.004378
50 -5 0.015253
50 0 0.044692
50 5 0.099289
50 10 0.190657
50 15 0.309345
50 20 0.450560
50 25 0.580682
50 30 0.675760
50 35 0.710920
50 40 0.670865
50 45 0.563057
50 50 0.420210
50 55 0.278355
50 60 0.169094
50 65 0.090514
50 70 0.047210
50 75 0.022390
50 80 0.009274
50 85 0.002663
50 90 0.000000
50 95 0.000000
50 100 0.000000
50 105 0.000000
50 110 0.000000
50 115 0.000000
50 120 0.000000
50 125 0.000000
50 130 0.000000
50 135 0.000000
50 140 0.000000
50 145 0.000000
50 150 0.000000
50 155 0.000000
50 160 0.000000
50 165 0.000000
50 170 0.000000
50 175 0.000000
55 -180 0.000000
55 -175 0.000000
55 -170 0.000000
55 -165 0.000000
55 -160 0.000000
55 -155 0.002867
55 -150 0.008491
55 -145 0.016719
55 -140 0.025925
55 -135 0.031704
55 -130 0.030615
55 -125 0.023367
55 -120 0.014107
55 -115 0.006736
55 -110 0.001613
55 -105 0.000000
55 -100 0.000000
55 -95 0.000000
55 -90 0.000000
55 -85 0.000942
55 -80 0.003862
55 -75 0.008927
55 -70 0.015392
55 -65 0.021273
55 -60 0.023605
55 -55 0.021041
55 -50 0.015064
55 -45 0.008650
55 -40 0.003671
55 -35 0.000862
55 -30 0.000000
55 -25 0.000978
55 -20 0.002938
55 -15 0.007059
55 -10 0.016269
55 -5 0.039762
55 0 0.092854
55 5 0.184523
55 10 0.326525
55 15 0.500185
55 20 0.685720
55 25 0.835460
55 30 0.917105
55 35 0.909305
55 40 0.809447
55 45 0.641493
55 50 0.452730
55 55 0.283235
55 60 0.162960
55 65 0.083159
55 70 0.042326
55 75 0.020239
55 80 0.008476
55 85 0.002434
55 90 0.000000
55 95 0.000000
55 100 0.000000
55 105 0.000000
55 110 0.000000
55 115 0.000000
55 120 0.000000
55 125 0.000000
55 130 0.000000
55 135 0.000000
55 140 0.000000
55 145 0.000000
55 150 0.000000
55 155 0.000000
55 160 0.000000
55 165 0.000000
55 170 0.000000
55 175 0.000000
60 -180 0.000000
60 -175 0.000000
60 -170 0.000000
60 -165 0.000000
60 -160 0.000000
60 -155 0.003475
60 -150 0.010290
60 -145 0.020260
60 -140 0.031416
60 -135 0.038419
60 -130 0.037099
60 -125 0.028317
60 -120 0.017094
60 -115 0.008163
60 -110 0.001954
60 -105 0.000000
60 -100 0.000000
60 -95 0.000000
60 -90 0.000000
60 -85 0.001791
60 -80 0.007336
60 -75 0.016949
60 -70 0.029213
60 -65 0.040363
60 -60 0.044772
60 -55 0.039897
60 -50 0.028554
60 -45 0.016392
60 -40 0.006952
60 -35 0.001631
60 -30 0.000000
60 -25 0.002138
60 -20 0.006327
60 -15 0.014926
60 -10 0.033362
60 -5 0.072859
60 0 0.151648
60 5 0.278823
60 10 0.460645
60 15 0.668900
60 20 0.866730
60 25 1.000808
60 30 1.039022
60 35 0.971982
60 40 0.815482
60 45 0.608225
60 50 0.403552
60 55 0.236461
60 60 0.126853
60 65 0.060849
60 70 0.029919
60 75 0.014373
60 80 0.006083
60 85 0.001747
60 90 0.000000
60 95 0.000000
60 100 0.000000
60 105 0.000000
60 110 0.000000
60 115 0.000000
60 120 0.000000
60 125 0.000000
60 130 0.000000
60 135 0.000000
60 140 0.000000
60 145 0.000000
60 150 0.000000
60 155 0.000000
60 160 0.000000
60 165 0.000000
60 170 0.000000
60 175 0.000000
65 -180 0.000000
65 -175 0.000000
65 -170 0.000000
65 -165 0.000000
65 -160 0.000000
65 -155 0.003322
65 -150 0.009837
65 -145 0.019370
65 -140 0.030035
65 -135 0.036730
65 -130 0.035468
65 -125 0.027072
65 -120 0.016343
65 -115 0.007804
65 -110 0.001869
65 -105 0.000000
65 -100 0.000000
65 -95 0.000000
65 -90 0.000000
65 -85 0.002666
65 -80 0.010901
65 -75 0.025168
65 -70 0.043361
65 -65 0.059886
65 -60 0.066401
65 -55 0.059146
65 -50 0.042313
65 -45 0.024282
65 -40 0.010290
65 -35 0.002411
65 -30 0.000000
65 -25 0.003689
65 -20 0.010772
65 -15 0.024963
65 -10 0.054192
65 -5 0.109523
65 0 0.207750
65 5 0.355407
65 10 0.548465
65 15 0.753000
65 20 0.921355
65 25 1.007783
65 30 0.990285
65 35 0.874618
65 40 0.691445
65 45 0.484470
65 50 0.300572
65 55 0.163799
65 60 0.080255
65 65 0.035570
65 70 0.016702
65 75 0.008028
65 80 0.003433
65 85 0.000986
65 90 0.000000
65 95 0.000000
65 100 0.000000
65 105 0.000000
65 110 0.000000
65 115 0.000000
65 120 0.000000
65 125 0.000000
65 130 0.000000
65 135 0.000000
65 140 0.000000
65 145 0.000000
65 150 0.000000
65 155 0.000000
65 160 0.000000
65 165 0.000000
65 170 0.000000
65 175 0.000000
70 -180 0.000000
70 -175 0.000000
70 -170 0.000000
70 -165 0.000000
70 -160 0.000000
70 -155 0.002509
70 -150 0.007429
70 -145 0.014628
70 -140 0.022682
70 -135 0.027738
70 -130 0.026785
70 -125 0.020444
70 -120 0.012342
70 -115 0.005894
70 -110 0.001411
70 -105 0.000000
70 -100 0.000000
70 -95 0.000000
70 -90 0.000000
70 -85 0.003107
70 -80 0.012682
70 -75 0.029256
70 -70 0.050381
70 -65 0.069546
70 -60 0.077072
70 -55 0.068617
70 -50 0.049063
70 -45 0.028143
70 -40 0.011915
70 -35 0.002787
70 -30 0.000000
70 -25 0.005022
70 -20 0.014485
70 -15 0.033009
70 -10 0.069724
70 -5 0.133248
70 0 0.234919
70 5 0.377560
70 10 0.547382
70 15 0.711545
70 20 0.823337
70 25 0.853963
70 30 0.795520
70 35 0.664332
70 40 0.495290
70 45 0.325830
70 50 0.187834
70 55 0.094459
70 60 0.040882
70 65 0.016285
70 70 0.007224
70 75 0.003502
70 80 0.001526
70 85 0.000438
70 90 0.000000
70 95 0.000000
70 100 0.000000
70 105 0.000000
70 110 0.000000
70 115 0.000000
70 120 0.000000
70 125 0.000000
70 130 0.000000
70 135 0.000000
70 140 0.000000
70 145 0.000000
70 150 0.000000
70 155 0.000000
70 160 0.000000
70 165 0.000000
70 170 0.000000
70 175 0.000000
75 -180 0.000000
75 -175 0.000000
75 -170 0.000000
75 -165 0.000000
75 -160 0.000000
75 -155 0.001498
75 -150 0.004435
75 -145 0.008734
75 -140 0.013542
75 -135 0.016561
75 -130 0.015992
75 -125 0.012206
75 -120 0.007369
75 -115 0.003519
75 -110 0.000842
75 -105 0.000000
75 -100 0.000000
75 -95 0.000000
75 -90 0.000000
75 -85 0.002840
75 -80 0.011566
75 -75 0.026653
75 -70 0.045873
75 -65 0.063285
75 -60 0.070090
75 -55 0.062362
75 -50 0.044564
75 -45 0.025547
75 -40 0.010804
75 -35 0.002522
75 -30 0.000000
75 -25 0.005385
75 -20 0.015365
75 -15 0.034483
75 -10 0.071020
75 -5 0.130071
75 0 0.216447
75 5 0.330220
75 10 0.453603
75 15 0.560768
75 20 0.615557
75 25 0.606350
75 30 0.535605
75 35 0.422113
75 40 0.295275
75 45 0.180551
75 50 0.094062
75 55 0.041458
75 60 0.013240
75 65 0.003286
75 70 0.000820
75 75 0.000363
75 80 0.000179
75 85 0.000051
75 90 0.000000
75 95 0.000000
75 100 0.000000
75 105 0.000000
75 110 0.000000
75 115 0.000000
75 120 0.000000
75 125 0.000000
75 130 0.000000
75 135 0.000000
75 140 0.000000
75 145 0.000000
75 150 0.000000
75 155 0.000000
75 160 0.000000
75 165 0.000000
75 170 0.000000
75 175 0.000000
80 -180 0.000000
80 -175 0.000000
80 -170 0.000000
80 -165 0.000000
80 -160 0.000000
80 -155 0.000707
80 -150 0.002095
80 -145 0.004124
80 -140 0.006395
80 -135 0.007821
80 -130 0.007552
80 -125 0.005764
80 -120 0.003480
80 -115 0.001662
80 -110 0.000398
80 -105 0.000000
80 -100 0.000000
80 -95 0.000000
80 -90 0.000000
80 -85 0.002038
80 -80 0.008279
80 -75 0.019055
80 -70 0.032773
80 -65 0.045181
80 -60 0.050002
80 -55 0.044456
80 -50 0.031745
80 -45 0.018186
80 -40 0.007681
80 -35 0.001789
80 -30 0.000000
80 -25 0.004543
80 -20 0.012839
80 -15 0.028422
80 -10 0.057220
80 -5 0.101205
80 0 0.160502
80 5 0.234132
80 10 0.306457
80 15 0.361220
80 20 0.376330
80 25 0.351240
80 30 0.292802
80 35 0.216068
80 40 0.140464
80 45 0.079326
80 50 0.036920
80 55 0.014589
80 60 0.003163
80 65 0.000426
80 70 0.000052
80 75 0.000000
80 80 0.000000
80 85 0.000000
80 90 0.000000
80 95 0.000000
80 100 0.000000
80 105 0.000000
80 110 0.000000
80 115 0.000000
80 120 0.000000
80 125 0.000000
80 130 0.000000
80 135 0.000000
80 140 0.000000
80 145 0.000000
80 150 0.000000
80 155 0.000000
80 160 0.000000
80 165 0.000000
80 170 0.000000
80 175 0.000000
85 -180 0.000000
85 -175 0.000000
85 -170 0.000000
85 -165 0.000000
85 -160 0.000000
85 -155 0.000156
85 -150 0.000463
85 -145 0.000912
85 -140 0.001414
85 -135 0.001729
85 -130 0.001669
85 -125 0.001274
85 -120 0.000769
85 -115 0.000367
85 -110 0.000088
85 -105 0.000000
85 -100 0.000000
85 -95 0.000000
85 -90 0.000000
85 -85 0.001150
85 -80 0.004658
85 -75 0.010706
85 -70 0.018399
85 -65 0.025343
85 -60 0.028022
85 -55 0.024892
85 -50 0.017760
85 -45 0.010166
85 -40 0.004286
85 -35 0.000995
85 -30 0.000000
85 -25 0.003010
85 -20 0.008438
85 -15 0.018460
85 -10 0.036421
85 -5 0.062540
85 0 0.095217
85 5 0.133381
85 10 0.166751
85 15 0.187273
85 20 0.184661
85 25 0.162545
85 30 0.127203
85 35 0.087582
85 40 0.053039
85 45 0.028080
85 50 0.011790
85 55 0.004486
85 60 0.000563
85 65 0.000000
85 70 0.000000
85 75 0.000000
85 80 0.000000
85 85 0.000000
85 90 0.000000
85 95 0.000000
85 100 0.000000
85 105 0.000000
85 110 0.000000
85 115 0.000000
85 120 0.000000
85 125 0.000000
85 130 0.000000
85 135 0.000000
85 140 0.000000
85 145 0.000000
85 150 0.000000
85 155 0.000000
85 160 0.000000
85 165 0.000000
85 170 0.000000
85 175 0.000000
90 -180 0.000000
90 -175 0.000000
90 -170 0.000000
90 -165 0.000000
90 -160 0.000000
90 -155 0.000000
90 -150 0.000000
90 -145 0.000000
90 -140 0.000000
90 -135 0.000000
90 -130 0.000000
90 -125 0.000000
90 -120 0.000000
90 -115 0.000000
90 -110 0.000000
90 -105 0.000000
90 -100 0.000000
90 -95 0.000000
90 -90 0.000000
90 -85 0.000511
90 -80 0.002063
90 -75 0.004734
90 -70 0.008128
90 -65 0.011185
90 -60 0.012355
90 -55 0.010963
90 -50 0.007814
90 -45 0.004469
90 -40 0.001881
90 -35 0.000435
90 -30 0.000000
90 -25 0.001565
90 -20 0.004356
90 -15 0.009433
90 -10 0.018263
90 -5 0.030486
90 0 0.044228
90 5 0.058834
90 10 0.069290
90 15 0.072840
90 20 0.066721
90 25 0.054587
90 30 0.039895
90 35 0.025839
90 40 0.015041
90 45 0.008139
90 50 0.003419
90 55 0.001493
90 60 0.000205
90 65 0.000000
90 70 0.000000
90 75 0.000000
90 80 0.000000
90 85 0.000000
90 90 0.000000
90 95 0.000000
90 100 0.000000
90 105 0.000000
90 110 0.000000
90 115 0.000000
90 120 0.000000
90 125 0.000000
90 130 0.000000
90 135 0.000000
90 140 0.000000
90 145 0.000000
90 150 0.000000
90 155 0.000000
90 160 0.000000
90 165 0.000000
90 170 0.000000
90 175 0.000000
95 -180 0.000000
95 -175 0.000000
95 -170 0.000000
95 -165 0.000000
95 -160 0.000000
95 -155 0.000000
95 -150 0.000000
95 -145 0.000000
95 -140 0.000000
95 -135 0.000000
95 -130 0.000000
95 -125 0.000000
95 -120 0.000000
95 -115 0.000000
95 -110 0.000000
95 -105 0.000000
95 -100 0.000000
95 -95 0.000000
95 -90 0.000000
95 -85 0.000060
95 -80 0.000229
95 -75 0.000511
95 -70 0.000864
95 -65 0.001169
95 -60 0.001269
95 -55 0.001106
95 -50 0.000774
95 -45 0.000435
95 -40 0.000177
95 -35 0.000038
95 -30 0.000000
95 -25 0.000584
95 -20 0.001580
95 -15 0.003274
95 -10 0.005867
95 -5 0.008929
95 0 0.011634
95 5 0.014170
95 10 0.015518
95 15 0.015312
95 20 0.013219
95 25 0.010191
95 30 0.006744
95 35 0.003608
95 40 0.001515
95 45 0.000588
95 50 0.000000
95 55 0.000000
95 60 0.000000
95 65 0.000000
95 70 0.000000
95 75 0.000000
95 80 0.000000
95 85 0.000000
95 90 0.000000
95 95 0.000000
95 100 0.000000
95 105 0.000000
95 110 0.000000
95 115 0.000000
95 120 0.000000
95 125 0.000000
95 130 0.000000
95 135 0.000000
95 140 0.000000
95 145 0.000000
95 150 0.000000
95 155 0.000000
95 160 0.000000
95 165 0.000000
95 170 0.000000
95 175 0.000000
100 -180 0.000000
100 -175 0.000000
100 -170 0.000000
100 -165 0.000000
100 -160 0.000000
100 -155 0.000000
100 -150 0.000000
100 -145 0.000000
100 -140 0.000000
100 -135 0.000000
100 -130 0.000000
100 -125 0.000000
100 -120 0.000000
100 -115 0.000000
100 -110 0.000000
100 -105 0.000000
100 -100 0.000000
100 -95 0.000000
100 -90 0.000000
100 -85 0.000000
100 -80 0.000000
100 -75 0.000000
100 -70 0.000000
100 -65 0.000000
100 -60 0.000000
100 -55 0.000000
100 -50 0.000000
100 -45 0.000000
100 -40 0.000000
100 -35 0.000000
100 -30 0.000000
100 -25 0.000000
100 -20 0.000000
100 -15 0.000000
100 -10 0.000000
100 -5 0.000000
100 0 0.000000
100 5 0.000000
100 10 0.000000
100 15 0.000000
100 20 0.000000
100 25 0.000000
100 30 0.000000
100 35 0.000000
100 40 0.000000
100 45 0.000000
100 50 0.000000
100 55 0.000000
100 60 0.000000
100 65 0.000000
100 70 0.000000
100 75 0.000000
100 80 0.000000
100 85 0.000000
100 90 0.000000
100 95 0.000000
100 100 0.000000
100 105 0.000000
100 110 0.000000
100 115 0.000000
100 120 0.000000
100 125 0.000000
100 130 0.000000
100 135 0.000000
100 140 0.000000
100 145 0.000000
100 150 0.000000
100 155 0.000000
100 160 0.000000
100 165 0.000000
100 170 0.000000
100 175 0.000000
105 -180 0.000000
105 -175 0.000000
105 -170 0.000000
105 -165 0.000000
105 -160 0.000000
105 -155 0.000000
105 -150 0.000000
105 -145 0.000000
105 -140 0.000000
105 -135 0.000000
105 -130 0.000000
105 -125 0.000000
105 -120 0.000000
105 -115 0.000000
105 -110 0.000000
105 -105 0.000000
105 -100 0.000000
105 -95 0.000000
105 -90 0.000000
105 -85 0.000000
105 -80 0.000000
105 -75 0.000000
105 -70 0.000000
105 -65 0.000000
105 -60 0.000000
105 -55 0.000000
105 -50 0.000000
105 -45 0.000000
105 -40 0.000000
105 -35 0.000000
105 -30 0.000000
105 -25 0.000000
105 -20 0.000000
105 -15 0.000000
105 -10 0.000000
105 -5 0.000000
105 0 0.000000
105 5 0.000000
105 10 0.000000
105 15 0.000000
105 20 0.000000
105 25 0.000000
105 30 0.000000
105 35 0.000000
105 40 0.000000
105 45 0.000000
105 50 0.000000
105 55 0.000000
105 60 0.000000
105 65 0.000000
105 70 0.000000
105 75 0.000000
105 80 0.000000
105 85 0.000000
105 90 0.000000
105 95 0.000000
105 100 0.000000
105 105 0.000000
105 110 0.000000
105 115 0.000000
105 120 0.000000
105 125 0.000000
105 130 0.000000
105 135 0.000000
105 140 0.000000
105 145 0.000000
105 150 0.000000
105 155 0.000000
105 160 0.000000
105 165 0.000000
105 170 0.000000
105 175 0.000000
110 -180 0.000000
110 -175 0.000000
110 -170 0.000000
110 -165 0.000000
110 -160 0.000000
110 -155 0.000000
110 -150 0.000000
110 -145 0.000000
110 -140 0.000000
110 -135 0.000000
110 -130 0.000000
110 -125 0.000000
110 -120 0.000000
110 -115 0.000000
110 -110 0.000000
110 -105 0.000000
110 -100 0.000000
110 -95 0.000000
110 -90 0.000000
110 -85 0.000000
110 -80 0.000000
110 -75 0.000000
110 -70 0.000000
110 -65 0.000000
110 -60 0.000000
110 -55 0.000000
110 -50 0.000000
110 -45 0.000000
110 -40 0.000000
110 -35 0.000000
110 -30 0.000000
110 -25 0.000000
110 -20 0.000000
110 -15 0.000000
110 -10 0.000000
110 -5 0.000000
110 0 0.000000
110 5 0.000000
110 10 0.000000
110 15 0.000000
110 20 0.000000
110 25 0.000000
110 30 0.000000
110 35 0.000000
110 40 0.000000
110 45 0.000000
110 50 0.000000
110 55 0.000000
110 60 0.000000
110 65 0.000000
110 70 0.000000
110 75 0.000000
110 80 0.000000
110 85 0.000000
110 90 0.000000
110 95 0.000000
110 100 0.000000
110 105 0.000000
110 110 0.000000
110 115 0.000000
110 120 0.000000
110 125 0.000000
110 130 0.000000
110 135 0.000000
110 140 0.000000
110 145 0.000000
110 150 0.000000
110 155 0.000000
110 160 0.000000
110 165 0.000000
110 170 0.000000
110 175 0.000000
115 -180 0.000000
115 -175 0.000000
115 -170 0.000000
115 -165 0.000000
115 -160 0.000000
115 -155 0.000000
115 -150 0.000000
115 -145 0.000000
115 -140 0.000000
115 -135 0.000000
115 -130 0.000000
115 -125 0.000000
115 -120 0.000000
115 -115 0.000000
115 -110 0.000000
115 -105 0.000000
115 -100 0.000000
115 -95 0.000000
115 -90 0.000000
115 -85 0.000000
115 -80 0.000000
115 -75 0.000000
115 -70 0.000000
115 -65 0.000000
115 -60 0.000000
115 -55 0.000000
115 -50 0.000000
115 -45 0.000000
115 -40 0.000000
115 -35 0.000000
115 -30 0.000000
115 -25 0.000000
115 -20 0.000000
115 -15 0.000000
115 -10 0.000000
115 -5 0.000000
115 0 0.000000
115 5 0.000000
115 10 0.000000
115 15 0.000000
115 20 0.000000
115 25 0.000000
115 30 0.000000
115 35 0.000000
115 40 0.000000
115 45 0.000000
115 50 0.000000
115 55 0.000000
115 60 0.000000
115 65 0.000000
115 70 0.000000
115 75 0.000000
115 80 0.000000
115 85 0.000000
115 90 0.000000
115 95 0.000000
115 100 0.000000
115 105 0.000000
115 110 0.000000
115 115 0.000000
115 120 0.000000
115 125 0.000000
115 130 0.000000
115 135 0.000000
115 140 0.000000
115 145 0.000000
115 150 0.000000
115 155 0.000000
115 160 0.000000
115 165 0.000000
115 170 0.000000
115 175 0.000000
120 -180 0.000000
120 -175 0.000000
120 -170 0.000000
120 -165 0.000000
120 -160 0.000000
120 -155 0.000000
120 -150 0.000000
120 -145 0.000000
120 -140 0.000000
120 -135 0.000000
120 -130 0.000000
120 -125 0.000000
120 -120 0.000000
120 -115 0.000000
120 -110 0.000000
120 -105 0.000000
120 -100 0.000000
120 -95 0.000000
120 -90 0.000000
120 -85 0.000000
120 -80 0.000000
120 -75 0.000000
120 -70 0.000000
120 -65 0.000000
120 -60 0.000000
120 -55 0.000000
120 -50 0.000000
120 -45 0.000000
120 -40 0.000000
120 -35 0.000000
120 -30 0.000000
120 -25 0.000000
120 -20 0.000000
120 -15 0.000000
120 -10 0.000000
120 -5 0.000000
120 0 0.000000
120 5 0.000000
120 10 0.000000
120 15 0.000000
120 20 0.000000
120 25 0.000000
120 30 0.000000
120 35 0.000000
120 40 0.000000
120 45 0.000000
120 50 0.000000
120 55 0.000000
120 60 0.000000
120 65 0.000000
120 70 0.000000
120 75 0.000000
120 80 0.000000
120 85 0.000000
120 90 0.000000
120 95 0.000000
120 100 0.000000
120 105 0.000000
120 110 0.000000
120 115 0.000000
120 120 0.000000
120 125 0.000000
120 130 0.000000
120 135 0.000000
120 140 0.000000
120 145 0.000000
120 150 0.000000
120 155 0.000000
120 160 0.000000
120 165 0.000000
120 170 0.000000
120 175 0.000000
125 -180 0.000000
125 -175 0.000000
125 -170 0.000000
125 -165 0.000000
125 -160 0.000000
125 -155 0.000000
125 -150 0.000000
125 -145 0.000000
125 -140 0.000000
125 -135 0.000000
125 -130 0.000000
125 -125 0.000000
125 -120 0.000000
125 -115 0.000000
125 -110 0.000000
125 -105 0.000000
125 -100 0.000000
125 -95 0.000000
125 -90 0.000000
125 -85 0.000000
125 -80 0.000000
125 -75 0.000000
125 -70 0.000000
125 -65 0.000000
125 -60 0.000000
125 -55 0.000000
125 -50 0.000000
125 -45 0.000000
125 -40 0.000000
125 -35 0.000000
125 -30 0.000000
125 -25 0.000000
125 -20 0.000000
125 -15 0.000000
125 -10 0.000000
125 -5 0.000000
125 0 0.000000
125 5 0.000000
125 10 0.000000
125 15 0.000000
125 20 0.000000
125 25 0.000000
125 30 0.000000
125 35 0.000000
125 40 0.000000
125 45 0.000000
125 50 0.000000
125 55 0.000000
125 60 0.000000
125 65 0.000000
125 70 0.000000
125 75 0.000000
125 80 0.000000
125 85 0.000000
125 90 0.000000
125 95 0.000000
125 100 0.000000
125 105 0.000000
125 110 0.000000
125 115 0.000000
125 120 0.000000
125 125 0.000000
125 130 0.000000
125 135 0.000000
125 140 0.000000
125 145 0.000000
125 150 0.000000
125 155 0.000000
125 160 0.000000
125 165 0.000000
125 170 0.000000
125 175 0.000000
130 -180 0.000000
130 -175 0.000000
130 -170 0.000000
130 -165 0.000000
130 -160 0.000000
130 -155 0.000000
130 -150 0.000000
130 -145 0.000000
130 -140 0.000000
130 -135 0.000000
130 -130 0.000000
130 -125 0.000000
130 -120 0.000000
130 -115 0.000000
130 -110 0.000000
130 -105 0.000000
130 -100 0.000000
130 -95 0.000000
130 -90 0.000000
130 -85 0.000000
130 -80 0.000000
130 -75 0.000000
130 -70 0.000000
130 -65 0.000000
130 -60 0.000000
130 -55 0.000000
130 -50 0.000000
130 -45 0.000000
130 -40 0.000000
130 -35 0.000000
130 -30 0.000000
130 -25 0.000000
130 -20 0.000000
130 -15 0.000000
130 -10 0.000000
130 -5 0.000000
130 0 0.000000
130 5 0.000000
130 10 0.000000
130 15 0.000000
130 20 0.000000
130 25 0.000000
130 30 0.000000
130 35 0.000000
130 40 0.000000
130 45 0.000000
130 50 0.000000
130 55 0.000000
130 60 0.000000
130 65 0.000000
130 70 0.000000
130 75 0.000000
130 80 0.000000
130 85 0.000000
130 90 0.000000
130 95 0.000000
130 100 0.000000
130 105 0.000000
130 110 0.000000
130 115 0.000000
130 120 0.000000
130 125 0.000000
130 130 0.000000
130 135 0.000000
130 140 0.000000
130 145 0.000000
130 150 0.000000
130 155 0.000000
130 160 0.000000
130 165 0.000000
130 170 0.000000
130 175 0.000000
135 -180 0.000000
135 -175 0.000000
135 -170 0.000000
135 -165 0.000000
135 -160 0.000000
135 -155 0.000000
135 -150 0.000000
135 -145 0.000000
135 -140 0.000000
135 -135 0.000000
135 -130 0.000000
135 -125 0.000000
135 -120 0.000000
135 -115 0.000000
135 -110 0.000000
135 -105 0.000000
135 -100 0.000000
135 -95 0.000000
135 -90 0.000000
135 -85 0.000000
135 -80 0.000000
135 -75 0.000000
135 -70 0.000000
135 -65 0.000000
135 -60 0.000000
135 -55 0.000000
135 -50 0.000000
135 -45 0.000000
135 -40 0.000000
135 -35 0.000000
135 -30 0.000000
135 -25 0.000000
135 -20 0.000000
135 -15 0.000000
135 -10 0.000000
135 -5 0.000000
135 0 0.000000
135 5 0.000000
135 10 0.000000
135 15 0.000000
135 20 0.000000
135 25 0.000000
135 30 0.000000
135 35 0.000000
135 40 0.000000
135 45 0.000000
135 50 0.000000
135 55 0.000000
135 60 0.000000
135 65 0.000000
135 70 0.000000
135 75 0.000000
135 80 0.000000
135 85 0.000000
135 90 0.000000
135 95 0.000000
135 100 0.000000
135 105 0.000000
135 110 0.000000
135 115 0.000000
135 120 0.000000
135 125 0.000000
135 130 0.000000
135 135 0.000000
135 140 0.000000
135 145 0.000000
135 150 0.000000
135 155 0.000000
135 160 0.000000
135 165 0.000000
135 170 0.000000
135 175 0.000000
140 -180 0.000000
140 -175 0.000000
140 -170 0.000000
140 -165 0.000000
140 -160 0.000000
140 -155 0.000000
140 -150 0.000000
140 -145 0.000000
140 -140 0.000000
140 -135 0.000000
140 -130 0.000000
140 -125 0.000000
140 -120 0.000000
140 -115 0.000000
140 -110 0.000000
140 -105 0.000000
140 -100 0.000000
140 -95 0.000000
140 -90 0.000000
140 -85 0.000000
140 -80 0.000000
140 -75 0.000000
140 -70 0.000000
140 -65 0.000000
140 -60 0.000000
140 -55 0.000000
140 -50 0.000000
140 -45 0.000000
140 -40 0.000000
140 -35 0.000000
140 -30 0.000000
140 -25 0.000000
140 -20 0.000000
140 -15 0.000000
140 -10 0.000000
140 -5 0.000000
140 0 0.000000
140 5 0.000000
140 10 0.000000
140 15 0.000000
140 20 0.000000
140 25 0.000000
140 30 0.000000
140 35 0.000000
140 40 0.000000
140 45 0.000000
140 50 0.000000
140 55 0.000000
140 60 0.000000
140 65 0.000000
140 70 0.000000
140 75 0.000000
140 80 0.000000
140 85 0.000000
140 90 0.000000
140 95 0.000000
140 100 0.000000
140 105 0.000000
140 110 0.000000
140 115 0.000000
140 120 0.000000
140 125 0.000000
140 130 0.000000
140 135 0.000000
140 140 0.000000
140 145 0.000000
140 150 0.000000
140 155 0.000000
140 160 0.000000
140 165 0.000000
140 170 0.000000
140 175 0.000000
145 -180 0.000000
145 -175 0.000000
145 -170 0.000000
145 -165 0.000000
145 -160 0.000000
145 -155 0.000000
145 -150 0.000000
145 -145 0.000000
145 -140 0.000000
145 -135 0.000000
145 -130 0.000000
145 -125 0.000000
145 -120 0.000000
145 -115 0.000000
145 -110 0.000000
145 -105 0.000000
145 -100 0.000000
145 -95 0.000000
145 -90 0.000000
145 -85 0.000000
145 -80 0.000000
145 -75 0.000000
145 -70 0.000000
145 -65 0.000000
145 -60 0.000000
145 -55 0.000000
145 -50 0.000000
145 -45 0.000000
145 -40 0.000000
145 -35 0.000000
145 -30 0.000000
145 -25 0.000000
145 -20 0.000000
145 -15 0.000000
145 -10 0.000000
145 -5 0.000000
145 0 0.000000
145 5 0.000000
145 10 0.000000
145 15 0.000000
145 20 0.000000
145 25 0.000000
145 30 0.000000
145 35 0.000000
145 40 0.000000
145 45 0.000000
145 50 0.000000
145 55 0.000000
145 60 0.000000
145 65 0.000000
145 70 0.000000
145 75 0.000000
145 80 0.000000
145 85 0.000000
145 90 0.000000
145 95 0.000000
145 100 0.000000
145 105 0.000000
145 110 0.000000
145 115 0.000000
145 120 0.000000
145 125 0.000000
145 130 0.000000
145 135 0.000000
145 140 0.000000
145 145 0.000000
145 150 0.000000
145 155 0.000000
145 160 0.000000
145 165 0.000000
145 170 0.000000
145 175 0.000000
150 -180 0.000000
150 -175 0.000000
150 -170 0.000000
150 -165 0.000000
150 -160 0.000000
150 -155 0.000000
150 -150 0.000000
150 -145 0.000000
150 -140 0.000000
150 -135 0.000000
150 -130 0.000000
150 -125 0.000000
150 -120 0.000000
150 -115 0.000000
150 -110 0.000000
150 -105 0.000000
150 -100 0.000000
150 -95 0.000000
150 -90 0.000000
150 -85 0.000000
150 -80 0.000000
150 -75 0.000000
150 -70 0.000000
150 -65 0.000000
150 -60 0.000000
150 -55 0.000000
150 -50 0.000000
150 -45 0.000000
150 -40 0.000000
150 -35 0.000000
150 -30 0.000000
150 -25 0.000000
150 -20 0.000000
150 -15 0.000000
150 -10 0.000000
150 -5 0.000000
150 0 0.000000
150 5 0.000000
150 10 0.000000
150 15 0.000000
150 20 0.000000
150 25 0.000000
150 30 0.000000
150 35 0.000000
150 40 0.000000
150 45 0.000000
150 50 0.000000
150 55 0.000000
150 60 0.000000
150 65 0.000000
150 70 0.000000
150 75 0.000000
150 80 0.000000
150 85 0.000000
150 90 0.000000
150 95 0.000000
150 100 0.000000
150 105 0.000000
150 110 0.000000
150 115 0.000000
150 120 0.000000
150 125 0.000000
150 130 0.000000
150 135 0.000000
150 140 0.000000
150 145 0.000000
150 150 0.000000
150 155 0.000000
150 160 0.000000
150 165 0.000000
150 170 0.000000
150 175 0.000000
155 -180 0.000022
155 -175 0.000000
155 -170 0.000000
155 -165 0.000000
155 -160 0.000000
155 -155 0.000000
155 -150 0.000000
155 -145 0.000000
155 -140 0.000000
155 -135 0.000000
155 -130 0.000000
155 -125 0.000000
155 -120 0.000000
155 -115 0.000000
155 -110 0.000000
155 -105 0.000000
155 -100 0.000000
155 -95 0.000000
155 -90 0.000000
155 -85 0.000000
155 -80 0.000000
155 -75 0.000000
155 -70 0.000000
155 -65 0.000000
155 -60 0.000000
155 -55 0.000000
155 -50 0.000000
155 -45 0.000000
155 -40 0.000000
155 -35 0.000000
155 -30 0.000000
155 -25 0.000000
155 -20 0.000000
155 -15 0.000000
155 -10 0.000000
155 -5 0.000000
155 0 0.000000
155 5 0.000000
155 10 0.000000
155 15 0.000000
155 20 0.000000
155 25 0.000000
155 30 0.000000
155 35 0.000000
155 40 0.000000
155 45 0.000000
155 50 0.000000
155 55 0.000000
155 60 0.000000
155 65 0.000000
155 70 0.000000
155 75 0.000000
155 80 0.000000
155 85 0.000000
155 90 0.000000
155 95 0.000000
155 100 0.000000
155 105 0.000000
155 110 0.000000
155 115 0.000000
155 120 0.000000
155 125 0.000000
155 130 0.000000
155 135 0.000009
155 140 0.000043
155 145 0.000091
155 150 0.000154
155 155 0.000207
155 160 0.000218
155 165 0.000182
155 170 0.000119
155 175 0.000061
160 -180 0.000580
160 -175 0.000000
160 -170 0.000000
160 -165 0.000000
160 -160 0.000000
160 -155 0.000000
160 -150 0.000000
160 -145 0.000000
160 -140 0.000000
160 -135 0.000000
160 -130 0.000000
160 -125 0.000000
160 -120 0.000000
160 -115 0.000000
160 -110 0.000000
160 -105 0.000000
160 -100 0.000000
160 -95 0.000000
160 -90 0.000000
160 -85 0.000000
160 -80 0.000000
160 -75 0.000000
160 -70 0.000000
160 -65 0.000000
160 -60 0.000000
160 -55 0.000000
160 -50 0.000000
160 -45 0.000000
160 -40 0.000000
160 -35 0.000000
160 -30 0.000000
160 -25 0.000000
160 -20 0.000000
160 -15 0.000000
160 -10 0.000000
160 -5 0.000000
160 0 0.000000
160 5 0.000000
160 10 0.000000
160 15 0.000000
160 20 0.000000
160 25 0.000000
160 30 0.000000
160 35 0.000000
160 40 0.000000
160 45 0.000000
160 50 0.000000
160 55 0.000000
160 60 0.000000
160 65 0.000000
160 70 0.000000
160 75 0.000000
160 80 0.000000
160 85 0.000000
160 90 0.000000
160 95 0.000000
160 100 0.000000
160 105 0.000000
160 110 0.000000
160 115 0.000000
160 120 0.000000
160 125 0.000000
160 130 0.000000
160 135 0.000226
160 140 0.001122
160 145 0.002404
160 150 0.004073
160 155 0.005453
160 160 0.005761
160 165 0.004797
160 170 0.003143
160 175 0.001618
165 -180 0.010290
165 -175 0.005717
165 -170 0.002856
165 -165 0.001008
165 -160 0.000125
165 -155 0.000000
165 -150 0.000000
165 -145 0.000000
165 -140 0.000000
165 -135 0.000000
165 -130 0.000000
165 -125 0.000000
165 -120 0.000000
165 -115 0.000000
165 -110 0.000000
165 -105 0.000000
165 -100 0.000000
165 -95 0.000000
165 -90 0.000000
165 -85 0.000000
165 -80 0.000000
165 -75 0.000000
165 -70 0.000000
165 -65 0.000000
165 -60 0.000000
165 -55 0.000000
165 -50 0.000000
165 -45 0.000000
165 -40 0.000000
165 -35 0.000000
165 -30 0.000000
165 -25 0.000000
165 -20 0.000000
165 -15 0.000000
165 -10 0.000000
165 -5 0.000000
165 0 0.000000
165 5 0.000000
165 10 0.000000
165 15 0.000000
165 20 0.000000
165 25 0.000000
165 30 0.000000
165 35 0.000000
165 40 0.000000
165 45 0.000000
165 50 0.000000
165 55 0.000000
165 60 0.000000
165 65 0.000000
165 70 0.000000
165 75 0.000000
165 80 0.000000
165 85 0.000000
165 90 0.000000
165 95 0.000000
165 100 0.000000
165 105 0.000000
165 110 0.000000
165 115 0.000000
165 120 0.000000
165 125 0.000000
165 130 0.000389
165 135 0.001716
165 140 0.004986
165 145 0.009614
165 150 0.015399
165 155 0.020682
165 160 0.023354
165 165 0.022886
165 170 0.019896
165 175 0.015320
170 -180 0.036142
170 -175 0.021987
170 -170 0.011378
170 -165 0.004252
170 -160 0.000747
170 -155 0.000049
170 -150 0.000000
170 -145 0.000000
170 -140 0.000000
170 -135 0.000000
170 -130 0.000000
170 -125 0.000000
170 -120 0.000000
170 -115 0.000000
170 -110 0.000000
170 -105 0.000000
170 -100 0.000000
170 -95 0.000000
170 -90 0.000000
170 -85 0.000000
170 -80 0.000000
170 -75 0.000000
170 -70 0.000000
170 -65 0.000000
170 -60 0.000000
170 -55 0.000000
170 -50 0.000000
170 -45 0.000000
170 -40 0.000000
170 -35 0.000000
170 -30 0.000000
170 -25 0.000000
170 -20 0.000000
170 -15 0.000000
170 -10 0.000000
170 -5 0.000000
170 0 0.000000
170 5 0.000000
170 10 0.000000
170 15 0.000000
170 20 0.000000
170 25 0.000000
170 30 0.000000
170 35 0.000000
170 40 0.000000
170 45 0.000000
170 50 0.000000
170 55 0.000000
170 60 0.000000
170 65 0.000000
170 70 0.000000
170 75 0.000000
170 80 0.000000
170 85 0.000000
170 90 0.000000
170 95 0.000000
170 100 0.000000
170 105 0.000000
170 110 0.000000
170 115 0.000000
170 120 0.000000
170 125 0.000000
170 130 0.001338
170 135 0.005286
170 140 0.013572
170 145 0.025225
170 150 0.039571
170 155 0.053107
170 160 0.061521
170 165 0.063734
170 170 0.059826
170 175 0.049874
175 -180 0.092183
175 -175 0.058563
175 -170 0.031216
175 -165 0.012439
175 -160 0.002672
175 -155 0.000344
175 -150 0.000000
175 -145 0.000000
175 -140 0.000000
175 -135 0.000000
175 -130 0.000000
175 -125 0.000000
175 -120 0.000000
175 -115 0.000000
175 -110 0.000000
175 -105 0.000000
175 -100 0.000000
175 -95 0.000000
175 -90 0.000000
175 -85 0.000000
175 -80 0.000000
175 -75 0.000000
175 -70 0.000000
175 -65 0.000000
175 -60 0.000000
175 -55 0.000000
175 -50 0.000000
175 -45 0.000000
175 -40 0.000000
175 -35 0.000000
175 -30 0.000000
175 -25 0.000000
175 -20 0.000000
175 -15 0.000000
175 -10 0.000000
175 -5 0.000000
175 0 0.000000
175 5 0.000000
175 10 0.000000
175 15 0.000000
175 20 0.000000
175 25 0.000000
175 30 0.000000
175 35 0.000000
175 40 0.000000
175 45 0.000000
175 50 0.000000
175 55 0.000000
175 60 0.000000
175 65 0.000000
175 70 0.000000
175 75 0.000000
175 80 0.000000
175 85 0.000000
175 90 0.000000
175 95 0.000000
175 100 0.000000
175 105 0.000039
175 110 0.000177
175 115 0.000669
175 120 0.001681
175 125 0.003063
175 130 0.007369
175 135 0.017289
175 140 0.034861
175 145 0.059156
175 150 0.088883
175 155 0.118104
175 160 0.138094
175 165 0.146648
175 170 0.142340
175 175 0.123022
