-180 -180 0.000274
-180 -175 0.000000
-180 -170 0.000000
-180 -165 0.000000
-180 -160 0.000000
-180 -155 0.000000
-180 -150 0.000000
-180 -145 0.000000
-180 -140 0.000000
-180 -135 0.000000
-180 -130 0.000000
-180 -125 0.000000
-180 -120 0.000000
-180 -115 0.000000
-180 -110 0.000000
-180 -105 0.000000
-180 -100 0.000000
-180 -95 0.000000
-180 -90 0.000000
-180 -85 0.000000
-180 -80 0.000000
-180 -75 0.000000
-180 -70 0.000000
-180 -65 0.000000
-180 -60 0.000000
-180 -55 0.000000
-180 -50 0.000000
-180 -45 0.000000
-180 -40 0.000000
-180 -35 0.000000
-180 -30 0.000000
-180 -25 0.000000
-180 -20 0.000000
-180 -15 0.000000
-180 -10 0.000000
-180 -5 0.000000
-180 0 0.000000
-180 5 0.000000
-180 10 0.000000
-180 15 0.000000
-180 20 0.000000
-180 25 0.000000
-180 30 0.000000
-180 35 0.000000
-180 40 0.000000
-180 45 0.000000
-180 50 0.000000
-180 55 0.000000
-180 60 0.000000
-180 65 0.000000
-180 70 0.000000
-180 75 0.000000
-180 80 0.000000
-180 85 0.000000
-180 90 0.000000
-180 95 0.000957
-180 100 0.003997
-180 105 0.009202
-180 110 0.016438
-180 115 0.023618
-180 120 0.029102
-180 125 0.032123
-180 130 0.034231
-180 135 0.037826
-180 140 0.041800
-180 145 0.043984
-180 150 0.042070
-180 155 0.034837
-180 160 0.024503
-180 165 0.014017
-180 170 0.006377
-180 175 0.002161
-175 -180 0.003503
-175 -175 0.001505
-175 -170 0.000685
-175 -165 0.000293
-175 -160 0.000067
-175 -155 0.000000
-175 -150 0.000000
-175 -145 0.000000
-175 -140 0.000000
-175 -135 0.000000
-175 -130 0.000000
-175 -125 0.000000
-175 -120 0.000000
-175 -115 0.000000
-175 -110 0.000000
-175 -105 0.000000
-175 -100 0.000000
-175 -95 0.000000
-175 -90 0.000000
-175 -85 0.000000
-175 -80 0.000000
-175 -75 0.000000
-175 -70 0.000000
-175 -65 0.000000
-175 -60 0.000000
-175 -55 0.000000
-175 -50 0.000000
-175 -45 0.000000
-175 -40 0.000000
-175 -35 0.000000
-175 -30 0.000000
-175 -25 0.000000
-175 -20 0.000000
-175 -15 0.000000
-175 -10 0.000000
-175 -5 0.000000
-175 0 0.000000
-175 5 0.000000
-175 10 0.000000
-175 15 0.000000
-175 20 0.000000
-175 25 0.000000
-175 30 0.000000
-175 35 0.000000
-175 40 0.000000
-175 45 0.000000
-175 50 0.000000
-175 55 0.000000
-175 60 0.000000
-175 65 0.000000
-175 70 0.000000
-175 75 0.000000
-175 80 0.000000
-175 85 0.000000
-175 90 0.000000
-175 95 0.001523
-175 100 0.006362
-175 105 0.015242
-175 110 0.028595
-175 115 0.043793
-175 120 0.058097
-175 125 0.069572
-175 130 0.079041
-175 135 0.089393
-175 140 0.098180
-175 145 0.102526
-175 150 0.098555
-175 155 0.084049
-175 160 0.062385
-175 165 0.039348
-175 170 0.021064
-175 175 0.009671
-170 -180 0.015765
-170 -175 0.008073
-170 -170 0.003882
-170 -165 0.001604
-170 -160 0.000354
-170 -155 0.000000
-170 -150 0.000000
-170 -145 0.000000
-170 -140 0.000000
-170 -135 0.000000
-170 -130 0.000000
-170 -125 0.000000
-170 -120 0.000000
-170 -115 0.000000
-170 -110 0.000000
-170 -105 0.000000
-170 -100 0.000000
-170 -95 0.000000
-170 -90 0.000000
-170 -85 0.000000
-170 -80 0.000000
-170 -75 0.000000
-170 -70 0.000000
-170 -65 0.000000
-170 -60 0.000000
-170 -55 0.000000
-170 -50 0.000000
-170 -45 0.000000
-170 -40 0.000000
-170 -35 0.000000
-170 -30 0.000000
-170 -25 0.000000
-170 -20 0.000000
-170 -15 0.000000
-170 -10 0.000000
-170 -5 0.000000
-170 0 0.000000
-170 5 0.000000
-170 10 0.000000
-170 15 0.000000
-170 20 0.000000
-170 25 0.000000
-170 30 0.000000
-170 35 0.000000
-170 40 0.000000
-170 45 0.000000
-170 50 0.000000
-170 55 0.000000
-170 60 0.000000
-170 65 0.000000
-170 70 0.000000
-170 75 0.000000
-170 80 0.000000
-170 85 0.000000
-170 90 0.000000
-170 95 0.001916
-170 100 0.008004
-170 105 0.020236
-170 110 0.039975
-170 115 0.064810
-170 120 0.092066
-170 125 0.118551
-170 130 0.143280
-170 135 0.169458
-170 140 0.191505
-170 145 0.204582
-170 150 0.201555
-170 155 0.178638
-170 160 0.140152
-170 165 0.096033
-170 170 0.058294
-170 175 0.032314
-165 -180 0.044653
-165 -175 0.022969
-165 -170 0.010402
-165 -165 0.003747
-165 -160 0.000763
-165 -155 0.000000
-165 -150 0.000000
-165 -145 0.000000
-165 -140 0.000000
-165 -135 0.000000
-165 -130 0.000000
-165 -125 0.000000
-165 -120 0.000000
-165 -115 0.000000
-165 -110 0.000000
-165 -105 0.000000
-165 -100 0.000000
-165 -95 0.000000
-165 -90 0.000000
-165 -85 0.000000
-165 -80 0.000000
-165 -75 0.000000
-165 -70 0.000000
-165 -65 0.000000
-165 -60 0.000000
-165 -55 0.000000
-165 -50 0.000000
-165 -45 0.000000
-165 -40 0.000000
-165 -35 0.000000
-165 -30 0.000000
-165 -25 0.000000
-165 -20 0.000000
-165 -15 0.000000
-165 -10 0.000000
-165 -5 0.000000
-165 0 0.000000
-165 5 0.000000
-165 10 0.000000
-165 15 0.000000
-165 20 0.000000
-165 25 0.000000
-165 30 0.000000
-165 35 0.000000
-165 40 0.000000
-165 45 0.000000
-165 50 0.000000
-165 55 0.000000
-165 60 0.000000
-165 65 0.000000
-165 70 0.000000
-165 75 0.000000
-165 80 0.000000
-165 85 0.000049
-165 90 0.000207
-165 95 0.002759
-165 100 0.010142
-165 105 0.026002
-165 110 0.053035
-165 115 0.089642
-165 120 0.133993
-165 125 0.182164
-165 130 0.230064
-165 135 0.281875
-165 140 0.327200
-165 145 0.359048
-165 150 0.365290
-165 155 0.337915
-165 160 0.280533
-165 165 0.207208
-165 170 0.137673
-165 175 0.083904
-160 -180 0.120070
-160 -175 0.065852
-160 -170 0.031627
-160 -165 0.012291
-160 -160 0.003275
-160 -155 0.000531
-160 -150 0.000000
-160 -145 0.000000
-160 -140 0.000000
-160 -135 0.000000
-160 -130 0.000000
-160 -125 0.000000
-160 -120 0.000000
-160 -115 0.000000
-160 -110 0.000000
-160 -105 0.000000
-160 -100 0.000000
-160 -95 0.000000
-160 -90 0.000000
-160 -85 0.000000
-160 -80 0.000000
-160 -75 0.000000
-160 -70 0.000000
-160 -65 0.000000
-160 -60 0.000000
-160 -55 0.000000
-160 -50 0.000000
-160 -45 0.000015
-160 -40 0.000265
-160 -35 0.000617
-160 -30 0.001125
-160 -25 0.001606
-160 -20 0.001792
-160 -15 0.001563
-160 -10 0.001064
-160 -5 0.000566
-160 0 0.000230
-160 5 0.000000
-160 10 0.000067
-160 15 0.000293
-160 20 0.000678
-160 25 0.001633
-160 30 0.002804
-160 35 0.004046
-160 40 0.004940
-160 45 0.005031
-160 50 0.004205
-160 55 0.002825
-160 60 0.001499
-160 65 0.000639
-160 70 0.000075
-160 75 0.000000
-160 80 0.000000
-160 85 0.000715
-160 90 0.002717
-160 95 0.009014
-160 100 0.022602
-160 105 0.047787
-160 110 0.088627
-160 115 0.142275
-160 120 0.209719
-160 125 0.288105
-160 130 0.369715
-160 135 0.460975
-160 140 0.545820
-160 145 0.610918
-160 150 0.636972
-160 155 0.609890
-160 160 0.532587
-160 165 0.421080
-160 170 0.303742
-160 175 0.202764
-155 -180 0.258845
-155 -175 0.144618
-155 -170 0.070327
-155 -165 0.028166
-155 -160 0.008344
-155 -155 0.001659
-155 -150 0.000000
-155 -145 0.000000
-155 -140 0.000000
-155 -135 0.000102
-155 -130 0.000280
-155 -125 0.000541
-155 -120 0.000823
-155 -115 0.000984
-155 -110 0.000927
-155 -105 0.000689
-155 -100 0.000404
-155 -95 0.000187
-155 -90 0.000270
-155 -85 0.000892
-155 -80 0.001842
-155 -75 0.003009
-155 -70 0.004388
-155 -65 0.005283
-155 -60 0.005715
-155 -55 0.005803
-155 -50 0.005740
-155 -45 0.005802
-155 -40 0.007248
-155 -35 0.009883
-155 -30 0.013409
-155 -25 0.016069
-155 -20 0.016351
-155 -15 0.013772
-155 -10 0.010174
-155 -5 0.007362
-155 0 0.006304
-155 5 0.006680
-155 10 0.008488
-155 15 0.010263
-155 20 0.012048
-155 25 0.015039
-155 30 0.018599
-155 35 0.021965
-155 40 0.023670
-155 45 0.022074
-155 50 0.017595
-155 55 0.011939
-155 60 0.007161
-155 65 0.004329
-155 70 0.002897
-155 75 0.002945
-155 80 0.003361
-155 85 0.006477
-155 90 0.015153
-155 95 0.034250
-155 100 0.067802
-155 105 0.119792
-155 110 0.190802
-155 115 0.271628
-155 120 0.366347
-155 125 0.475903
-155 130 0.592542
-155 135 0.731938
-155 140 0.874783
-155 145 0.997500
-155 150 1.065995
-155 155 1.054623
-155 160 0.960230
-155 165 0.796055
-155 170 0.602172
-155 175 0.419208
-150 -180 0.471935
-150 -175 0.262162
-150 -170 0.125924
-150 -165 0.052027
-150 -160 0.019096
-150 -155 0.008883
-150 -150 0.006953
-150 -145 0.006852
-150 -140 0.005341
-150 -135 0.004000
-150 -130 0.003550
-150 -125 0.004203
-150 -120 0.005725
-150 -115 0.006846
-150 -110 0.006448
-150 -105 0.004790
-150 -100 0.002810
-150 -95 0.001303
-150 -90 0.001217
-150 -85 0.003672
-150 -80 0.007635
-150 -75 0.013004
-150 -70 0.018935
-150 -65 0.023667
-150 -60 0.027013
-150 -55 0.029024
-150 -50 0.031021
-150 -45 0.032855
-150 -40 0.037576
-150 -35 0.045177
-150 -30 0.054149
-150 -25 0.061431
-150 -20 0.062552
-150 -15 0.056596
-150 -10 0.048322
-150 -5 0.040660
-150 0 0.035941
-150 5 0.033430
-150 10 0.034393
-150 15 0.036460
-150 20 0.038693
-150 25 0.044272
-150 30 0.051250
-150 35 0.057958
-150 40 0.061888
-150 45 0.059126
-150 50 0.051495
-150 55 0.042307
-150 60 0.035380
-150 65 0.031742
-150 70 0.028821
-150 75 0.027265
-150 80 0.026456
-150 85 0.032240
-150 90 0.052131
-150 95 0.093634
-150 100 0.163550
-150 105 0.266602
-150 110 0.396745
-150 115 0.531968
-150 120 0.674227
-150 125 0.823260
-150 130 0.971307
-150 135 1.151350
-150 140 1.351463
-150 145 1.544485
-150 150 1.676572
-150 155 1.703548
-150 160 1.603838
-150 165 1.375160
-150 170 1.069098
-150 175 0.756393
-145 -180 0.729272
-145 -175 0.401865
-145 -170 0.190904
-145 -165 0.081172
-145 -160 0.034711
-145 -155 0.022278
-145 -150 0.021284
-145 -145 0.020959
-145 -140 0.016346
-145 -135 0.011746
-145 -130 0.009471
-145 -125 0.010125
-145 -120 0.013302
-145 -115 0.015830
-145 -110 0.014847
-145 -105 0.010986
-145 -100 0.006421
-145 -95 0.002961
-145 -90 0.002576
-145 -85 0.007715
-145 -80 0.016400
-145 -75 0.029059
-145 -70 0.043443
-145 -65 0.056752
-145 -60 0.067817
-145 -55 0.075422
-145 -50 0.083517
-145 -45 0.090111
-145 -40 0.101152
-145 -35 0.116853
-145 -30 0.134479
-145 -25 0.148788
-145 -20 0.151981
-145 -15 0.143556
-145 -10 0.130863
-145 -5 0.116814
-145 0 0.106641
-145 5 0.099085
-145 10 0.098017
-145 15 0.099965
-145 20 0.102535
-145 25 0.110181
-145 30 0.119050
-145 35 0.126799
-145 40 0.129429
-145 45 0.121798
-145 50 0.109579
-145 55 0.097662
-145 60 0.090807
-145 65 0.088753
-145 70 0.084556
-145 75 0.078936
-145 80 0.073362
-145 85 0.080412
-145 90 0.115244
-145 95 0.187596
-145 100 0.308688
-145 105 0.484202
-145 110 0.700295
-145 115 0.920378
-145 120 1.140283
-145 125 1.351768
-145 130 1.539460
-145 135 1.750675
-145 140 1.989453
-145 145 2.237525
-145 150 2.426708
-145 155 2.493985
-145 160 2.389727
-145 165 2.085962
-145 170 1.642682
-145 175 1.167750
-140 -180 0.965622
-140 -175 0.525842
-140 -170 0.247770
-140 -165 0.111338
-140 -160 0.058086
-140 -155 0.047668
-140 -150 0.049929
-140 -145 0.049379
-140 -140 0.039868
-140 -135 0.029984
-140 -130 0.024443
-140 -125 0.024598
-140 -120 0.029568
-140 -115 0.033613
-140 -110 0.030571
-140 -105 0.022314
-140 -100 0.013575
-140 -95 0.007647
-140 -90 0.007656
-140 -85 0.018218
-140 -80 0.035189
-140 -75 0.060317
-140 -70 0.089633
-140 -65 0.119133
-140 -60 0.144864
-140 -55 0.162143
-140 -50 0.178793
-140 -45 0.189860
-140 -40 0.206864
-140 -35 0.232031
-140 -30 0.261588
-140 -25 0.288092
-140 -20 0.298162
-140 -15 0.291240
-140 -10 0.276058
-140 -5 0.253950
-140 0 0.235739
-140 5 0.221706
-140 10 0.219193
-140 15 0.222594
-140 20 0.224990
-140 25 0.229953
-140 30 0.230619
-140 35 0.226801
-140 40 0.217099
-140 45 0.197812
-140 50 0.179484
-140 55 0.168041
-140 60 0.166073
-140 65 0.170139
-140 70 0.167164
-140 75 0.158236
-140 80 0.148415
-140 85 0.158479
-140 90 0.212475
-140 95 0.321000
-140 100 0.500297
-140 105 0.760900
-140 110 1.083155
-140 115 1.418015
-140 120 1.750128
-140 125 2.048290
-140 130 2.276873
-140 135 2.488757
-140 140 2.712975
-140 145 2.963925
-140 150 3.174450
-140 155 3.268275
-140 160 3.158525
-140 165 2.780850
-140 170 2.199485
-140 175 1.558310
-135 -180 1.134672
-135 -175 0.615043
-135 -170 0.291105
-135 -165 0.138843
-135 -160 0.084082
-135 -155 0.078055
-135 -150 0.085208
-135 -145 0.084935
-135 -140 0.070357
-135 -135 0.054468
-135 -130 0.044555
-135 -125 0.042889
-135 -120 0.048422
-135 -115 0.053140
-135 -110 0.047203
-135 -105 0.034449
-135 -100 0.022406
-135 -95 0.015610
-135 -90 0.017812
-135 -85 0.035237
-135 -80 0.061554
-135 -75 0.100851
-135 -70 0.148680
-135 -65 0.201491
-135 -60 0.250490
-135 -55 0.284753
-135 -50 0.314985
-135 -45 0.331672
-135 -40 0.352170
-135 -35 0.382302
-135 -30 0.419665
-135 -25 0.455680
-135 -20 0.473630
-135 -15 0.475772
-135 -10 0.469452
-135 -5 0.451698
-135 0 0.437752
-135 5 0.427398
-135 10 0.427380
-135 15 0.428540
-135 20 0.419722
-135 25 0.403842
-135 30 0.374493
-135 35 0.339390
-135 40 0.303135
-135 45 0.266058
-135 50 0.242653
-135 55 0.237119
-135 60 0.246093
-135 65 0.261375
-135 70 0.264150
-135 75 0.255285
-135 80 0.244465
-135 85 0.259463
-135 90 0.331325
-135 95 0.469905
-135 100 0.696975
-135 105 1.032380
-135 110 1.458650
-135 115 1.919645
-135 120 2.387170
-135 125 2.792225
-135 130 3.066675
-135 135 3.250350
-135 140 3.399700
-135 145 3.580850
-135 150 3.751850
-135 155 3.835750
-135 160 3.713175
-135 165 3.281250
-135 170 2.601850
-135 175 1.838758
-130 -180 1.173407
-130 -175 0.638862
-130 -170 0.309395
-130 -165 0.158146
-130 -160 0.107498
-130 -155 0.106156
-130 -150 0.117708
-130 -145 0.118108
-130 -140 0.100260
-130 -135 0.079944
-130 -130 0.066075
-130 -125 0.061738
-130 -120 0.065847
-130 -115 0.069623
-130 -110 0.060202
-130 -105 0.043800
-130 -100 0.030377
-130 -95 0.024906
-130 -90 0.030747
-130 -85 0.055329
-130 -80 0.090800
-130 -75 0.144783
-130 -70 0.214835
-130 -65 0.298730
-130 -60 0.380310
-130 -55 0.438568
-130 -50 0.483755
-130 -45 0.501197
-130 -40 0.515373
-130 -35 0.539282
-130 -30 0.576972
-130 -25 0.619043
-130 -20 0.648145
-130 -15 0.669238
-130 -10 0.685230
-130 -5 0.688555
-130 0 0.697060
-130 5 0.707995
-130 10 0.720125
-130 15 0.715785
-130 20 0.680743
-130 25 0.618522
-130 30 0.530860
-130 35 0.440337
-130 40 0.361280
-130 45 0.300510
-130 50 0.271373
-130 55 0.273682
-130 60 0.295148
-130 65 0.323537
-130 70 0.336985
-130 75 0.335965
-130 80 0.333215
-130 85 0.361010
-130 90 0.453095
-130 95 0.619663
-130 100 0.885450
-130 105 1.278740
-130 110 1.790470
-130 115 2.362423
-130 120 2.958325
-130 125 3.469650
-130 130 3.789125
-130 135 3.925725
-130 140 3.949875
-130 145 3.982825
-130 150 4.031575
-130 155 4.036850
-130 160 3.871275
-130 165 3.406925
-130 170 2.698625
-130 175 1.903015
-125 -180 1.105827
-125 -175 0.618152
-125 -170 0.316055
-125 -165 0.172325
-125 -160 0.122678
-125 -155 0.120392
-125 -150 0.132890
-125 -145 0.134581
-125 -140 0.117662
-125 -135 0.097287
-125 -130 0.081866
-125 -125 0.074851
-125 -120 0.075457
-125 -115 0.076453
-125 -110 0.064008
-125 -105 0.046576
-125 -100 0.035181
-125 -95 0.034030
-125 -90 0.045096
-125 -85 0.076042
-125 -80 0.119466
-125 -75 0.188558
-125 -70 0.285170
-125 -65 0.407807
-125 -60 0.529833
-125 -55 0.615340
-125 -50 0.668080
-125 -45 0.672312
-125 -40 0.662895
-125 -35 0.664765
-125 -30 0.692645
-125 -25 0.736695
-125 -20 0.780133
-125 -15 0.828395
-125 -10 0.880355
-125 -5 0.925943
-125 0 0.981350
-125 5 1.038190
-125 10 1.077580
-125 15 1.065980
-125 20 0.988145
-125 25 0.852353
-125 30 0.678998
-125 35 0.511467
-125 40 0.377040
-125 45 0.288635
-125 50 0.250875
-125 55 0.256867
-125 60 0.286303
-125 65 0.324513
-125 70 0.352313
-125 75 0.369613
-125 80 0.388968
-125 85 0.442052
-125 90 0.560682
-125 95 0.759335
-125 100 1.060872
-125 105 1.498285
-125 110 2.074122
-125 115 2.726425
-125 120 3.416850
-125 125 4.003650
-125 130 4.346925
-125 135 4.416475
-125 140 4.283850
-125 145 4.114550
-125 150 3.978000
-125 155 3.847725
-125 160 3.617700
-125 165 3.152000
-125 170 2.495602
-125 175 1.768852
-120 -180 0.979685
-120 -175 0.574505
-120 -170 0.315665
-120 -165 0.178635
-120 -160 0.123551
-120 -155 0.113543
-120 -150 0.122863
-120 -145 0.125965
-120 -140 0.113868
-120 -135 0.097958
-120 -130 0.084213
-120 -125 0.075829
-120 -120 0.072605
-120 -115 0.070371
-120 -110 0.056871
-120 -105 0.041627
-120 -100 0.034819
-120 -95 0.039072
-120 -90 0.054859
-120 -85 0.090334
-120 -80 0.141321
-120 -75 0.226319
-120 -70 0.353355
-120 -65 0.519593
-120 -60 0.685638
-120 -55 0.800022
-120 -50 0.853900
-120 -45 0.833490
-120 -40 0.783730
-120 -35 0.747067
-120 -30 0.753845
-120 -25 0.793708
-120 -20 0.852703
-120 -15 0.931967
-120 -10 1.026810
-120 -5 1.127975
-120 0 1.243548
-120 5 1.355935
-120 10 1.423650
-120 15 1.395385
-120 20 1.259780
-120 25 1.035375
-120 30 0.770645
-120 35 0.528247
-120 40 0.345278
-120 45 0.236382
-120 50 0.191091
-120 55 0.194999
-120 60 0.224694
-120 65 0.266168
-120 70 0.308262
-120 75 0.351753
-120 80 0.406530
-120 85 0.499518
-120 90 0.656860
-120 95 0.901690
-120 100 1.248263
-120 105 1.725433
-120 110 2.341622
-120 115 3.024900
-120 120 3.738075
-120 125 4.327825
-120 130 4.647025
-120 135 4.636875
-120 140 4.359675
-120 145 3.999550
-120 150 3.676500
-120 155 3.399025
-120 160 3.102475
-120 165 2.660575
-120 170 2.109187
-120 175 1.517465
-115 -180 0.832390
-115 -175 0.513638
-115 -170 0.299030
-115 -165 0.169190
-115 -160 0.107540
-115 -155 0.088536
-115 -150 0.092901
-115 -145 0.096740
-115 -140 0.090638
-115 -135 0.081136
-115 -130 0.071250
-115 -125 0.063426
-115 -120 0.058064
-115 -115 0.053905
-115 -110 0.042027
-115 -105 0.031185
-115 -100 0.029144
-115 -95 0.036964
-115 -90 0.054857
-115 -85 0.092755
-115 -80 0.151598
-115 -75 0.255285
-115 -70 0.415342
-115 -65 0.626518
-115 -60 0.836488
-115 -55 0.980195
-115 -50 1.033062
-115 -45 0.983485
-115 -40 0.883892
-115 -35 0.798395
-115 -30 0.775535
-115 -25 0.808702
-115 -20 0.884855
-115 -15 0.995365
-115 -10 1.130783
-115 -5 1.284605
-115 0 1.453135
-115 5 1.609580
-115 10 1.693173
-115 15 1.637933
-115 20 1.439490
-115 25 1.130715
-115 30 0.790895
-115 35 0.494973
-115 40 0.283000
-115 45 0.166986
-115 50 0.119450
-115 55 0.118966
-115 60 0.145699
-115 65 0.187683
-115 70 0.243035
-115 75 0.314937
-115 80 0.410278
-115 85 0.549675
-115 90 0.755267
-115 95 1.060610
-115 100 1.466055
-115 105 1.986447
-115 110 2.627200
-115 115 3.301550
-115 120 3.970025
-115 125 4.489500
-115 130 4.730275
-115 135 4.623875
-115 140 4.223525
-115 145 3.715075
-115 150 3.246925
-115 155 2.854425
-115 160 2.513275
-115 165 2.114202
-115 170 1.681493
-115 175 1.236790
-110 -180 0.681920
-110 -175 0.435817
-110 -170 0.260960
-110 -165 0.143430
-110 -160 0.080492
-110 -155 0.057014
-110 -150 0.057223
-110 -145 0.060724
-110 -140 0.059034
-110 -135 0.054836
-110 -130 0.049011
-110 -125 0.043099
-110 -120 0.037839
-110 -115 0.033650
-110 -110 0.025267
-110 -105 0.019178
-110 -100 0.020174
-110 -95 0.028304
-110 -90 0.044838
-110 -85 0.083381
-110 -80 0.151189
-110 -75 0.277178
-110 -70 0.472688
-110 -65 0.728550
-110 -60 0.979350
-110 -55 1.148915
-110 -50 1.197995
-110 -45 1.116620
-110 -40 0.963200
-110 -35 0.826570
-110 -30 0.774160
-110 -25 0.806660
-110 -20 0.909083
-110 -15 1.055203
-110 -10 1.222883
-110 -5 1.404295
-110 0 1.586068
-110 5 1.739788
-110 10 1.802365
-110 15 1.707702
-110 20 1.460533
-110 25 1.102765
-110 30 0.733088
-110 35 0.424980
-110 40 0.213230
-110 45 0.105386
-110 50 0.062441
-110 55 0.058619
-110 60 0.082437
-110 65 0.124183
-110 70 0.188733
-110 75 0.284340
-110 80 0.416240
-110 85 0.601395
-110 90 0.858628
-110 95 1.228708
-110 100 1.697070
-110 105 2.256803
-110 110 2.911400
-110 115 3.561875
-110 120 4.158100
-110 125 4.577575
-110 130 4.714450
-110 135 4.502625
-110 140 3.992025
-110 145 3.368750
-110 150 2.798125
-110 155 2.331183
-110 160 1.971755
-110 165 1.625875
-110 170 1.298100
-110 175 0.976235
-105 -180 0.540332
-105 -175 0.347477
-105 -170 0.206108
-105 -165 0.107220
-105 -160 0.050479
-105 -155 0.028495
-105 -150 0.026301
-105 -145 0.028762
-105 -140 0.029531
-105 -135 0.028847
-105 -130 0.026378
-105 -125 0.022861
-105 -120 0.018999
-105 -115 0.015862
-105 -110 0.011202
-105 -105 0.008829
-105 -100 0.010959
-105 -95 0.017168
-105 -90 0.030771
-105 -85 0.069497
-105 -80 0.145340
-105 -75 0.290013
-105 -70 0.512452
-105 -65 0.802155
-105 -60 1.084377
-105 -55 1.278390
-105 -50 1.333028
-105 -45 1.234540
-105 -40 1.041042
-105 -35 0.864828
-105 -30 0.791282
-105 -25 0.830800
-105 -20 0.962398
-105 -15 1.140025
-105 -10 1.319692
-105 -5 1.488760
-105 0 1.631042
-105 5 1.727968
-105 10 1.731630
-105 15 1.592065
-105 20 1.322907
-105 25 0.964950
-105 30 0.617090
-105 35 0.338765
-105 40 0.152467
-105 45 0.062220
-105 50 0.026830
-105 55 0.020934
-105 60 0.043187
-105 65 0.086744
-105 70 0.160114
-105 75 0.277080
-105 80 0.440707
-105 85 0.667100
-105 90 0.971725
-105 95 1.398633
-105 100 1.922735
-105 105 2.515750
-105 110 3.180225
-105 115 3.807575
-105 120 4.331425
-105 125 4.648400
-105 130 4.673000
-105 135 4.351850
-105 140 3.739400
-105 145 3.028650
-105 150 2.393887
-105 155 1.892090
-105 160 1.538938
-105 165 1.247300
-105 170 0.998525
-105 175 0.760482
-100 -180 0.437652
-100 -175 0.272040
-100 -170 0.152681
-100 -165 0.074198
-100 -160 0.028691
-100 -155 0.012418
-100 -150 0.009607
-100 -145 0.010753
-100 -140 0.011798
-100 -135 0.012227
-100 -130 0.011551
-100 -125 0.010057
-100 -120 0.008160
-100 -115 0.006571
-100 -110 0.004488
-100 -105 0.003712
-100 -100 0.005130
-100 -95 0.008462
-100 -90 0.019175
-100 -85 0.057991
-100 -80 0.138779
-100 -75 0.293560
-100 -70 0.530535
-100 -65 0.841453
-100 -60 1.148803
-100 -55 1.372023
-100 -50 1.449780
-100 -45 1.357103
-100 -40 1.145282
-100 -35 0.945205
-100 -30 0.858117
-100 -25 0.904473
-100 -20 1.056712
-100 -15 1.252420
-100 -10 1.421707
-100 -5 1.543220
-100 0 1.604788
-100 5 1.605088
-100 10 1.522298
-100 15 1.335357
-100 20 1.066817
-100 25 0.748400
-100 30 0.460510
-100 35 0.242029
-100 40 0.099868
-100 45 0.034784
-100 50 0.011339
-100 55 0.008772
-100 60 0.034117
-100 65 0.083321
-100 70 0.166019
-100 75 0.300357
-100 80 0.486645
-100 85 0.741973
-100 90 1.077122
-100 95 1.537155
-100 100 2.097210
-100 105 2.720425
-100 110 3.414975
-100 115 4.061900
-100 120 4.567500
-100 125 4.826100
-100 130 4.751500
-100 135 4.310475
-100 140 3.579700
-100 145 2.781175
-100 150 2.101052
-100 155 1.595182
-100 160 1.271470
-100 165 1.031282
-100 170 0.828703
-100 175 0.627552
-95 -180 0.383267
-95 -175 0.223921
-95 -170 0.114256
-95 -165 0.050328
-95 -160 0.015248
-95 -155 0.004298
-95 -150 0.001228
-95 -145 0.001221
-95 -140 0.001810
-95 -135 0.002172
-95 -130 0.002076
-95 -125 0.001568
-95 -120 0.000936
-95 -115 0.000442
-95 -110 0.000098
-95 -105 0.000352
-95 -100 0.001211
-95 -95 0.002517
-95 -90 0.010794
-95 -85 0.046652
-95 -80 0.124116
-95 -75 0.274705
-95 -70 0.510195
-95 -65 0.830995
-95 -60 1.166350
-95 -55 1.436527
-95 -50 1.569522
-95 -45 1.519810
-95 -40 1.323350
-95 -35 1.119925
-95 -30 1.025597
-95 -25 1.071310
-95 -20 1.225442
-95 -15 1.415188
-95 -10 1.547413
-95 -5 1.590148
-95 0 1.543313
-95 5 1.427450
-95 10 1.249690
-95 15 1.020000
-95 20 0.768085
-95 25 0.510945
-95 30 0.299800
-95 35 0.152387
-95 40 0.059712
-95 45 0.020456
-95 50 0.010008
-95 55 0.014287
-95 60 0.045263
-95 65 0.101149
-95 70 0.190793
-95 75 0.333110
-95 80 0.524895
-95 85 0.787395
-95 90 1.125010
-95 95 1.585545
-95 100 2.156295
-95 105 2.807800
-95 110 3.560150
-95 115 4.286100
-95 120 4.857950
-95 125 5.143150
-95 130 5.023775
-95 135 4.482075
-95 140 3.625550
-95 145 2.721600
-95 150 1.981112
-95 155 1.462527
-95 160 1.160905
-95 165 0.955425
-95 170 0.770200
-95 175 0.573303
-90 -180 0.360250
-90 -175 0.197051
-90 -170 0.092090
-90 -165 0.038501
-90 -160 0.012380
-90 -155 0.004803
-90 -150 0.001012
-90 -145 0.000000
-90 -140 0.000000
-90 -135 0.000000
-90 -130 0.000000
-90 -125 0.000000
-90 -120 0.000000
-90 -115 0.000000
-90 -110 0.000000
-90 -105 0.000000
-90 -100 0.000000
-90 -95 0.000000
-90 -90 0.006247
-90 -85 0.036745
-90 -80 0.104325
-90 -75 0.239203
-90 -70 0.462438
-90 -65 0.785447
-90 -60 1.152227
-90 -55 1.482797
-90 -50 1.693895
-90 -45 1.718398
-90 -40 1.574515
-90 -35 1.399983
-90 -30 1.319767
-90 -25 1.366455
-90 -20 1.501202
-90 -15 1.645300
-90 -10 1.698840
-90 -5 1.627845
-90 0 1.453072
-90 5 1.221830
-90 10 0.965875
-90 15 0.714043
-90 20 0.494807
-90 25 0.307248
-90 30 0.169867
-90 35 0.083907
-90 40 0.031712
-90 45 0.011889
-90 50 0.010744
-90 55 0.021239
-90 60 0.056405
-90 65 0.115292
-90 70 0.205570
-90 75 0.343488
-90 80 0.522855
-90 85 0.770993
-90 90 1.085730
-90 95 1.521915
-90 100 2.084310
-90 105 2.763300
-90 110 3.592475
-90 115 4.439050
-90 120 5.146675
-90 125 5.538850
-90 130 5.446250
-90 135 4.856775
-90 140 3.901600
-90 145 2.893750
-90 150 2.074410
-90 155 1.513330
-90 160 1.199163
-90 165 0.989187
-90 170 0.787145
-90 175 0.568565
-85 -180 0.379428
-85 -175 0.201625
-85 -170 0.091731
-85 -165 0.038229
-85 -160 0.014872
-85 -155 0.006783
-85 -150 0.001544
-85 -145 0.000000
-85 -140 0.000000
-85 -135 0.000000
-85 -130 0.000000
-85 -125 0.000000
-85 -120 0.000000
-85 -115 0.000000
-85 -110 0.000000
-85 -105 0.000000
-85 -100 0.000000
-85 -95 0.000000
-85 -90 0.004972
-85 -85 0.028127
-85 -80 0.080743
-85 -75 0.190245
-85 -70 0.390223
-85 -65 0.706660
-85 -60 1.104880
-85 -55 1.508873
-85 -50 1.826633
-85 -45 1.972405
-85 -40 1.941007
-85 -35 1.852370
-85 -30 1.825770
-85 -25 1.880383
-85 -20 1.963210
-85 -15 1.998940
-85 -10 1.908225
-85 -5 1.677910
-85 0 1.359110
-85 5 1.024903
-85 10 0.718130
-85 15 0.466683
-85 20 0.286635
-85 25 0.160872
-85 30 0.080964
-85 35 0.038511
-85 40 0.014068
-85 45 0.007162
-85 50 0.012733
-85 55 0.028563
-85 60 0.066251
-85 65 0.123157
-85 70 0.205554
-85 75 0.324228
-85 80 0.472480
-85 85 0.681900
-85 90 0.946800
-85 95 1.328155
-85 100 1.850095
-85 105 2.534225
-85 110 3.431650
-85 115 4.419775
-85 120 5.322350
-85 125 5.909050
-85 130 5.944175
-85 135 5.393000
-85 140 4.394250
-85 145 3.296075
-85 150 2.377535
-85 155 1.737255
-85 160 1.367848
-85 165 1.116513
-85 170 0.873008
-85 175 0.616865
-80 -180 0.391730
-80 -175 0.204518
-80 -170 0.092522
-80 -165 0.038384
-80 -160 0.016979
-80 -155 0.008050
-80 -150 0.001855
-80 -145 0.000000
-80 -140 0.000000
-80 -135 0.000000
-80 -130 0.000000
-80 -125 0.000000
-80 -120 0.000000
-80 -115 0.000000
-80 -110 0.000000
-80 -105 0.000000
-80 -100 0.000000
-80 -95 0.000000
-80 -90 0.003672
-80 -85 0.019873
-80 -80 0.057517
-80 -75 0.140028
-80 -70 0.312560
-80 -65 0.616290
-80 -60 1.039807
-80 -55 1.520380
-80 -50 1.967297
-80 -45 2.280865
-80 -40 2.430205
-80 -35 2.496275
-80 -30 2.568025
-80 -25 2.630075
-80 -20 2.612075
-80 -15 2.462515
-80 -10 2.155690
-80 -5 1.726130
-80 0 1.260587
-80 5 0.845492
-80 10 0.519005
-80 15 0.286822
-80 20 0.145677
-80 25 0.067353
-80 30 0.026414
-80 35 0.010690
-80 40 0.003024
-80 45 0.004283
-80 50 0.014291
-80 55 0.033431
-80 60 0.070328
-80 65 0.120126
-80 70 0.186514
-80 75 0.274707
-80 80 0.379842
-80 85 0.535390
-80 90 0.736175
-80 95 1.043353
-80 100 1.496100
-80 105 2.146530
-80 110 3.064325
-80 115 4.162475
-80 120 5.261375
-80 125 6.089575
-80 130 6.343675
-80 135 5.930850
-80 140 4.967875
-80 145 3.812500
-80 150 2.784675
-80 155 2.030162
-80 160 1.560820
-80 165 1.238092
-80 170 0.942298
-80 175 0.650322
-75 -180 0.369900
-75 -175 0.189309
-75 -170 0.085053
-75 -165 0.034332
-75 -160 0.016054
-75 -155 0.007620
-75 -150 0.001756
-75 -145 0.000000
-75 -140 0.000000
-75 -135 0.000000
-75 -130 0.000000
-75 -125 0.000000
-75 -120 0.000000
-75 -115 0.000000
-75 -110 0.000000
-75 -105 0.000000
-75 -100 0.000000
-75 -95 0.000000
-75 -90 0.002747
-75 -85 0.013840
-75 -80 0.039290
-75 -75 0.099427
-75 -70 0.244641
-75 -65 0.529145
-75 -60 0.964655
-75 -55 1.509087
-75 -50 2.084162
-75 -45 2.586925
-75 -40 2.959600
-75 -35 3.225675
-75 -30 3.420850
-75 -25 3.485500
-75 -20 3.332100
-75 -15 2.949625
-75 -10 2.390140
-75 -5 1.752880
-75 0 1.157887
-75 5 0.692588
-75 10 0.376715
-75 15 0.179462
-75 20 0.074533
-75 25 0.028447
-75 30 0.008096
-75 35 0.002643
-75 40 0.000481
-75 45 0.003810
-75 50 0.014217
-75 55 0.032730
-75 60 0.064738
-75 65 0.103507
-75 70 0.149860
-75 75 0.204832
-75 80 0.266393
-75 85 0.366223
-75 90 0.502267
-75 95 0.728228
-75 100 1.090780
-75 105 1.662803
-75 110 2.535575
-75 115 3.679325
-75 120 4.932075
-75 125 6.002250
-75 130 6.527725
-75 135 6.327675
-75 140 5.466475
-75 145 4.286225
-75 150 3.150925
-75 155 2.264823
-75 160 1.673085
-75 165 1.270882
-75 170 0.934055
-75 175 0.627005
-70 -180 0.300913
-70 -175 0.149025
-70 -170 0.065453
-70 -165 0.024915
-70 -160 0.011985
-70 -155 0.005692
-70 -150 0.001312
-70 -145 0.000000
-70 -140 0.000000
-70 -135 0.000000
-70 -130 0.000000
-70 -125 0.000000
-70 -120 0.000000
-70 -115 0.000000
-70 -110 0.000000
-70 -105 0.000000
-70 -100 0.000000
-70 -95 0.000000
-70 -90 0.001984
-70 -85 0.009615
-70 -80 0.026563
-70 -75 0.070035
-70 -70 0.190176
-70 -65 0.448355
-70 -60 0.874472
-70 -55 1.451928
-70 -50 2.126510
-70 -45 2.801725
-70 -40 3.396300
-70 -35 3.865225
-70 -30 4.174775
-70 -25 4.218425
-70 -20 3.906150
-70 -15 3.283875
-70 -10 2.490003
-70 -5 1.686435
-70 0 1.013045
-70 5 0.539207
-70 10 0.258165
-70 15 0.103373
-70 20 0.031322
-70 25 0.008183
-70 30 0.000594
-70 35 0.000000
-70 40 0.000000
-70 45 0.003158
-70 50 0.011488
-70 55 0.025843
-70 60 0.048824
-70 65 0.074018
-70 70 0.100538
-70 75 0.127878
-70 80 0.156474
-70 85 0.212869
-70 90 0.296842
-70 95 0.449765
-70 100 0.717167
-70 105 1.177843
-70 110 1.943333
-70 115 3.045850
-70 120 4.355100
-70 125 5.590075
-70 130 6.354850
-70 135 6.378375
-70 140 5.655325
-70 145 4.493750
-70 150 3.290950
-70 155 2.301975
-70 160 1.611090
-70 165 1.156765
-70 170 0.812305
-70 175 0.525432
-65 -180 0.210461
-65 -175 0.100365
-65 -170 0.042552
-65 -165 0.014840
-65 -160 0.007074
-65 -155 0.003359
-65 -150 0.000774
-65 -145 0.000000
-65 -140 0.000000
-65 -135 0.000000
-65 -130 0.000000
-65 -125 0.000000
-65 -120 0.000000
-65 -115 0.000000
-65 -110 0.000000
-65 -105 0.000000
-65 -100 0.000000
-65 -95 0.000000
-65 -90 0.001474
-65 -85 0.006710
-65 -80 0.017487
-65 -75 0.048746
-65 -70 0.145933
-65 -65 0.372405
-65 -60 0.772535
-65 -55 1.352008
-65 -50 2.082390
-65 -45 2.872200
-65 -40 3.618175
-65 -35 4.210700
-65 -30 4.556225
-65 -25 4.526825
-65 -20 4.057175
-65 -15 3.254650
-65 -10 2.325980
-65 -5 1.465685
-65 0 0.808040
-65 5 0.386655
-65 10 0.167223
-65 15 0.059321
-65 20 0.013780
-65 25 0.002947
-65 30 0.000003
-65 35 0.000000
-65 40 0.000000
-65 45 0.002061
-65 50 0.007388
-65 55 0.016414
-65 60 0.030199
-65 65 0.044267
-65 70 0.057194
-65 75 0.068082
-65 80 0.078161
-65 85 0.105999
-65 90 0.153211
-65 95 0.248146
-65 100 0.429310
-65 105 0.769778
-65 110 1.391300
-65 115 2.371280
-65 120 3.616275
-65 125 4.882125
-65 130 5.773125
-65 135 5.960025
-65 140 5.377150
-65 145 4.288750
-65 150 3.096950
-65 155 2.084792
-65 160 1.367017
-65 165 0.918242
-65 170 0.611092
-65 175 0.379660
-60 -180 0.122412
-60 -175 0.055704
-60 -170 0.022562
-60 -165 0.007054
-60 -160 0.003301
-60 -155 0.001568
-60 -150 0.000361
-60 -145 0.000000
-60 -140 0.000000
-60 -135 0.000000
-60 -130 0.000000
-60 -125 0.000000
-60 -120 0.000000
-60 -115 0.000000
-60 -110 0.000000
-60 -105 0.000000
-60 -100 0.000000
-60 -95 0.000000
-60 -90 0.000942
-60 -85 0.004263
-60 -80 0.011059
-60 -75 0.034981
-60 -70 0.114286
-60 -65 0.307432
-60 -60 0.669508
-60 -55 1.215947
-60 -50 1.935685
-60 -45 2.737625
-60 -40 3.500825
-60 -35 4.074925
-60 -30 4.343725
-60 -25 4.201300
-60 -20 3.632750
-60 -15 2.784375
-60 -10 1.885358
-60 -5 1.112367
-60 0 0.567452
-60 5 0.245912
-60 10 0.098068
-60 15 0.031899
-60 20 0.005935
-60 25 0.001191
-60 30 0.000000
-60 35 0.000000
-60 40 0.000000
-60 45 0.001058
-60 50 0.003768
-60 55 0.008342
-60 60 0.014968
-60 65 0.021180
-60 70 0.025827
-60 75 0.028330
-60 80 0.029919
-60 85 0.041587
-60 90 0.066053
-60 95 0.120197
-60 100 0.232609
-60 105 0.464030
-60 110 0.933583
-60 115 1.736170
-60 120 2.808900
-60 125 3.958800
-60 130 4.824325
-60 135 5.072050
-60 140 4.608725
-60 145 3.654300
-60 150 2.578850
-60 155 1.655015
-60 160 1.005552
-60 165 0.624287
-60 170 0.388107
-60 175 0.229839
-55 -180 0.055153
-55 -175 0.022854
-55 -170 0.008066
-55 -165 0.001572
-55 -160 0.000664
-55 -155 0.000315
-55 -150 0.000073
-55 -145 0.000000
-55 -140 0.000000
-55 -135 0.000000
-55 -130 0.000000
-55 -125 0.000000
-55 -120 0.000000
-55 -115 0.000000
-55 -110 0.000000
-55 -105 0.000000
-55 -100 0.000000
-55 -95 0.000000
-55 -90 0.000484
-55 -85 0.002187
-55 -80 0.005918
-55 -75 0.023840
-55 -70 0.085890
-55 -65 0.241209
-55 -60 0.550358
-55 -55 1.026380
-55 -50 1.662592
-55 -45 2.367280
-55 -40 3.011775
-55 -35 3.442525
-55 -30 3.563600
-55 -25 3.324475
-55 -20 2.761150
-55 -15 2.019265
-55 -10 1.298762
-55 -5 0.719982
-55 0 0.340493
-55 5 0.132786
-55 10 0.048772
-55 15 0.014453
-55 20 0.001924
-55 25 0.000323
-55 30 0.000000
-55 35 0.000000
-55 40 0.000000
-55 45 0.000374
-55 50 0.001297
-55 55 0.002826
-55 60 0.004900
-55 65 0.006732
-55 70 0.007674
-55 75 0.007701
-55 80 0.007402
-55 85 0.012200
-55 90 0.024992
-55 95 0.055024
-55 100 0.120329
-55 105 0.265497
-55 110 0.590928
-55 115 1.182302
-55 120 2.000463
-55 125 2.909875
-55 130 3.617650
-55 135 3.840375
-55 140 3.488700
-55 145 2.733500
-55 150 1.874538
-55 155 1.137365
-55 160 0.630698
-55 165 0.353890
-55 170 0.199445
-55 175 0.110439
-50 -180 0.018063
-50 -175 0.006547
-50 -170 0.001917
-50 -165 0.000089
-50 -160 0.000000
-50 -155 0.000000
-50 -150 0.000000
-50 -145 0.000000
-50 -140 0.000000
-50 -135 0.000000
-50 -130 0.000000
-50 -125 0.000000
-50 -120 0.000000
-50 -115 0.000000
-50 -110 0.000000
-50 -105 0.000000
-50 -100 0.000000
-50 -95 0.000000
-50 -90 0.000171
-50 -85 0.000774
-50 -80 0.002607
-50 -75 0.015183
-50 -70 0.060967
-50 -65 0.175631
-50 -60 0.415762
-50 -55 0.785633
-50 -50 1.275170
-50 -45 1.801055
-50 -40 2.246805
-50 -35 2.489273
-50 -30 2.474483
-50 -25 2.205027
-50 -20 1.745400
-50 -15 1.207655
-50 -10 0.732630
-50 -5 0.378018
-50 0 0.162634
-50 5 0.054595
-50 10 0.017895
-50 15 0.004567
-50 20 0.000189
-50 25 0.000000
-50 30 0.000000
-50 35 0.000000
-50 40 0.000000
-50 45 0.000000
-50 50 0.000000
-50 55 0.000000
-50 60 0.000000
-50 65 0.000000
-50 70 0.000000
-50 75 0.000000
-50 80 0.000221
-50 85 0.002642
-50 90 0.010327
-50 95 0.028144
-50 100 0.065311
-50 105 0.149995
-50 110 0.354388
-50 115 0.739400
-50 120 1.282320
-50 125 1.901468
-50 130 2.390248
-50 135 2.545750
-50 140 2.301550
-50 145 1.777458
-50 150 1.182827
-50 155 0.676217
-50 160 0.337705
-50 165 0.166331
-50 170 0.079928
-50 175 0.039939
-45 -180 0.004038
-45 -175 0.001398
-45 -170 0.000313
-45 -165 0.000000
-45 -160 0.000000
-45 -155 0.000000
-45 -150 0.000000
-45 -145 0.000000
-45 -140 0.000000
-45 -135 0.000000
-45 -130 0.000000
-45 -125 0.000000
-45 -120 0.000000
-45 -115 0.000000
-45 -110 0.000000
-45 -105 0.000000
-45 -100 0.000000
-45 -95 0.000000
-45 -90 0.000000
-45 -85 0.000000
-45 -80 0.000590
-45 -75 0.008387
-45 -70 0.038811
-45 -65 0.114990
-45 -60 0.281348
-45 -55 0.534403
-45 -50 0.860685
-45 -45 1.193460
-45 -40 1.443742
-45 -35 1.532795
-45 -30 1.445205
-45 -25 1.214320
-45 -20 0.904807
-45 -15 0.583767
-45 -10 0.329895
-45 -5 0.155756
-45 0 0.058971
-45 5 0.015427
-45 10 0.004151
-45 15 0.000883
-45 20 0.000010
-45 25 0.000000
-45 30 0.000000
-45 35 0.000000
-45 40 0.000000
-45 45 0.000000
-45 50 0.000000
-45 55 0.000000
-45 60 0.000000
-45 65 0.000000
-45 70 0.000000
-45 75 0.000000
-45 80 0.000031
-45 85 0.000401
-45 90 0.004113
-45 95 0.013114
-45 100 0.031611
-45 105 0.076186
-45 110 0.190994
-45 115 0.413192
-45 120 0.727860
-45 125 1.092797
-45 130 1.379695
-45 135 1.465180
-45 140 1.311085
-45 145 0.993060
-45 150 0.637543
-45 155 0.340115
-45 160 0.148754
-45 165 0.061757
-45 170 0.022297
-45 175 0.009821
-40 -180 0.000240
-40 -175 0.000115
-40 -170 0.000027
-40 -165 0.000000
-40 -160 0.000000
-40 -155 0.000000
-40 -150 0.000000
-40 -145 0.000000
-40 -140 0.000000
-40 -135 0.000000
-40 -130 0.000000
-40 -125 0.000000
-40 -120 0.000000
-40 -115 0.000000
-40 -110 0.000000
-40 -105 0.000000
-40 -100 0.000000
-40 -95 0.000000
-40 -90 0.000000
-40 -85 0.000000
-40 -80 0.000284
-40 -75 0.004865
-40 -70 0.023310
-40 -65 0.067904
-40 -60 0.167201
-40 -55 0.314155
-40 -50 0.495578
-40 -45 0.666752
-40 -40 0.772393
-40 -35 0.773442
-40 -30 0.676585
-40 -25 0.519680
-40 -20 0.350330
-40 -15 0.198903
-40 -10 0.098269
-40 -5 0.038862
-40 0 0.010885
-40 5 0.000790
-40 10 0.000071
-40 15 0.000000
-40 20 0.000000
-40 25 0.000000
-40 30 0.000000
-40 35 0.000000
-40 40 0.000000
-40 45 0.000000
-40 50 0.000000
-40 55 0.000000
-40 60 0.000000
-40 65 0.000000
-40 70 0.000000
-40 75 0.000000
-40 80 0.000000
-40 85 0.000000
-40 90 0.002072
-40 95 0.006839
-40 100 0.015473
-40 105 0.035729
-40 110 0.089180
-40 115 0.194290
-40 120 0.342603
-40 125 0.517513
-40 130 0.653720
-40 135 0.690485
-40 140 0.610838
-40 145 0.453690
-40 150 0.281127
-40 155 0.139487
-40 160 0.051746
-40 165 0.016671
-40 170 0.002220
-40 175 0.000531
-35 -180 0.000000
-35 -175 0.000000
-35 -170 0.000000
-35 -165 0.000000
-35 -160 0.000000
-35 -155 0.000000
-35 -150 0.000000
-35 -145 0.000000
-35 -140 0.000000
-35 -135 0.000000
-35 -130 0.000000
-35 -125 0.000000
-35 -120 0.000000
-35 -115 0.000000
-35 -110 0.000000
-35 -105 0.000000
-35 -100 0.000000
-35 -95 0.000000
-35 -90 0.000000
-35 -85 0.000000
-35 -80 0.000072
-35 -75 0.002034
-35 -70 0.010766
-35 -65 0.031658
-35 -60 0.079878
-35 -55 0.149181
-35 -50 0.229489
-35 -45 0.297403
-35 -40 0.324887
-35 -35 0.299355
-35 -30 0.233885
-35 -25 0.155838
-35 -20 0.089426
-35 -15 0.040550
-35 -10 0.016655
-35 -5 0.005982
-35 0 0.001392
-35 5 0.000000
-35 10 0.000000
-35 15 0.000000
-35 20 0.000000
-35 25 0.000000
-35 30 0.000000
-35 35 0.000000
-35 40 0.000000
-35 45 0.000000
-35 50 0.000000
-35 55 0.000000
-35 60 0.000000
-35 65 0.000000
-35 70 0.000000
-35 75 0.000000
-35 80 0.000000
-35 85 0.000000
-35 90 0.001118
-35 95 0.003427
-35 100 0.007070
-35 105 0.014539
-35 110 0.034136
-35 115 0.073595
-35 120 0.129160
-35 125 0.196781
-35 130 0.249955
-35 135 0.264512
-35 140 0.233668
-35 145 0.172755
-35 150 0.106148
-35 155 0.051648
-35 160 0.018130
-35 165 0.005708
-35 170 0.000220
-35 175 0.000000
-30 -180 0.000000
-30 -175 0.000000
-30 -170 0.000000
-30 -165 0.000000
-30 -160 0.000000
-30 -155 0.000000
-30 -150 0.000000
-30 -145 0.000000
-30 -140 0.000000
-30 -135 0.000000
-30 -130 0.000000
-30 -125 0.000000
-30 -120 0.000000
-30 -115 0.000000
-30 -110 0.000000
-30 -105 0.000000
-30 -100 0.000000
-30 -95 0.000000
-30 -90 0.000000
-30 -85 0.000000
-30 -80 0.000000
-30 -75 0.000639
-30 -70 0.004057
-30 -65 0.011813
-30 -60 0.028965
-30 -55 0.052200
-30 -50 0.077065
-30 -45 0.095066
-30 -40 0.097641
-30 -35 0.083136
-30 -30 0.058256
-30 -25 0.033053
-30 -20 0.015127
-30 -15 0.004096
-30 -10 0.000818
-30 -5 0.000171
-30 0 0.000000
-30 5 0.000000
-30 10 0.000000
-30 15 0.000000
-30 20 0.000000
-30 25 0.000000
-30 30 0.000000
-30 35 0.000000
-30 40 0.000000
-30 45 0.000000
-30 50 0.000000
-30 55 0.000000
-30 60 0.000000
-30 65 0.000000
-30 70 0.000000
-30 75 0.000000
-30 80 0.000000
-30 85 0.000000
-30 90 0.000471
-30 95 0.001444
-30 100 0.002863
-30 105 0.005181
-30 110 0.010481
-30 115 0.021739
-30 120 0.036863
-30 125 0.056316
-30 130 0.071927
-30 135 0.076353
-30 140 0.067407
-30 145 0.049688
-30 150 0.030448
-30 155 0.014782
-30 160 0.004867
-30 165 0.001770
-30 170 0.000000
-30 175 0.000000
-25 -180 0.000000
-25 -175 0.000000
-25 -170 0.000000
-25 -165 0.000000
-25 -160 0.000000
-25 -155 0.000000
-25 -150 0.000000
-25 -145 0.000000
-25 -140 0.000000
-25 -135 0.000000
-25 -130 0.000000
-25 -125 0.000000
-25 -120 0.000000
-25 -115 0.000000
-25 -110 0.000000
-25 -105 0.000000
-25 -100 0.000000
-25 -95 0.000000
-25 -90 0.000000
-25 -85 0.000000
-25 -80 0.000000
-25 -75 0.000215
-25 -70 0.001405
-25 -65 0.003834
-25 -60 0.008371
-25 -55 0.013798
-25 -50 0.018687
-25 -45 0.020996
-25 -40 0.019542
-25 -35 0.014998
-25 -30 0.009359
-25 -25 0.004515
-25 -20 0.001677
-25 -15 0.000192
-25 -10 0.000000
-25 -5 0.000000
-25 0 0.000000
-25 5 0.000000
-25 10 0.000000
-25 15 0.000000
-25 20 0.000000
-25 25 0.000000
-25 30 0.000000
-25 35 0.000000
-25 40 0.000000
-25 45 0.000000
-25 50 0.000000
-25 55 0.000000
-25 60 0.000000
-25 65 0.000000
-25 70 0.000000
-25 75 0.000000
-25 80 0.000000
-25 85 0.000000
-25 90 0.000009
-25 95 0.000028
-25 100 0.000056
-25 105 0.000087
-25 110 0.000456
-25 115 0.002271
-25 120 0.004993
-25 125 0.009225
-25 130 0.013329
-25 135 0.015653
-25 140 0.015059
-25 145 0.011968
-25 150 0.007900
-25 155 0.004219
-25 160 0.001501
-25 165 0.000560
-25 170 0.000000
-25 175 0.000000
-20 -180 0.000000
-20 -175 0.000000
-20 -170 0.000000
-20 -165 0.000000
-20 -160 0.000000
-20 -155 0.000000
-20 -150 0.000000
-20 -145 0.000000
-20 -140 0.000000
-20 -135 0.000000
-20 -130 0.000000
-20 -125 0.000000
-20 -120 0.000000
-20 -115 0.000000
-20 -110 0.000000
-20 -105 0.000000
-20 -100 0.000000
-20 -95 0.000000
-20 -90 0.000000
-20 -85 0.000000
-20 -80 0.000000
-20 -75 0.000000
-20 -70 0.000000
-20 -65 0.000062
-20 -60 0.000270
-20 -55 0.000569
-20 -50 0.000948
-20 -45 0.001249
-20 -40 0.001300
-20 -35 0.001068
-20 -30 0.000691
-20 -25 0.000352
-20 -20 0.000121
-20 -15 0.000000
-20 -10 0.000000
-20 -5 0.000000
-20 0 0.000000
-20 5 0.000000
-20 10 0.000000
-20 15 0.000000
-20 20 0.000000
-20 25 0.000000
-20 30 0.000000
-20 35 0.000000
-20 40 0.000000
-20 45 0.000000
-20 50 0.000000
-20 55 0.000000
-20 60 0.000000
-20 65 0.000000
-20 70 0.000000
-20 75 0.000000
-20 80 0.000000
-20 85 0.000000
-20 90 0.000000
-20 95 0.000000
-20 100 0.000000
-20 105 0.000000
-20 110 0.000000
-20 115 0.000000
-20 120 0.000000
-20 125 0.000000
-20 130 0.000000
-20 135 0.000000
-20 140 0.000000
-20 145 0.000000
-20 150 0.000000
-20 155 0.000000
-20 160 0.000000
-20 165 0.000000
-20 170 0.000000
-20 175 0.000000
-15 -180 0.000000
-15 -175 0.000000
-15 -170 0.000000
-15 -165 0.000000
-15 -160 0.000000
-15 -155 0.000000
-15 -150 0.000000
-15 -145 0.000000
-15 -140 0.000000
-15 -135 0.000000
-15 -130 0.000000
-15 -125 0.000000
-15 -120 0.000000
-15 -115 0.000000
-15 -110 0.000000
-15 -105 0.000000
-15 -100 0.000000
-15 -95 0.000000
-15 -90 0.000000
-15 -85 0.000000
-15 -80 0.000000
-15 -75 0.000000
-15 -70 0.000000
-15 -65 0.000000
-15 -60 0.000000
-15 -55 0.000000
-15 -50 0.000000
-15 -45 0.000000
-15 -40 0.000000
-15 -35 0.000000
-15 -30 0.000000
-15 -25 0.000000
-15 -20 0.000000
-15 -15 0.000000
-15 -10 0.000000
-15 -5 0.000000
-15 0 0.000000
-15 5 0.000000
-15 10 0.000000
-15 15 0.000000
-15 20 0.000000
-15 25 0.000000
-15 30 0.000000
-15 35 0.000000
-15 40 0.000000
-15 45 0.000000
-15 50 0.000000
-15 55 0.000000
-15 60 0.000000
-15 65 0.000000
-15 70 0.000000
-15 75 0.000000
-15 80 0.000000
-15 85 0.000000
-15 90 0.000000
-15 95 0.000000
-15 100 0.000000
-15 105 0.000000
-15 110 0.000000
-15 115 0.000000
-15 120 0.000000
-15 125 0.000000
-15 130 0.000000
-15 135 0.000000
-15 140 0.000000
-15 145 0.000000
-15 150 0.000000
-15 155 0.000000
-15 160 0.000000
-15 165 0.000000
-15 170 0.000000
-15 175 0.000000
-10 -180 0.000000
-10 -175 0.000000
-10 -170 0.000000
-10 -165 0.000000
-10 -160 0.000000
-10 -155 0.000000
-10 -150 0.000000
-10 -145 0.000000
-10 -140 0.000000
-10 -135 0.000000
-10 -130 0.000000
-10 -125 0.000000
-10 -120 0.000000
-10 -115 0.000000
-10 -110 0.000000
-10 -105 0.000000
-10 -100 0.000000
-10 -95 0.000000
-10 -90 0.000000
-10 -85 0.000000
-10 -80 0.000000
-10 -75 0.000000
-10 -70 0.000000
-10 -65 0.000000
-10 -60 0.000000
-10 -55 0.000000
-10 -50 0.000000
-10 -45 0.000000
-10 -40 0.000000
-10 -35 0.000000
-10 -30 0.000000
-10 -25 0.000000
-10 -20 0.000000
-10 -15 0.000000
-10 -10 0.000000
-10 -5 0.000000
-10 0 0.000000
-10 5 0.000000
-10 10 0.000000
-10 15 0.000000
-10 20 0.000000
-10 25 0.000000
-10 30 0.000000
-10 35 0.000000
-10 40 0.000000
-10 45 0.000000
-10 50 0.000000
-10 55 0.000000
-10 60 0.000000
-10 65 0.000000
-10 70 0.000000
-10 75 0.000000
-10 80 0.000000
-10 85 0.000000
-10 90 0.000000
-10 95 0.000000
-10 100 0.000000
-10 105 0.000000
-10 110 0.000000
-10 115 0.000000
-10 120 0.000000
-10 125 0.000000
-10 130 0.000000
-10 135 0.000000
-10 140 0.000000
-10 145 0.000000
-10 150 0.000000
-10 155 0.000000
-10 160 0.000000
-10 165 0.000000
-10 170 0.000000
-10 175 0.000000
-5 -180 0.000000
-5 -175 0.000000
-5 -170 0.000000
-5 -165 0.000000
-5 -160 0.000000
-5 -155 0.000000
-5 -150 0.000000
-5 -145 0.000000
-5 -140 0.000000
-5 -135 0.000000
-5 -130 0.000000
-5 -125 0.000000
-5 -120 0.000000
-5 -115 0.000000
-5 -110 0.000000
-5 -105 0.000000
-5 -100 0.000000
-5 -95 0.000000
-5 -90 0.000000
-5 -85 0.000000
-5 -80 0.000000
-5 -75 0.000000
-5 -70 0.000000
-5 -65 0.000000
-5 -60 0.000000
-5 -55 0.000000
-5 -50 0.000000
-5 -45 0.000000
-5 -40 0.000000
-5 -35 0.000000
-5 -30 0.000000
-5 -25 0.000000
-5 -20 0.000000
-5 -15 0.000000
-5 -10 0.000000
-5 -5 0.000000
-5 0 0.000000
-5 5 0.000000
-5 10 0.000000
-5 15 0.000000
-5 20 0.000000
-5 25 0.000000
-5 30 0.000000
-5 35 0.000000
-5 40 0.000000
-5 45 0.000000
-5 50 0.000000
-5 55 0.000000
-5 60 0.000000
-5 65 0.000000
-5 70 0.000000
-5 75 0.000000
-5 80 0.000000
-5 85 0.000000
-5 90 0.000000
-5 95 0.000000
-5 100 0.000000
-5 105 0.000000
-5 110 0.000000
-5 115 0.000000
-5 120 0.000000
-5 125 0.000000
-5 130 0.000000
-5 135 0.000000
-5 140 0.000000
-5 145 0.000000
-5 150 0.000000
-5 155 0.000000
-5 160 0.000000
-5 165 0.000000
-5 170 0.000000
-5 175 0.000000
0 -180 0.000000
0 -175 0.000000
0 -170 0.000000
0 -165 0.000000
0 -160 0.000000
0 -155 0.000000
0 -150 0.000000
0 -145 0.000000
0 -140 0.000000
0 -135 0.000000
0 -130 0.000000
0 -125 0.000000
0 -120 0.000000
0 -115 0.000000
0 -110 0.000000
0 -105 0.000000
0 -100 0.000000
0 -95 0.000000
0 -90 0.000000
0 -85 0.000000
0 -80 0.000000
0 -75 0.000000
0 -70 0.000000
0 -65 0.000000
0 -60 0.000000
0 -55 0.000000
0 -50 0.000000
0 -45 0.000000
0 -40 0.000000
0 -35 0.000000
0 -30 0.000000
0 -25 0.000000
0 -20 0.000000
0 -15 0.000000
0 -10 0.000000
0 -5 0.000000
0 0 0.000000
0 5 0.000000
0 10 0.000000
0 15 0.000000
0 20 0.000000
0 25 0.000000
0 30 0.000000
0 35 0.000000
0 40 0.000000
0 45 0.000000
0 50 0.000000
0 55 0.000000
0 60 0.000000
0 65 0.000000
0 70 0.000000
0 75 0.000000
0 80 0.000000
0 85 0.000000
0 90 0.000000
0 95 0.000000
0 100 0.000000
0 105 0.000000
0 110 0.000000
0 115 0.000000
0 120 0.000000
0 125 0.000000
0 130 0.000000
0 135 0.000000
0 140 0.000000
0 145 0.000000
0 150 0.000000
0 155 0.000000
0 160 0.000000
0 165 0.000000
0 170 0.000000
0 175 0.000000
5 -180 0.000000
5 -175 0.000000
5 -170 0.000000
5 -165 0.000000
5 -160 0.000000
5 -155 0.000000
5 -150 0.000000
5 -145 0.000000
5 -140 0.000000
5 -135 0.000000
5 -130 0.000000
5 -125 0.000000
5 -120 0.000000
5 -115 0.000000
5 -110 0.000000
5 -105 0.000000
5 -100 0.000000
5 -95 0.000000
5 -90 0.000000
5 -85 0.000000
5 -80 0.000000
5 -75 0.000000
5 -70 0.000000
5 -65 0.000000
5 -60 0.000000
5 -55 0.000000
5 -50 0.000000
5 -45 0.000000
5 -40 0.000000
5 -35 0.000000
5 -30 0.000000
5 -25 0.000000
5 -20 0.000000
5 -15 0.000000
5 -10 0.000000
5 -5 0.000000
5 0 0.000000
5 5 0.000000
5 10 0.000000
5 15 0.000000
5 20 0.000000
5 25 0.000000
5 30 0.000000
5 35 0.000000
5 40 0.000000
5 45 0.000000
5 50 0.000000
5 55 0.000000
5 60 0.000000
5 65 0.000000
5 70 0.000000
5 75 0.000000
5 80 0.000000
5 85 0.000000
5 90 0.000000
5 95 0.000000
5 100 0.000000
5 105 0.000000
5 110 0.000000
5 115 0.000000
5 120 0.000000
5 125 0.000000
5 130 0.000000
5 135 0.000000
5 140 0.000000
5 145 0.000000
5 150 0.000000
5 155 0.000000
5 160 0.000000
5 165 0.000000
5 170 0.000000
5 175 0.000000
10 -180 0.000000
10 -175 0.000000
10 -170 0.000000
10 -165 0.000000
10 -160 0.000000
10 -155 0.000000
10 -150 0.000000
10 -145 0.000000
10 -140 0.000000
10 -135 0.000000
10 -130 0.000000
10 -125 0.000000
10 -120 0.000000
10 -115 0.000000
10 -110 0.000000
10 -105 0.000000
10 -100 0.000000
10 -95 0.000000
10 -90 0.000000
10 -85 0.000000
10 -80 0.000000
10 -75 0.000000
10 -70 0.000000
10 -65 0.000000
10 -60 0.000000
10 -55 0.000000
10 -50 0.000000
10 -45 0.000000
10 -40 0.000000
10 -35 0.000000
10 -30 0.000000
10 -25 0.000000
10 -20 0.000000
10 -15 0.000000
10 -10 0.000000
10 -5 0.000000
10 0 0.000000
10 5 0.000000
10 10 0.000000
10 15 0.000000
10 20 0.000000
10 25 0.000000
10 30 0.000000
10 35 0.000000
10 40 0.000000
10 45 0.000000
10 50 0.000000
10 55 0.000000
10 60 0.000000
10 65 0.000000
10 70 0.000000
10 75 0.000000
10 80 0.000000
10 85 0.000000
10 90 0.000000
10 95 0.000000
10 100 0.000000
10 105 0.000000
10 110 0.000000
10 115 0.000000
10 120 0.000000
10 125 0.000000
10 130 0.000000
10 135 0.000000
10 140 0.000000
10 145 0.000000
10 150 0.000000
10 155 0.000000
10 160 0.000000
10 165 0.000000
10 170 0.000000
10 175 0.000000
15 -180 0.000000
15 -175 0.000000
15 -170 0.000000
15 -165 0.000000
15 -160 0.000000
15 -155 0.000000
15 -150 0.000000
15 -145 0.000000
15 -140 0.000000
15 -135 0.000000
15 -130 0.000000
15 -125 0.000000
15 -120 0.000000
15 -115 0.000000
15 -110 0.000000
15 -105 0.000000
15 -100 0.000000
15 -95 0.000000
15 -90 0.000000
15 -85 0.000000
15 -80 0.000000
15 -75 0.000000
15 -70 0.000000
15 -65 0.000000
15 -60 0.000000
15 -55 0.000000
15 -50 0.000000
15 -45 0.000000
15 -40 0.000000
15 -35 0.000000
15 -30 0.000000
15 -25 0.000000
15 -20 0.000000
15 -15 0.000000
15 -10 0.000000
15 -5 0.000000
15 0 0.000000
15 5 0.000000
15 10 0.000000
15 15 0.000000
15 20 0.000000
15 25 0.000110
15 30 0.000429
15 35 0.000888
15 40 0.001456
15 45 0.001888
15 50 0.001935
15 55 0.001568
15 60 0.001003
15 65 0.000506
15 70 0.000165
15 75 0.000000
15 80 0.000000
15 85 0.000000
15 90 0.000000
15 95 0.000000
15 100 0.000000
15 105 0.000000
15 110 0.000000
15 115 0.000000
15 120 0.000000
15 125 0.000000
15 130 0.000000
15 135 0.000000
15 140 0.000000
15 145 0.000000
15 150 0.000000
15 155 0.000000
15 160 0.000000
15 165 0.000000
15 170 0.000000
15 175 0.000000
20 -180 0.000000
20 -175 0.000000
20 -170 0.000000
20 -165 0.000000
20 -160 0.000000
20 -155 0.000000
20 -150 0.000000
20 -145 0.000000
20 -140 0.000000
20 -135 0.000000
20 -130 0.000000
20 -125 0.000000
20 -120 0.000000
20 -115 0.000000
20 -110 0.000000
20 -105 0.000000
20 -100 0.000000
20 -95 0.000000
20 -90 0.000000
20 -85 0.000000
20 -80 0.000000
20 -75 0.000000
20 -70 0.000000
20 -65 0.000000
20 -60 0.000000
20 -55 0.000000
20 -50 0.000000
20 -45 0.000000
20 -40 0.000000
20 -35 0.000000
20 -30 0.000000
20 -25 0.000000
20 -20 0.000000
20 -15 0.000000
20 -10 0.000000
20 -5 0.000000
20 0 0.000000
20 5 0.000000
20 10 0.000000
20 15 0.000000
20 20 0.000000
20 25 0.000459
20 30 0.002185
20 35 0.005180
20 40 0.009393
20 45 0.013495
20 50 0.015704
20 55 0.014870
20 60 0.011499
20 65 0.007283
20 70 0.003630
20 75 0.001215
20 80 0.000288
20 85 0.000000
20 90 0.000000
20 95 0.000000
20 100 0.000000
20 105 0.000000
20 110 0.000000
20 115 0.000000
20 120 0.000000
20 125 0.000000
20 130 0.000000
20 135 0.000000
20 140 0.000000
20 145 0.000000
20 150 0.000000
20 155 0.000000
20 160 0.000000
20 165 0.000000
20 170 0.000000
20 175 0.000000
25 -180 0.000000
25 -175 0.000000
25 -170 0.000000
25 -165 0.000000
25 -160 0.000000
25 -155 0.000000
25 -150 0.000000
25 -145 0.000000
25 -140 0.000000
25 -135 0.000000
25 -130 0.000000
25 -125 0.000000
25 -120 0.000000
25 -115 0.000000
25 -110 0.000000
25 -105 0.000000
25 -100 0.000000
25 -95 0.000000
25 -90 0.000000
25 -85 0.000000
25 -80 0.000000
25 -75 0.000000
25 -70 0.000000
25 -65 0.000000
25 -60 0.000000
25 -55 0.000000
25 -50 0.000000
25 -45 0.000000
25 -40 0.000000
25 -35 0.000000
25 -30 0.000000
25 -25 0.000000
25 -20 0.000000
25 -15 0.000000
25 -10 0.000000
25 -5 0.000000
25 0 0.000000
25 5 0.000000
25 10 0.000000
25 15 0.000000
25 20 0.000000
25 25 0.000962
25 30 0.004820
25 35 0.011728
25 40 0.021621
25 45 0.031529
25 50 0.037280
25 55 0.035880
25 60 0.028201
25 65 0.018134
25 70 0.009225
25 75 0.003198
25 80 0.000754
25 85 0.000000
25 90 0.000000
25 95 0.000000
25 100 0.000000
25 105 0.000000
25 110 0.000000
25 115 0.000000
25 120 0.000000
25 125 0.000000
25 130 0.000000
25 135 0.000000
25 140 0.000000
25 145 0.000000
25 150 0.000000
25 155 0.000000
25 160 0.000000
25 165 0.000000
25 170 0.000000
25 175 0.000000
30 -180 0.000000
30 -175 0.000000
30 -170 0.000000
30 -165 0.000000
30 -160 0.000000
30 -155 0.000000
30 -150 0.000000
30 -145 0.000000
30 -140 0.000000
30 -135 0.000000
30 -130 0.000000
30 -125 0.000000
30 -120 0.000000
30 -115 0.000000
30 -110 0.000000
30 -105 0.000000
30 -100 0.000000
30 -95 0.000000
30 -90 0.000000
30 -85 0.000000
30 -80 0.000000
30 -75 0.000000
30 -70 0.000000
30 -65 0.000000
30 -60 0.000000
30 -55 0.000000
30 -50 0.000000
30 -45 0.000000
30 -40 0.000000
30 -35 0.000000
30 -30 0.000000
30 -25 0.000000
30 -20 0.000000
30 -15 0.000000
30 -10 0.000000
30 -5 0.000000
30 0 0.000000
30 5 0.000000
30 10 0.000000
30 15 0.000156
30 20 0.000707
30 25 0.003091
30 30 0.010786
30 35 0.023816
30 40 0.041670
30 45 0.059103
30 50 0.069026
30 55 0.066253
30 60 0.052165
30 65 0.033635
30 70 0.017315
30 75 0.006126
30 80 0.001442
30 85 0.000000
30 90 0.000000
30 95 0.000000
30 100 0.000000
30 105 0.000000
30 110 0.000000
30 115 0.000000
30 120 0.000000
30 125 0.000000
30 130 0.000000
30 135 0.000000
30 140 0.000000
30 145 0.000000
30 150 0.000000
30 155 0.000000
30 160 0.000000
30 165 0.000000
30 170 0.000000
30 175 0.000000
35 -180 0.000000
35 -175 0.000000
35 -170 0.000000
35 -165 0.000000
35 -160 0.000000
35 -155 0.000000
35 -150 0.000000
35 -145 0.000000
35 -140 0.000000
35 -135 0.000000
35 -130 0.000000
35 -125 0.000362
35 -120 0.001071
35 -115 0.002108
35 -110 0.003269
35 -105 0.003998
35 -100 0.003861
35 -95 0.002947
35 -90 0.001779
35 -85 0.000849
35 -80 0.000203
35 -75 0.000000
35 -70 0.000000
35 -65 0.000000
35 -60 0.000000
35 -55 0.000000
35 -50 0.000000
35 -45 0.000000
35 -40 0.000000
35 -35 0.000000
35 -30 0.000000
35 -25 0.000000
35 -20 0.000000
35 -15 0.000000
35 -10 0.000000
35 -5 0.000000
35 0 0.000000
35 5 0.000000
35 10 0.000000
35 15 0.000463
35 20 0.002095
35 25 0.006851
35 30 0.020012
35 35 0.040957
35 40 0.068243
35 45 0.093759
35 50 0.107262
35 55 0.101635
35 60 0.079318
35 65 0.050763
35 70 0.026093
35 75 0.009195
35 80 0.002161
35 85 0.000000
35 90 0.000000
35 95 0.000000
35 100 0.000000
35 105 0.000000
35 110 0.000000
35 115 0.000000
35 120 0.000000
35 125 0.000000
35 130 0.000000
35 135 0.000000
35 140 0.000000
35 145 0.000000
35 150 0.000000
35 155 0.000000
35 160 0.000000
35 165 0.000000
35 170 0.000000
35 175 0.000000
40 -180 0.000000
40 -175 0.000000
40 -170 0.000000
40 -165 0.000000
40 -160 0.000000
40 -155 0.000000
40 -150 0.000000
40 -145 0.000000
40 -140 0.000081
40 -135 0.000221
40 -130 0.000426
40 -125 0.001639
40 -120 0.003712
40 -115 0.006518
40 -110 0.009522
40 -105 0.011305
40 -100 0.010760
40 -95 0.008130
40 -90 0.004892
40 -85 0.002336
40 -80 0.000559
40 -75 0.000000
40 -70 0.000000
40 -65 0.000000
40 -60 0.000000
40 -55 0.000000
40 -50 0.000000
40 -45 0.000000
40 -40 0.000000
40 -35 0.000000
40 -30 0.000000
40 -25 0.000000
40 -20 0.000000
40 -15 0.000000
40 -10 0.000000
40 -5 0.000000
40 0 0.000203
40 5 0.000849
40 10 0.001779
40 15 0.003858
40 20 0.007985
40 25 0.016055
40 30 0.034649
40 35 0.062440
40 40 0.096898
40 45 0.127414
40 50 0.141437
40 55 0.131253
40 60 0.100666
40 65 0.063381
40 70 0.032171
40 75 0.011099
40 80 0.002540
40 85 0.000000
40 90 0.000000
40 95 0.000000
40 100 0.000000
40 105 0.000000
40 110 0.000000
40 115 0.000000
40 120 0.000000
40 125 0.000000
40 130 0.000000
40 135 0.000000
40 140 0.000000
40 145 0.000000
40 150 0.000000
40 155 0.000000
40 160 0.000000
40 165 0.000000
40 170 0.000000
40 175 0.000000
45 -180 0.000000
45 -175 0.000000
45 -170 0.000000
45 -165 0.000000
45 -160 0.000000
45 -155 0.000000
45 -150 0.000000
45 -145 0.000000
45 -140 0.000694
45 -135 0.001884
45 -130 0.003635
45 -125 0.007432
45 -120 0.012257
45 -115 0.017369
45 -110 0.021945
45 -105 0.023933
45 -100 0.021775
45 -95 0.015909
45 -90 0.009472
45 -85 0.004523
45 -80 0.001083
45 -75 0.000000
45 -70 0.000000
45 -65 0.000000
45 -60 0.000000
45 -55 0.000000
45 -50 0.000000
45 -45 0.000000
45 -40 0.000000
45 -35 0.000000
45 -30 0.000000
45 -25 0.000000
45 -20 0.000000
45 -15 0.000000
45 -10 0.000000
45 -5 0.000000
45 0 0.000559
45 5 0.002756
45 10 0.005969
45 15 0.011565
45 20 0.020059
45 25 0.032226
45 30 0.054777
45 35 0.085705
45 40 0.121921
45 45 0.151646
45 50 0.161526
45 55 0.145433
45 60 0.108492
45 65 0.066431
45 70 0.032847
45 75 0.010796
45 80 0.002345
45 85 0.000000
45 90 0.000000
45 95 0.000000
45 100 0.000000
45 105 0.000000
45 110 0.000000
45 115 0.000000
45 120 0.000000
45 125 0.000000
45 130 0.000000
45 135 0.000000
45 140 0.000000
45 145 0.000000
45 150 0.000000
45 155 0.000000
45 160 0.000000
45 165 0.000000
45 170 0.000000
45 175 0.000000
50 -180 0.000000
50 -175 0.000000
50 -170 0.000000
50 -165 0.000000
50 -160 0.000000
50 -155 0.000000
50 -150 0.000000
50 -145 0.000000
50 -140 0.001561
50 -135 0.004238
50 -130 0.008179
50 -125 0.015316
50 -120 0.023417
50 -115 0.030890
50 -110 0.036677
50 -105 0.038319
50 -100 0.033996
50 -95 0.024348
50 -90 0.014401
50 -85 0.006877
50 -80 0.001646
50 -75 0.000000
50 -70 0.000000
50 -65 0.000000
50 -60 0.000000
50 -55 0.000000
50 -50 0.000000
50 -45 0.000000
50 -40 0.000000
50 -35 0.000000
50 -30 0.000000
50 -25 0.000000
50 -20 0.000000
50 -15 0.000000
50 -10 0.000000
50 -5 0.000000
50 0 0.001083
50 5 0.005767
50 10 0.012659
50 15 0.023481
50 20 0.037399
50 25 0.053322
50 30 0.077107
50 35 0.106887
50 40 0.140252
50 45 0.165454
50 50 0.168870
50 55 0.146985
50 60 0.105841
50 65 0.062334
50 70 0.029429
50 75 0.008813
50 80 0.001703
50 85 0.000000
50 90 0.000000
50 95 0.000000
50 100 0.000000
50 105 0.000000
50 110 0.000000
50 115 0.000000
50 120 0.000000
50 125 0.000000
50 130 0.000000
50 135 0.000000
50 140 0.000000
50 145 0.000000
50 150 0.000000
50 155 0.000000
50 160 0.000000
50 165 0.000000
50 170 0.000000
50 175 0.000000
55 -180 0.000000
55 -175 0.000000
55 -170 0.000000
55 -165 0.000000
55 -160 0.000000
55 -155 0.000000
55 -150 0.000000
55 -145 0.000000
55 -140 0.002766
55 -135 0.007509
55 -130 0.014492
55 -125 0.025451
55 -120 0.036499
55 -115 0.044900
55 -110 0.049739
55 -105 0.049250
55 -100 0.042232
55 -95 0.029397
55 -90 0.017220
55 -85 0.008223
55 -80 0.001969
55 -75 0.000000
55 -70 0.000359
55 -65 0.000884
55 -60 0.001663
55 -55 0.002442
55 -50 0.002801
55 -45 0.002509
55 -40 0.001757
55 -35 0.000963
55 -30 0.000414
55 -25 0.000023
55 -20 0.000000
55 -15 0.000000
55 -10 0.000000
55 -5 0.000000
55 0 0.001646
55 5 0.009327
55 10 0.020677
55 15 0.037462
55 20 0.056570
55 25 0.074507
55 30 0.095593
55 35 0.119545
55 40 0.146356
55 45 0.165790
55 50 0.163963
55 55 0.139363
55 60 0.097488
55 65 0.055380
55 70 0.024753
55 75 0.006518
55 80 0.000974
55 85 0.000000
55 90 0.000000
55 95 0.000000
55 100 0.000000
55 105 0.000000
55 110 0.000000
55 115 0.000000
55 120 0.000000
55 125 0.000000
55 130 0.000000
55 135 0.000000
55 140 0.000000
55 145 0.000000
55 150 0.000000
55 155 0.000000
55 160 0.000000
55 165 0.000000
55 170 0.000000
55 175 0.000000
60 -180 0.000000
60 -175 0.000000
60 -170 0.000000
60 -165 0.000000
60 -160 0.000000
60 -155 0.000000
60 -150 0.000000
60 -145 0.000000
60 -140 0.003854
60 -135 0.010462
60 -130 0.020192
60 -125 0.033883
60 -120 0.046176
60 -115 0.053346
60 -110 0.055014
60 -105 0.051148
60 -100 0.041970
60 -95 0.028082
60 -90 0.016218
60 -85 0.007745
60 -80 0.001854
60 -75 0.000000
60 -70 0.001220
60 -65 0.003003
60 -60 0.005653
60 -55 0.008302
60 -50 0.009519
60 -45 0.008528
60 -40 0.005973
60 -35 0.003275
60 -30 0.001406
60 -25 0.000078
60 -20 0.000000
60 -15 0.000000
60 -10 0.000000
60 -5 0.000000
60 0 0.001969
60 5 0.012022
60 10 0.026952
60 15 0.048309
60 20 0.070682
60 25 0.088112
60 30 0.102897
60 35 0.117199
60 40 0.134412
60 45 0.147490
60 50 0.143125
60 55 0.120752
60 60 0.083450
60 65 0.046532
60 70 0.019992
60 75 0.004720
60 80 0.000440
60 85 0.000000
60 90 0.000000
60 95 0.000000
60 100 0.000000
60 105 0.000000
60 110 0.000000
60 115 0.000000
60 120 0.000000
60 125 0.000000
60 130 0.000000
60 135 0.000000
60 140 0.000000
60 145 0.000000
60 150 0.000000
60 155 0.000000
60 160 0.000000
60 165 0.000000
60 170 0.000000
60 175 0.000000
65 -180 0.000000
65 -175 0.000000
65 -170 0.000000
65 -165 0.000000
65 -160 0.000000
65 -155 0.000000
65 -150 0.000000
65 -145 0.000000
65 -140 0.004217
65 -135 0.011447
65 -130 0.022093
65 -125 0.035913
65 -120 0.047093
65 -115 0.051615
65 -110 0.049723
65 -105 0.043160
65 -100 0.033558
65 -95 0.021289
65 -90 0.012048
65 -85 0.005753
65 -80 0.001377
65 -75 0.000000
65 -70 0.002469
65 -65 0.006080
65 -60 0.011443
65 -55 0.016805
65 -50 0.019270
65 -45 0.017264
65 -40 0.012092
65 -35 0.006629
65 -30 0.002847
65 -25 0.000158
65 -20 0.000000
65 -15 0.000000
65 -10 0.000000
65 -5 0.000000
65 0 0.001854
65 5 0.012391
65 10 0.028120
65 15 0.050271
65 20 0.072363
65 25 0.086989
65 30 0.094330
65 35 0.098270
65 40 0.104751
65 45 0.110714
65 50 0.105299
65 55 0.088671
65 60 0.060959
65 65 0.033613
65 70 0.013997
65 75 0.002984
65 80 0.000063
65 85 0.000000
65 90 0.000000
65 95 0.000000
65 100 0.000016
65 105 0.000054
65 110 0.000232
65 115 0.000558
65 120 0.000984
65 125 0.001422
65 130 0.001667
65 135 0.001574
65 140 0.001191
65 145 0.000714
65 150 0.000339
65 155 0.000090
65 160 0.000000
65 165 0.000000
65 170 0.000000
65 175 0.000000
70 -180 0.000000
70 -175 0.000000
70 -170 0.000000
70 -165 0.000000
70 -160 0.000000
70 -155 0.000000
70 -150 0.000000
70 -145 0.000000
70 -140 0.003618
70 -135 0.009821
70 -130 0.018955
70 -125 0.030148
70 -120 0.038437
70 -115 0.040411
70 -110 0.036654
70 -105 0.029685
70 -100 0.021698
70 -95 0.012851
70 -90 0.007068
70 -85 0.003375
70 -80 0.000808
70 -75 0.000000
70 -70 0.003948
70 -65 0.009723
70 -60 0.018298
70 -55 0.026873
70 -50 0.030815
70 -45 0.027606
70 -40 0.019337
70 -35 0.010600
70 -30 0.004552
70 -25 0.000252
70 -20 0.000000
70 -15 0.000000
70 -10 0.000000
70 -5 0.000000
70 0 0.001377
70 5 0.010240
70 10 0.023541
70 15 0.042184
70 20 0.060338
70 25 0.070972
70 30 0.073076
70 35 0.070777
70 40 0.070480
70 45 0.071974
70 50 0.067570
70 55 0.057558
70 60 0.040063
70 65 0.022347
70 70 0.009371
70 75 0.002038
70 80 0.000000
70 85 0.000000
70 90 0.000000
70 95 0.000000
70 100 0.000435
70 105 0.001415
70 110 0.003457
70 115 0.006425
70 120 0.009467
70 125 0.011597
70 130 0.011832
70 135 0.010022
70 140 0.006997
70 145 0.003849
70 150 0.001687
70 155 0.000446
70 160 0.000000
70 165 0.000000
70 170 0.000000
70 175 0.000000
75 -180 0.000000
75 -175 0.000000
75 -170 0.000000
75 -165 0.000000
75 -160 0.000000
75 -155 0.000000
75 -150 0.000000
75 -145 0.000000
75 -140 0.002431
75 -135 0.006600
75 -130 0.012737
75 -125 0.019960
75 -120 0.024944
75 -115 0.025412
75 -110 0.021927
75 -105 0.016640
75 -100 0.011387
75 -95 0.006198
75 -90 0.003278
75 -85 0.001565
75 -80 0.000375
75 -75 0.000000
75 -70 0.004991
75 -65 0.012292
75 -60 0.023133
75 -55 0.033974
75 -50 0.038957
75 -45 0.034901
75 -40 0.024446
75 -35 0.013401
75 -30 0.005755
75 -25 0.000319
75 -20 0.000000
75 -15 0.000000
75 -10 0.000000
75 -5 0.000000
75 0 0.000808
75 5 0.006800
75 10 0.015841
75 15 0.028481
75 20 0.040567
75 25 0.046891
75 30 0.046154
75 35 0.041608
75 40 0.038428
75 45 0.037738
75 50 0.035005
75 55 0.030441
75 60 0.021661
75 65 0.012353
75 70 0.005285
75 75 0.001217
75 80 0.000000
75 85 0.000000
75 90 0.000000
75 95 0.000000
75 100 0.001023
75 105 0.003327
75 110 0.007998
75 115 0.014703
75 120 0.021457
75 125 0.026010
75 130 0.026263
75 135 0.022037
75 140 0.015267
75 145 0.008325
75 150 0.003614
75 155 0.000956
75 160 0.000000
75 165 0.000000
75 170 0.000000
75 175 0.000000
80 -180 0.000000
80 -175 0.000000
80 -170 0.000000
80 -165 0.000000
80 -160 0.000000
80 -155 0.000000
80 -150 0.000000
80 -145 0.000000
80 -140 0.001278
80 -135 0.003470
80 -130 0.006697
80 -125 0.010271
80 -120 0.012453
80 -115 0.012059
80 -110 0.009510
80 -105 0.006280
80 -100 0.003603
80 -95 0.001439
80 -90 0.000625
80 -85 0.000298
80 -80 0.000071
80 -75 0.000000
80 -70 0.004991
80 -65 0.012292
80 -60 0.023133
80 -55 0.033974
80 -50 0.038957
80 -45 0.034901
80 -40 0.024446
80 -35 0.013401
80 -30 0.005755
80 -25 0.000319
80 -20 0.000000
80 -15 0.000000
80 -10 0.000000
80 -5 0.000000
80 0 0.000375
80 5 0.003633
80 10 0.008574
80 15 0.015503
80 20 0.022103
80 25 0.025211
80 30 0.023716
80 35 0.019581
80 40 0.015969
80 45 0.014281
80 50 0.012644
80 55 0.011326
80 60 0.008359
80 65 0.004938
80 70 0.002208
80 75 0.000575
80 80 0.000000
80 85 0.000000
80 90 0.000000
80 95 0.000000
80 100 0.001881
80 105 0.006115
80 110 0.014513
80 115 0.026437
80 120 0.038264
80 125 0.045958
80 130 0.045977
80 135 0.038255
80 140 0.026317
80 145 0.014230
80 150 0.006124
80 155 0.001620
80 160 0.000000
80 165 0.000000
80 170 0.000000
80 175 0.000000
85 -180 0.000000
85 -175 0.000000
85 -170 0.000000
85 -165 0.000000
85 -160 0.000000
85 -155 0.000000
85 -150 0.000000
85 -145 0.000000
85 -140 0.000499
85 -135 0.001355
85 -130 0.002614
85 -125 0.003960
85 -120 0.004715
85 -115 0.004418
85 -110 0.003264
85 -105 0.001903
85 -100 0.000877
85 -95 0.000158
85 -90 0.000000
85 -85 0.000000
85 -80 0.000000
85 -75 0.000000
85 -70 0.003948
85 -65 0.009723
85 -60 0.018298
85 -55 0.026873
85 -50 0.030815
85 -45 0.027606
85 -40 0.019337
85 -35 0.010600
85 -30 0.004552
85 -25 0.000252
85 -20 0.000000
85 -15 0.000000
85 -10 0.000000
85 -5 0.000000
85 0 0.000071
85 5 0.001286
85 10 0.003154
85 15 0.005845
85 20 0.008514
85 25 0.009747
85 30 0.008891
85 35 0.006621
85 40 0.004295
85 45 0.002834
85 50 0.001856
85 55 0.001703
85 60 0.001354
85 65 0.000851
85 70 0.000422
85 75 0.000127
85 80 0.000000
85 85 0.000000
85 90 0.000000
85 95 0.000000
85 100 0.002703
85 105 0.008785
85 110 0.020630
85 115 0.037295
85 120 0.053608
85 125 0.063885
85 130 0.063398
85 135 0.052357
85 140 0.035791
85 145 0.019207
85 150 0.008198
85 155 0.002169
85 160 0.000000
85 165 0.000000
85 170 0.000000
85 175 0.000000
90 -180 0.000000
90 -175 0.000000
90 -170 0.000000
90 -165 0.000000
90 -160 0.000000
90 -155 0.000000
90 -150 0.000000
90 -145 0.000000
90 -140 0.000000
90 -135 0.000000
90 -130 0.000000
90 -125 0.000000
90 -120 0.000000
90 -115 0.000000
90 -110 0.000000
90 -105 0.000000
90 -100 0.000000
90 -95 0.000000
90 -90 0.000000
90 -85 0.000000
90 -80 0.000000
90 -75 0.000000
90 -70 0.002469
90 -65 0.006080
90 -60 0.011443
90 -55 0.016805
90 -50 0.019270
90 -45 0.017264
90 -40 0.012092
90 -35 0.006629
90 -30 0.002847
90 -25 0.000158
90 -20 0.000000
90 -15 0.000000
90 -10 0.000000
90 -5 0.000000
90 0 0.000000
90 5 0.000236
90 10 0.000605
90 15 0.001152
90 20 0.001714
90 25 0.001997
90 30 0.001826
90 35 0.001310
90 40 0.000739
90 45 0.000329
90 50 0.000038
90 55 0.000000
90 60 0.000000
90 65 0.000000
90 70 0.000000
90 75 0.000000
90 80 0.000000
90 85 0.000000
90 90 0.000000
90 95 0.000000
90 100 0.003032
90 105 0.009856
90 110 0.022948
90 115 0.041228
90 120 0.058922
90 125 0.069757
90 130 0.068751
90 135 0.056412
90 140 0.038350
90 145 0.020442
90 150 0.008661
90 155 0.002291
90 160 0.000000
90 165 0.000000
90 170 0.000000
90 175 0.000000
95 -180 0.000000
95 -175 0.000000
95 -170 0.000000
95 -165 0.000000
95 -160 0.000000
95 -155 0.000000
95 -150 0.000000
95 -145 0.000000
95 -140 0.000000
95 -135 0.000000
95 -130 0.000000
95 -125 0.000000
95 -120 0.000000
95 -115 0.000000
95 -110 0.000000
95 -105 0.000000
95 -100 0.000000
95 -95 0.000000
95 -90 0.000000
95 -85 0.000000
95 -80 0.000000
95 -75 0.000000
95 -70 0.001220
95 -65 0.003003
95 -60 0.005653
95 -55 0.008302
95 -50 0.009519
95 -45 0.008528
95 -40 0.005973
95 -35 0.003275
95 -30 0.001406
95 -25 0.000078
95 -20 0.000000
95 -15 0.000000
95 -10 0.000000
95 -5 0.000000
95 0 0.000000
95 5 0.000000
95 10 0.000000
95 15 0.000000
95 20 0.000000
95 25 0.000000
95 30 0.000000
95 35 0.000000
95 40 0.000000
95 45 0.000000
95 50 0.000000
95 55 0.000000
95 60 0.000000
95 65 0.000000
95 70 0.000000
95 75 0.000000
95 80 0.000000
95 85 0.000000
95 90 0.000000
95 95 0.000000
95 100 0.002655
95 105 0.008630
95 110 0.019957
95 115 0.035673
95 120 0.050745
95 125 0.059750
95 130 0.058551
95 135 0.047779
95 140 0.032327
95 145 0.017132
95 150 0.007211
95 155 0.001908
95 160 0.000000
95 165 0.000000
95 170 0.000000
95 175 0.000000
100 -180 0.000000
100 -175 0.000000
100 -170 0.000000
100 -165 0.000000
100 -160 0.000000
100 -155 0.000000
100 -150 0.000000
100 -145 0.000000
100 -140 0.000000
100 -135 0.000000
100 -130 0.000000
100 -125 0.000000
100 -120 0.000000
100 -115 0.000000
100 -110 0.000000
100 -105 0.000000
100 -100 0.000000
100 -95 0.000000
100 -90 0.000000
100 -85 0.000000
100 -80 0.000000
100 -75 0.000000
100 -70 0.000359
100 -65 0.000884
100 -60 0.001663
100 -55 0.002442
100 -50 0.002801
100 -45 0.002509
100 -40 0.001757
100 -35 0.000963
100 -30 0.000414
100 -25 0.000023
100 -20 0.000000
100 -15 0.000000
100 -10 0.000000
100 -5 0.000000
100 0 0.000000
100 5 0.000000
100 10 0.000000
100 15 0.000000
100 20 0.000000
100 25 0.000000
100 30 0.000000
100 35 0.000000
100 40 0.000000
100 45 0.000000
100 50 0.000000
100 55 0.000000
100 60 0.000000
100 65 0.000000
100 70 0.000000
100 75 0.000000
100 80 0.000000
100 85 0.000000
100 90 0.000000
100 95 0.000000
100 100 0.001813
100 105 0.005894
100 110 0.013558
100 115 0.024138
100 120 0.034206
100 125 0.040097
100 130 0.039106
100 135 0.031766
100 140 0.021407
100 145 0.011288
100 150 0.004725
100 155 0.001250
100 160 0.000000
100 165 0.000000
100 170 0.000000
100 175 0.000000
105 -180 0.000000
105 -175 0.000000
105 -170 0.000000
105 -165 0.000000
105 -160 0.000000
105 -155 0.000000
105 -150 0.000000
105 -145 0.000000
105 -140 0.000000
105 -135 0.000000
105 -130 0.000000
105 -125 0.000000
105 -120 0.000000
105 -115 0.000000
105 -110 0.000000
105 -105 0.000000
105 -100 0.000000
105 -95 0.000000
105 -90 0.000000
105 -85 0.000000
105 -80 0.000000
105 -75 0.000000
105 -70 0.000000
105 -65 0.000000
105 -60 0.000000
105 -55 0.000000
105 -50 0.000000
105 -45 0.000000
105 -40 0.000000
105 -35 0.000000
105 -30 0.000000
105 -25 0.000000
105 -20 0.000000
105 -15 0.000000
105 -10 0.000000
105 -5 0.000000
105 0 0.000000
105 5 0.000000
105 10 0.000000
105 15 0.000000
105 20 0.000000
105 25 0.000000
105 30 0.000000
105 35 0.000000
105 40 0.000000
105 45 0.000000
105 50 0.000000
105 55 0.000000
105 60 0.000000
105 65 0.000000
105 70 0.000000
105 75 0.000000
105 80 0.000000
105 85 0.000000
105 90 0.000000
105 95 0.000000
105 100 0.000966
105 105 0.003140
105 110 0.007191
105 115 0.012762
105 120 0.018030
105 125 0.021058
105 130 0.020458
105 135 0.016556
105 140 0.011120
105 145 0.005839
105 150 0.002433
105 155 0.000644
105 160 0.000000
105 165 0.000000
105 170 0.000000
105 175 0.000000
110 -180 0.000000
110 -175 0.000000
110 -170 0.000000
110 -165 0.000000
110 -160 0.000000
110 -155 0.000000
110 -150 0.000000
110 -145 0.000000
110 -140 0.000000
110 -135 0.000000
110 -130 0.000000
110 -125 0.000000
110 -120 0.000000
110 -115 0.000000
110 -110 0.000000
110 -105 0.000000
110 -100 0.000000
110 -95 0.000000
110 -90 0.000000
110 -85 0.000000
110 -80 0.000000
110 -75 0.000000
110 -70 0.000000
110 -65 0.000000
110 -60 0.000000
110 -55 0.000000
110 -50 0.000000
110 -45 0.000000
110 -40 0.000000
110 -35 0.000000
110 -30 0.000000
110 -25 0.000000
110 -20 0.000000
110 -15 0.000000
110 -10 0.000000
110 -5 0.000000
110 0 0.000000
110 5 0.000000
110 10 0.000000
110 15 0.000000
110 20 0.000000
110 25 0.000000
110 30 0.000000
110 35 0.000000
110 40 0.000000
110 45 0.000000
110 50 0.000000
110 55 0.000000
110 60 0.000000
110 65 0.000000
110 70 0.000000
110 75 0.000000
110 80 0.000000
110 85 0.000000
110 90 0.000000
110 95 0.000000
110 100 0.000396
110 105 0.001287
110 110 0.002901
110 115 0.005087
110 120 0.007105
110 125 0.008186
110 130 0.007833
110 135 0.006245
110 140 0.004139
110 145 0.002137
110 150 0.000873
110 155 0.000231
110 160 0.000000
110 165 0.000000
110 170 0.000000
110 175 0.000000
115 -180 0.000000
115 -175 0.000000
115 -170 0.000000
115 -165 0.000000
115 -160 0.000000
115 -155 0.000000
115 -150 0.000000
115 -145 0.000000
115 -140 0.000000
115 -135 0.000000
115 -130 0.000000
115 -125 0.000000
115 -120 0.000000
115 -115 0.000000
115 -110 0.000000
115 -105 0.000000
115 -100 0.000000
115 -95 0.000000
115 -90 0.000000
115 -85 0.000000
115 -80 0.000000
115 -75 0.000000
115 -70 0.000000
115 -65 0.000000
115 -60 0.000000
115 -55 0.000000
115 -50 0.000000
115 -45 0.000000
115 -40 0.000000
115 -35 0.000000
115 -30 0.000000
115 -25 0.000000
115 -20 0.000000
115 -15 0.000000
115 -10 0.000000
115 -5 0.000000
115 0 0.000000
115 5 0.000000
115 10 0.000000
115 15 0.000000
115 20 0.000000
115 25 0.000000
115 30 0.000000
115 35 0.000000
115 40 0.000000
115 45 0.000000
115 50 0.000000
115 55 0.000000
115 60 0.000000
115 65 0.000000
115 70 0.000000
115 75 0.000000
115 80 0.000000
115 85 0.000000
115 90 0.000000
115 95 0.000000
115 100 0.000000
115 105 0.000000
115 110 0.000000
115 115 0.000000
115 120 0.000000
115 125 0.000000
115 130 0.000000
115 135 0.000000
115 140 0.000000
115 145 0.000000
115 150 0.000000
115 155 0.000000
115 160 0.000000
115 165 0.000000
115 170 0.000000
115 175 0.000000
120 -180 0.000000
120 -175 0.000000
120 -170 0.000000
120 -165 0.000000
120 -160 0.000000
120 -155 0.000000
120 -150 0.000000
120 -145 0.000000
120 -140 0.000000
120 -135 0.000000
120 -130 0.000000
120 -125 0.000000
120 -120 0.000000
120 -115 0.000000
120 -110 0.000000
120 -105 0.000000
120 -100 0.000000
120 -95 0.000000
120 -90 0.000000
120 -85 0.000000
120 -80 0.000000
120 -75 0.000000
120 -70 0.000000
120 -65 0.000000
120 -60 0.000000
120 -55 0.000000
120 -50 0.000000
120 -45 0.000000
120 -40 0.000000
120 -35 0.000000
120 -30 0.000000
120 -25 0.000000
120 -20 0.000000
120 -15 0.000000
120 -10 0.000000
120 -5 0.000000
120 0 0.000000
120 5 0.000000
120 10 0.000000
120 15 0.000000
120 20 0.000000
120 25 0.000000
120 30 0.000000
120 35 0.000000
120 40 0.000000
120 45 0.000000
120 50 0.000000
120 55 0.000000
120 60 0.000000
120 65 0.000000
120 70 0.000000
120 75 0.000000
120 80 0.000000
120 85 0.000000
120 90 0.000000
120 95 0.000000
120 100 0.000000
120 105 0.000000
120 110 0.000000
120 115 0.000000
120 120 0.000000
120 125 0.000000
120 130 0.000000
120 135 0.000000
120 140 0.000000
120 145 0.000000
120 150 0.000000
120 155 0.000000
120 160 0.000000
120 165 0.000000
120 170 0.000000
120 175 0.000000
125 -180 0.000000
125 -175 0.000000
125 -170 0.000000
125 -165 0.000000
125 -160 0.000000
125 -155 0.000000
125 -150 0.000000
125 -145 0.000000
125 -140 0.000000
125 -135 0.000000
125 -130 0.000000
125 -125 0.000000
125 -120 0.000000
125 -115 0.000000
125 -110 0.000000
125 -105 0.000000
125 -100 0.000000
125 -95 0.000000
125 -90 0.000000
125 -85 0.000000
125 -80 0.000000
125 -75 0.000000
125 -70 0.000000
125 -65 0.000000
125 -60 0.000000
125 -55 0.000000
125 -50 0.000000
125 -45 0.000000
125 -40 0.000000
125 -35 0.000000
125 -30 0.000000
125 -25 0.000000
125 -20 0.000000
125 -15 0.000000
125 -10 0.000000
125 -5 0.000000
125 0 0.000000
125 5 0.000000
125 10 0.000000
125 15 0.000000
125 20 0.000000
125 25 0.000000
125 30 0.000000
125 35 0.000000
125 40 0.000000
125 45 0.000000
125 50 0.000000
125 55 0.000000
125 60 0.000000
125 65 0.000000
125 70 0.000000
125 75 0.000000
125 80 0.000000
125 85 0.000000
125 90 0.000000
125 95 0.000000
125 100 0.000000
125 105 0.000000
125 110 0.000000
125 115 0.000000
125 120 0.000000
125 125 0.000000
125 130 0.000000
125 135 0.000000
125 140 0.000000
125 145 0.000000
125 150 0.000000
125 155 0.000000
125 160 0.000000
125 165 0.000000
125 170 0.000000
125 175 0.000000
130 -180 0.000000
130 -175 0.000000
130 -170 0.000000
130 -165 0.000000
130 -160 0.000000
130 -155 0.000000
130 -150 0.000000
130 -145 0.000000
130 -140 0.000000
130 -135 0.000000
130 -130 0.000000
130 -125 0.000000
130 -120 0.000000
130 -115 0.000000
130 -110 0.000000
130 -105 0.000000
130 -100 0.000000
130 -95 0.000000
130 -90 0.000000
130 -85 0.000000
130 -80 0.000000
130 -75 0.000000
130 -70 0.000000
130 -65 0.000000
130 -60 0.000000
130 -55 0.000000
130 -50 0.000000
130 -45 0.000000
130 -40 0.000000
130 -35 0.000000
130 -30 0.000000
130 -25 0.000000
130 -20 0.000000
130 -15 0.000000
130 -10 0.000000
130 -5 0.000000
130 0 0.000000
130 5 0.000000
130 10 0.000000
130 15 0.000000
130 20 0.000000
130 25 0.000000
130 30 0.000000
130 35 0.000000
130 40 0.000000
130 45 0.000000
130 50 0.000000
130 55 0.000000
130 60 0.000000
130 65 0.000000
130 70 0.000000
130 75 0.000000
130 80 0.000000
130 85 0.000000
130 90 0.000000
130 95 0.000000
130 100 0.000000
130 105 0.000000
130 110 0.000000
130 115 0.000000
130 120 0.000000
130 125 0.000000
130 130 0.000000
130 135 0.000000
130 140 0.000000
130 145 0.000000
130 150 0.000000
130 155 0.000000
130 160 0.000000
130 165 0.000000
130 170 0.000000
130 175 0.000000
135 -180 0.000000
135 -175 0.000000
135 -170 0.000000
135 -165 0.000000
135 -160 0.000000
135 -155 0.000000
135 -150 0.000000
135 -145 0.000000
135 -140 0.000000
135 -135 0.000000
135 -130 0.000000
135 -125 0.000000
135 -120 0.000000
135 -115 0.000000
135 -110 0.000000
135 -105 0.000000
135 -100 0.000000
135 -95 0.000000
135 -90 0.000000
135 -85 0.000000
135 -80 0.000000
135 -75 0.000000
135 -70 0.000000
135 -65 0.000000
135 -60 0.000000
135 -55 0.000000
135 -50 0.000000
135 -45 0.000000
135 -40 0.000000
135 -35 0.000000
135 -30 0.000000
135 -25 0.000000
135 -20 0.000000
135 -15 0.000000
135 -10 0.000000
135 -5 0.000000
135 0 0.000000
135 5 0.000000
135 10 0.000000
135 15 0.000000
135 20 0.000000
135 25 0.000000
135 30 0.000000
135 35 0.000000
135 40 0.000000
135 45 0.000000
135 50 0.000000
135 55 0.000000
135 60 0.000000
135 65 0.000000
135 70 0.000000
135 75 0.000000
135 80 0.000000
135 85 0.000000
135 90 0.000000
135 95 0.000000
135 100 0.000000
135 105 0.000000
135 110 0.000000
135 115 0.000000
135 120 0.000000
135 125 0.000000
135 130 0.000000
135 135 0.000000
135 140 0.000000
135 145 0.000000
135 150 0.000000
135 155 0.000000
135 160 0.000000
135 165 0.000000
135 170 0.000000
135 175 0.000000
140 -180 0.000000
140 -175 0.000000
140 -170 0.000000
140 -165 0.000000
140 -160 0.000000
140 -155 0.000000
140 -150 0.000000
140 -145 0.000000
140 -140 0.000000
140 -135 0.000000
140 -130 0.000000
140 -125 0.000000
140 -120 0.000000
140 -115 0.000000
140 -110 0.000000
140 -105 0.000000
140 -100 0.000000
140 -95 0.000000
140 -90 0.000000
140 -85 0.000000
140 -80 0.000000
140 -75 0.000000
140 -70 0.000000
140 -65 0.000000
140 -60 0.000000
140 -55 0.000000
140 -50 0.000000
140 -45 0.000000
140 -40 0.000000
140 -35 0.000000
140 -30 0.000000
140 -25 0.000000
140 -20 0.000000
140 -15 0.000000
140 -10 0.000000
140 -5 0.000000
140 0 0.000000
140 5 0.000000
140 10 0.000000
140 15 0.000000
140 20 0.000000
140 25 0.000000
140 30 0.000000
140 35 0.000000
140 40 0.000000
140 45 0.000000
140 50 0.000000
140 55 0.000000
140 60 0.000000
140 65 0.000000
140 70 0.000000
140 75 0.000000
140 80 0.000000
140 85 0.000000
140 90 0.000000
140 95 0.000000
140 100 0.000000
140 105 0.000000
140 110 0.000000
140 115 0.000000
140 120 0.000000
140 125 0.000000
140 130 0.000000
140 135 0.000000
140 140 0.000000
140 145 0.000000
140 150 0.000000
140 155 0.000000
140 160 0.000000
140 165 0.000000
140 170 0.000000
140 175 0.000000
145 -180 0.000000
145 -175 0.000000
145 -170 0.000000
145 -165 0.000000
145 -160 0.000000
145 -155 0.000000
145 -150 0.000000
145 -145 0.000000
145 -140 0.000000
145 -135 0.000000
145 -130 0.000000
145 -125 0.000000
145 -120 0.000000
145 -115 0.000000
145 -110 0.000000
145 -105 0.000000
145 -100 0.000000
145 -95 0.000000
145 -90 0.000000
145 -85 0.000000
145 -80 0.000000
145 -75 0.000000
145 -70 0.000000
145 -65 0.000000
145 -60 0.000000
145 -55 0.000000
145 -50 0.000000
145 -45 0.000000
145 -40 0.000000
145 -35 0.000000
145 -30 0.000000
145 -25 0.000000
145 -20 0.000000
145 -15 0.000000
145 -10 0.000000
145 -5 0.000000
145 0 0.000000
145 5 0.000000
145 10 0.000000
145 15 0.000000
145 20 0.000000
145 25 0.000000
145 30 0.000000
145 35 0.000000
145 40 0.000000
145 45 0.000000
145 50 0.000000
145 55 0.000000
145 60 0.000000
145 65 0.000000
145 70 0.000000
145 75 0.000000
145 80 0.000000
145 85 0.000000
145 90 0.000000
145 95 0.000000
145 100 0.000000
145 105 0.000000
145 110 0.000000
145 115 0.000000
145 120 0.000000
145 125 0.000000
145 130 0.000000
145 135 0.000000
145 140 0.000000
145 145 0.000000
145 150 0.000000
145 155 0.000000
145 160 0.000000
145 165 0.000000
145 170 0.000000
145 175 0.000000
150 -180 0.000000
150 -175 0.000000
150 -170 0.000000
150 -165 0.000000
150 -160 0.000000
150 -155 0.000000
150 -150 0.000000
150 -145 0.000000
150 -140 0.000000
150 -135 0.000000
150 -130 0.000000
150 -125 0.000000
150 -120 0.000000
150 -115 0.000000
150 -110 0.000000
150 -105 0.000000
150 -100 0.000000
150 -95 0.000000
150 -90 0.000000
150 -85 0.000000
150 -80 0.000000
150 -75 0.000000
150 -70 0.000000
150 -65 0.000000
150 -60 0.000000
150 -55 0.000000
150 -50 0.000000
150 -45 0.000000
150 -40 0.000000
150 -35 0.000000
150 -30 0.000000
150 -25 0.000000
150 -20 0.000000
150 -15 0.000000
150 -10 0.000000
150 -5 0.000000
150 0 0.000000
150 5 0.000000
150 10 0.000000
150 15 0.000000
150 20 0.000000
150 25 0.000000
150 30 0.000000
150 35 0.000000
150 40 0.000000
150 45 0.000000
150 50 0.000000
150 55 0.000000
150 60 0.000000
150 65 0.000000
150 70 0.000000
150 75 0.000000
150 80 0.000000
150 85 0.000000
150 90 0.000000
150 95 0.000000
150 100 0.000000
150 105 0.000000
150 110 0.000000
150 115 0.000000
150 120 0.000000
150 125 0.000000
150 130 0.000000
150 135 0.000000
150 140 0.000000
150 145 0.000000
150 150 0.000000
150 155 0.000000
150 160 0.000000
150 165 0.000000
150 170 0.000000
150 175 0.000000
155 -180 0.000000
155 -175 0.000000
155 -170 0.000000
155 -165 0.000000
155 -160 0.000000
155 -155 0.000000
155 -150 0.000000
155 -145 0.000000
155 -140 0.000000
155 -135 0.000000
155 -130 0.000000
155 -125 0.000000
155 -120 0.000000
155 -115 0.000000
155 -110 0.000000
155 -105 0.000000
155 -100 0.000000
155 -95 0.000000
155 -90 0.000000
155 -85 0.000000
155 -80 0.000000
155 -75 0.000000
155 -70 0.000000
155 -65 0.000000
155 -60 0.000000
155 -55 0.000000
155 -50 0.000000
155 -45 0.000000
155 -40 0.000000
155 -35 0.000000
155 -30 0.000000
155 -25 0.000000
155 -20 0.000000
155 -15 0.000000
155 -10 0.000000
155 -5 0.000000
155 0 0.000000
155 5 0.000000
155 10 0.000000
155 15 0.000000
155 20 0.000000
155 25 0.000000
155 30 0.000000
155 35 0.000000
155 40 0.000000
155 45 0.000000
155 50 0.000000
155 55 0.000000
155 60 0.000000
155 65 0.000000
155 70 0.000000
155 75 0.000000
155 80 0.000000
155 85 0.000000
155 90 0.000000
155 95 0.000000
155 100 0.000000
155 105 0.000000
155 110 0.000000
155 115 0.000000
155 120 0.000000
155 125 0.000000
155 130 0.000000
155 135 0.000000
155 140 0.000000
155 145 0.000000
155 150 0.000000
155 155 0.000000
155 160 0.000000
155 165 0.000000
155 170 0.000000
155 175 0.000000
160 -180 0.000000
160 -175 0.000000
160 -170 0.000000
160 -165 0.000000
160 -160 0.000000
160 -155 0.000000
160 -150 0.000000
160 -145 0.000000
160 -140 0.000000
160 -135 0.000000
160 -130 0.000000
160 -125 0.000000
160 -120 0.000000
160 -115 0.000000
160 -110 0.000000
160 -105 0.000000
160 -100 0.000000
160 -95 0.000000
160 -90 0.000000
160 -85 0.000000
160 -80 0.000000
160 -75 0.000000
160 -70 0.000000
160 -65 0.000000
160 -60 0.000000
160 -55 0.000000
160 -50 0.000000
160 -45 0.000000
160 -40 0.000000
160 -35 0.000000
160 -30 0.000000
160 -25 0.000000
160 -20 0.000000
160 -15 0.000000
160 -10 0.000000
160 -5 0.000000
160 0 0.000000
160 5 0.000000
160 10 0.000000
160 15 0.000000
160 20 0.000000
160 25 0.000000
160 30 0.000000
160 35 0.000000
160 40 0.000000
160 45 0.000000
160 50 0.000000
160 55 0.000000
160 60 0.000000
160 65 0.000000
160 70 0.000000
160 75 0.000000
160 80 0.000000
160 85 0.000000
160 90 0.000000
160 95 0.000000
160 100 0.000000
160 105 0.000000
160 110 0.000000
160 115 0.000000
160 120 0.000000
160 125 0.000000
160 130 0.000000
160 135 0.000000
160 140 0.000000
160 145 0.000000
160 150 0.000000
160 155 0.000000
160 160 0.000000
160 165 0.000000
160 170 0.000000
160 175 0.000000
165 -180 0.000000
165 -175 0.000000
165 -170 0.000000
165 -165 0.000000
165 -160 0.000000
165 -155 0.000000
165 -150 0.000000
165 -145 0.000000
165 -140 0.000000
165 -135 0.000000
165 -130 0.000000
165 -125 0.000000
165 -120 0.000000
165 -115 0.000000
165 -110 0.000000
165 -105 0.000000
165 -100 0.000000
165 -95 0.000000
165 -90 0.000000
165 -85 0.000000
165 -80 0.000000
165 -75 0.000000
165 -70 0.000000
165 -65 0.000000
165 -60 0.000000
165 -55 0.000000
165 -50 0.000000
165 -45 0.000000
165 -40 0.000000
165 -35 0.000000
165 -30 0.000000
165 -25 0.000000
165 -20 0.000000
165 -15 0.000000
165 -10 0.000000
165 -5 0.000000
165 0 0.000000
165 5 0.000000
165 10 0.000000
165 15 0.000000
165 20 0.000000
165 25 0.000000
165 30 0.000000
165 35 0.000000
165 40 0.000000
165 45 0.000000
165 50 0.000000
165 55 0.000000
165 60 0.000000
165 65 0.000000
165 70 0.000000
165 75 0.000000
165 80 0.000000
165 85 0.000000
165 90 0.000000
165 95 0.000000
165 100 0.000000
165 105 0.000000
165 110 0.000000
165 115 0.000000
165 120 0.000000
165 125 0.000000
165 130 0.000000
165 135 0.000000
165 140 0.000000
165 145 0.000000
165 150 0.000000
165 155 0.000000
165 160 0.000000
165 165 0.000000
165 170 0.000000
165 175 0.000000
170 -180 0.000000
170 -175 0.000000
170 -170 0.000000
170 -165 0.000000
170 -160 0.000000
170 -155 0.000000
170 -150 0.000000
170 -145 0.000000
170 -140 0.000000
170 -135 0.000000
170 -130 0.000000
170 -125 0.000000
170 -120 0.000000
170 -115 0.000000
170 -110 0.000000
170 -105 0.000000
170 -100 0.000000
170 -95 0.000000
170 -90 0.000000
170 -85 0.000000
170 -80 0.000000
170 -75 0.000000
170 -70 0.000000
170 -65 0.000000
170 -60 0.000000
170 -55 0.000000
170 -50 0.000000
170 -45 0.000000
170 -40 0.000000
170 -35 0.000000
170 -30 0.000000
170 -25 0.000000
170 -20 0.000000
170 -15 0.000000
170 -10 0.000000
170 -5 0.000000
170 0 0.000000
170 5 0.000000
170 10 0.000000
170 15 0.000000
170 20 0.000000
170 25 0.000000
170 30 0.000000
170 35 0.000000
170 40 0.000000
170 45 0.000000
170 50 0.000000
170 55 0.000000
170 60 0.000000
170 65 0.000000
170 70 0.000000
170 75 0.000000
170 80 0.000000
170 85 0.000000
170 90 0.000000
170 95 0.000143
170 100 0.000597
170 105 0.001250
170 110 0.002071
170 115 0.002713
170 120 0.002809
170 125 0.002297
170 130 0.001482
170 135 0.000752
170 140 0.000254
170 145 0.000000
170 150 0.000000
170 155 0.000000
170 160 0.000000
170 165 0.000000
170 170 0.000000
170 175 0.000000
175 -180 0.000027
175 -175 0.000000
175 -170 0.000000
175 -165 0.000000
175 -160 0.000000
175 -155 0.000000
175 -150 0.000000
175 -145 0.000000
175 -140 0.000000
175 -135 0.000000
175 -130 0.000000
175 -125 0.000000
175 -120 0.000000
175 -115 0.000000
175 -110 0.000000
175 -105 0.000000
175 -100 0.000000
175 -95 0.000000
175 -90 0.000000
175 -85 0.000000
175 -80 0.000000
175 -75 0.000000
175 -70 0.000000
175 -65 0.000000
175 -60 0.000000
175 -55 0.000000
175 -50 0.000000
175 -45 0.000000
175 -40 0.000000
175 -35 0.000000
175 -30 0.000000
175 -25 0.000000
175 -20 0.000000
175 -15 0.000000
175 -10 0.000000
175 -5 0.000000
175 0 0.000000
175 5 0.000000
175 10 0.000000
175 15 0.000000
175 20 0.000000
175 25 0.000000
175 30 0.000000
175 35 0.000000
175 40 0.000000
175 45 0.000000
175 50 0.000000
175 55 0.000000
175 60 0.000000
175 65 0.000000
175 70 0.000000
175 75 0.000000
175 80 0.000000
175 85 0.000000
175 90 0.000000
175 95 0.000475
175 100 0.001983
175 105 0.004212
175 110 0.007023
175 115 0.009283
175 120 0.010282
175 125 0.010094
175 130 0.010031
175 135 0.011023
175 140 0.012594
175 145 0.013353
175 150 0.012469
175 155 0.009608
175 160 0.006093
175 165 0.003003
175 170 0.001102
175 175 0.000229
